0.40210526315789474 15.226130653266333
0.48052631578947363 9.592964824120601
0.5589473684210526 8.733668341708542
0.6373684210526316 8.256281407035175
0.7157894736842104 7.969849246231155
0.7942105263157895 7.778894472361808
0.8726315789473684 7.492462311557788
0.9510526315789474 7.396984924623115
1.0294736842105263 7.301507537688442
1.1078947368421053 7.206030150753769
1.1863157894736842 7.110552763819094
1.2647368421052632 7.015075376884421
1.343157894736842 6.9195979899497475
1.4215789473684208 6.9195979899497475
1.5 6.824120603015075
