0.40210526315789474 13.316582914572864
0.48052631578947363 9.115577889447236
0.5589473684210526 8.351758793969848
0.6373684210526316 7.969849246231155
0.7157894736842104 7.683417085427135
0.7942105263157895 7.492462311557788
0.8726315789473684 7.396984924623115
0.9510526315789474 7.206030150753769
1.0294736842105263 7.110552763819094
1.1078947368421053 7.015075376884421
1.1863157894736842 6.9195979899497475
1.2647368421052632 6.9195979899497475
1.343157894736842 6.824120603015075
1.4215789473684208 6.824120603015075
1.5 6.7286432160804015
