Initial conditions: Te0=24.0, Ti0=16.0, rho0=1000.0, Rh0=15.0
t (ps), Te (keV), Ti (keV), rho (g/cm^3), Rh (um)
0.0, 24.0, 16.0, 1000.0, 15.0
0.05005005005005005, 24.24418214888089, 17.24939518913634, 989.281546065999, 15.053986411091318
0.1001001001001001, 24.70763139635027, 18.547867482730336, 978.565959073527, 15.108743566875845
0.15015015015015015, 25.371836847420642, 19.91264673896283, 967.8311136888663, 15.164406619075802
0.2002002002002002, 26.21730006183129, 21.36036403260198, 957.0589300569695, 15.221096927061037
0.2502502502502503, 27.223937889539513, 22.90578750769116, 946.2353514275297, 15.278921085735774
0.3003003003003003, 28.37105257591176, 24.560718902187652, 935.3503356327776, 15.337969802555426
0.3503503503503504, 29.63714565352803, 26.333086528775226, 924.3978568458341, 15.398316615388689
0.4004004004004004, 30.999824716864783, 28.2262884302931, 913.3758841164314, 15.460016611788063
0.45045045045045046, 32.43595823330259, 30.23886585356779, 902.2862903165598, 15.523105409125547
0.5005005005005005, 33.922122556498465, 32.364577887655216, 891.1346490819819, 15.587598671098858
0.5505505505505506, 35.43528011905628, 34.59289312480875, 879.9298968375703, 15.653492364103794
0.6006006006006006, 36.95356546364177, 36.909843568724455, 868.6838611596091, 15.720763841347345
0.6506506506506506, 38.45703226590293, 39.29911093649864, 857.4106836572515, 15.789373695249456
0.7007007007007008, 39.92824145878535, 41.743182552783416, 846.1261829581512, 15.859268202181426
0.7507507507507507, 41.35262596935945, 44.22442688089098, 834.8472088106103, 15.930382119214748
0.8008008008008008, 42.71861879618967, 46.72597757654687, 823.5910347259364, 16.002641580102352
0.8508508508508509, 44.01757724233789, 49.232374825338674, 812.3748239859809, 16.075966875580676
0.9009009009009009, 45.243557541382174, 51.72996277927741, 801.2151892698116, 16.150274963804055
0.950950950950951, 46.392998249769924, 54.20707576303224, 790.127852747506, 16.225481621544194
1.001001001001001, 47.4643640071973, 56.6540644026664, 779.1274023238423, 16.301503206879268
1.0510510510510511, 48.45778894877937, 59.06321409920849, 768.2271337928322, 16.378258042221493
1.1011011011011012, 49.374748366069745, 61.42860745514601, 757.4389644023269, 16.45566745789256
1.1511511511511512, 50.21778417424139, 63.74598559669243, 746.7734021101702, 16.533656553671687
1.2012012012012012, 50.99032788576488, 66.01270001829984, 736.2395527001921, 16.612154762797758
1.2512512512512513, 51.69615145639415, 68.22700852732575, 725.8451648272096, 16.69109618117268
1.3013013013013013, 52.33872559112916, 70.38706498074619, 715.5967588420285, 16.770419263146387
1.3513513513513515, 52.9214007224683, 72.49117583257437, 705.4997622937099, 16.850066406681062
1.4014014014014016, 53.44749449302785, 74.53794707687129, 695.5586158131662, 16.929983708046773
1.4514514514514514, 53.92030816455934, 76.52632963790425, 685.7768646734299, 17.010120782456315
1.5015015015015014, 54.34311809434471, 78.45562520990477, 676.1572419714138, 17.09043061006641
1.5515515515515517, 54.719157344287225, 80.32547224979851, 666.7017457130128, 17.17086939143263
1.6016016016016017, 55.05159407849355, 82.13582144972834, 657.4117111394442, 17.251396405312555
1.6516516516516517, 55.34351025691976, 83.88690479120658, 648.2878779986418, 17.331973865979343
1.7017017017017018, 55.59788296883883, 85.57920314520678, 639.3304538297706, 17.412566778514126
1.751751751751752, 55.81756892110275, 87.21341350349631, 630.5391728927386, 17.493142793328623
1.8018018018018018, 56.00529244906126, 88.79041730381454, 621.9133508827188, 17.57367206065407
1.851851851851852, 56.16363703478897, 90.31125066866156, 613.4519354886742, 17.654127086159374
1.901901901901902, 56.295040032903685, 91.77707699500372, 605.1535529088102, 17.734482588938288
1.951951951951952, 56.40178972420438, 93.18916167536196, 597.0165511685018, 17.81471536235618
2.002002002002002, 56.48602695446628, 94.54885081841917, 589.0390371274749, 17.894804140238385
2.052052052052052, 56.54974530021343, 95.85755060990705, 581.21891371773, 17.97472946746436
2.1021021021021022, 56.59479565866315, 97.11671046298774, 573.553910900222, 18.05447357602942
2.1521521521521523, 56.62289105307914, 98.32780794889378, 566.0416146278468, 18.13402026697148
2.2022022022022023, 56.63561260882025, 99.49233588825166, 558.6794925279992, 18.2133547987211
2.2522522522522523, 56.63441599563583, 100.61179138922824, 551.4649169283095, 18.292463781694956
2.3023023023023024, 56.620638402460024, 101.68766655706213, 544.3951853541204, 18.3713350790704
2.3523523523523524, 56.59550572347638, 102.7214406251155, 537.4675387987659, 18.44995771356635
2.4024024024024024, 56.56013975979964, 103.71457350382161, 530.6791778171026, 18.528321780401285
2.452452452452453, 56.5155657667645, 104.66850082005506, 524.0272763273065, 18.60641836615632
2.5025025025025025, 56.462718698874646, 105.58462899916115, 517.5089947986335, 18.68423947285876
2.552552552552553, 56.4024506840764, 106.46433254479413, 511.12149036857596, 18.761777947930472
2.6026026026026026, 56.33553708573765, 107.3089509049621, 504.86192690762783, 18.839027418199606
2.6526526526526526, 56.26268293543297, 108.11978689134715, 498.7274827747054, 18.915982229761
2.702702702702703, 56.18452855529151, 108.89810500801775, 492.71535819696686, 18.99263739139876
2.7527527527527527, 56.10165509899423, 109.64513068597446, 486.822781151683, 19.06898852273488
2.802802802802803, 56.01458954392159, 110.3620497158244, 481.0470125616548, 19.14503180615652
2.852852852852853, 55.923809483380076, 111.0500080212831, 475.38535071239227, 19.22076394199767
2.9029029029029028, 55.82974746955444, 111.71011183585084, 469.83513475426935, 19.296182107807308
2.9529529529529532, 55.73279505286194, 112.34342791614942, 464.39374790722434, 19.37128391979575
3.003003003003003, 55.633306466512266, 112.95098419063241, 459.0586196946257, 19.44606739835371
3.0530530530530533, 55.53160209001215, 113.5337702413616, 453.8272282286574, 19.520530934646427
3.1031031031031033, 55.42797144328749, 114.09273846872834, 448.6971011054452, 19.59467326262562
3.1531531531531534, 55.32267620201783, 114.62880455875683, 443.6658172907322, 19.668493429091892
3.2032032032032034, 55.215952693553916, 115.1428486478717, 438.7310075648801, 19.741990769433148
3.2532532532532534, 55.10801428947058, 115.63571637732227, 433.8903550242275, 19.81516488404795
3.3033033033033035, 54.99905362056613, 116.10821982679464, 429.1415955863924, 19.888015615848985
3.3533533533533535, 54.889244400025675, 116.5611388010222, 424.48251764038366, 19.960543031634526
3.4034034034034035, 54.77874341702321, 116.99522166925708, 419.91096245474677, 20.03274740153366
3.4534534534534536, 54.66769190960744, 117.41118672414514, 415.42482331756133, 20.104629184072028
3.503503503503504, 54.556217272056436, 117.80972307431652, 411.02204558133707, 20.176189008373328
3.5535535535535536, 54.44443418615704, 118.19149187750988, 406.70062573786015, 20.247427661155676
3.6036036036036037, 54.33244596189747, 118.55712732812975, 402.45861100381745, 20.318346072126563
3.6536536536536537, 54.22034555229154, 118.90723774651111, 398.2940984606693, 20.38894530210129
3.703703703703704, 54.10821655188897, 119.24240660944179, 394.2052342489101, 20.459226531416174
3.753753753753754, 53.99613413994513, 119.56319352327505, 390.1902127832954, 20.529191048888254
3.803803803803804, 53.8841657975288, 119.87013524099078, 386.2472757005395, 20.598840242656156
3.853853853853854, 53.77237216367009, 120.16374656098196, 382.3747110869587, 20.668175590109204
3.903903903903904, 53.66080749176602, 120.44452130381994, 378.57085222099306, 20.737198651045205
3.9539539539539543, 53.549520464840384, 120.71293313640994, 374.83407685420354, 20.805911058227135
4.004004004004004, 53.43855465930021, 120.96943643870952, 371.16280610105764, 20.874314510782177
4.054054054054054, 53.3279489420839, 121.2144671463251, 367.5555032992495, 20.942410768242116
4.104104104104104, 53.21773807951672, 121.44844351803329, 364.0106731820422, 21.010201643044784
4.1541541541541545, 53.10795296398626, 121.67176690791656, 360.5268606545213, 21.077688996229483
4.2042042042042045, 52.9986210746513, 121.88482248985312, 357.1026498782613, 21.14487473135321
4.2542542542542545, 52.88976680797372, 122.08797995404227, 353.7366632626046, 21.211760789581028
4.3043043043043046, 52.78141168124543, 122.28159417622423, 350.42756036374635, 21.27834914592958
4.354354354354355, 52.673574730299656, 122.46600586435933, 347.174037005023, 21.34464180407664
4.404404404404405, 52.566272650305194, 122.6415421613839, 343.9748242090011, 21.410640793340136
4.454454454454455, 52.45952004121247, 122.80851724005493, 340.8286872564433, 21.47634816485313
4.504504504504505, 52.35332963727644, 122.96723287320664, 337.7344247683154, 21.541765987956836
4.554554554554555, 52.24771241678528, 123.11797895037834, 334.69086771720987, 21.606896347824136
4.604604604604605, 52.142677839566076, 123.26103401248687, 331.69687856725875, 21.671741341973007
4.654654654654655, 52.03823394817985, 123.3966657271789, 328.75135035410153, 21.73630307808236
4.704704704704705, 51.9343874989204, 123.52513135761173, 325.8532058106105, 21.800583671607104
4.754754754754755, 51.83114412168377, 123.64667822648315, 323.00139653664246, 21.86458524318732
4.804804804804805, 51.7285083776684, 123.7615441174524, 320.19490214224084, 21.92830991712563
4.854854854854855, 51.626483895574616, 123.86995770564701, 317.4327294530201, 21.99175981910447
4.904904904904906, 51.52507344725591, 123.97213893772621, 314.71391171645865, 22.05493707460307
4.954954954954955, 51.42427901824616, 124.06829939689165, 312.0375078277186, 22.117843807418563
5.005005005005005, 51.324101910082724, 124.15864267260461, 309.4026015935665, 22.180482137914627
5.055055055055055, 51.22454278085934, 124.24336468658795, 306.8083009890672, 22.24285418192939
5.105105105105106, 51.12560172417372, 124.3226540257997, 304.2537374647841, 22.304962049338013
5.155155155155156, 51.0272783149497, 124.39669224482391, 301.7380652525761, 22.366807843020634
5.205205205205205, 50.929571636846276, 124.46565414365533, 299.2604606863309, 22.428393658083117
5.255255255255255, 50.83248036220767, 124.52970805863177, 296.82012159930224, 22.489721580563454
5.305305305305305, 50.73600280298298, 124.58901615223519, 294.4162666668421, 22.550793686398734
5.355355355355356, 50.64013693166219, 124.64373471073058, 292.04813467469717, 22.611612040626586
5.405405405405406, 50.5448804030333, 124.6940142953416, 289.7149841022689, 22.67217869709202
5.455455455455455, 50.45023057373904, 124.73999992932946, 287.41609262482046, 22.73249569804781
5.505505505505505, 50.35618459135322, 124.78183154391343, 285.1507561955446, 22.79256507224186
5.555555555555555, 50.26273937530822, 124.81964403579072, 282.9182887541907, 22.852388835304453
5.605605605605606, 50.169891600674234, 124.85356734081876, 280.71802190795273, 22.91196899005248
5.655655655655656, 50.0776378056461, 124.88372692467874, 278.54930394737505, 22.971307524265995
5.705705705705706, 49.98597437372067, 124.91024382733431, 276.4114995830128, 23.0304064111191
5.7557557557557555, 49.89489751685154, 124.93323468209287, 274.30398973363754, 23.0892676097038
5.8058058058058055, 49.80440335319324, 124.95281216069408, 272.2261705937819, 23.1478930631989
5.855855855855856, 49.714487899169306, 124.96908503555552, 270.1774533573981, 23.206284699138347
5.9059059059059065, 49.625147044234694, 124.98215817217563, 268.1572640788385, 23.264444430028856
5.9559559559559565, 49.53637661746384, 124.99213291302947, 266.1650428185733, 23.322374151905485
6.006006006006006, 49.44817238276457, 124.99910714778179, 264.20024336798014, 23.380075744517303
6.056056056056057, 49.360530015018824, 125.00317527062184, 262.26233319859523, 23.43755107203767
6.106106106106107, 49.273445159022934, 125.00442857592735, 260.35079256098413, 23.494801981655584
6.156156156156157, 49.186913433038136, 125.00295535944696, 258.46511415549855, 23.551830303588336
6.206206206206207, 49.10093041066804, 124.99884089172382, 256.604803064292, 23.608637851661317
6.256256256256257, 49.01549160214896, 124.99216738701503, 254.7693766935338, 23.665226423904063
6.306306306306307, 48.93059252435919, 124.98301448178407, 252.95836368626632, 23.72159780083655
6.356356356356357, 48.84622868710345, 124.97145923168102, 251.17130380832023, 23.777753745936884
6.406406406406407, 48.76239557376816, 124.95757602154517, 249.40774804367257, 23.833696006400537
6.456456456456457, 48.679088657559745, 124.94143674842827, 247.6672580959041, 23.88942631279105
6.506506506506507, 48.59630342485478, 124.92311105935677, 245.94940577050357, 23.944946378468753
6.556556556556557, 48.514035370813254, 124.90266637317384, 244.25377282937967, 24.000257899886805
6.606606606606607, 48.43227998017622, 124.8801677627879, 242.57995117240745, 24.055362557365026
6.656656656656657, 48.351032754356275, 124.8556782433782, 240.92754209029513, 24.11026201438888
6.706706706706707, 48.27028921678099, 124.82925886989277, 239.29615595371985, 24.16495791760129
6.756756756756757, 48.19004490801838, 124.80096875044269, 237.6854121023345, 24.21945189708447
6.806806806806807, 48.11029536957836, 124.77086497371019, 236.09493894858176, 24.273745566916425
6.856856856856857, 48.031036173383235, 124.73900289627296, 234.52437320301442, 24.327840524534693
6.906906906906907, 47.95226291805892, 124.70543616844479, 232.97335973785292, 24.38173835096666
6.956956956956957, 47.87397122465597, 124.67021671819285, 231.44155156179016, 24.43544061115414
7.007007007007008, 47.796156735128854, 124.63339476619257, 229.92860971655563, 24.488948854185992
7.057057057057057, 47.71881512539893, 124.59501904184066, 228.43420266247153, 24.54226461296738
7.107107107107107, 47.64194210324867, 124.55513679026745, 226.958006195886, 24.595389404473817
7.157157157157157, 47.56553340040669, 124.5137937002539, 225.49970358686946, 24.648324730176796
7.207207207207207, 47.489584780634125, 124.4710340511259, 224.05898512965862, 24.701072075935315
7.257257257257258, 47.41409204575428, 124.42690083150553, 222.6355477685817, 24.753632911956014
7.307307307307307, 47.33905103440631, 124.38143575848795, 221.22909499104836, 24.806008692996116
7.357357357357358, 47.264457617327615, 124.33467925939478, 219.83933682858859, 24.858200858630546
7.407407407407408, 47.19030768543079, 124.28667036598397, 218.46599010111933, 24.910210833702685
7.457457457457458, 47.11659717369527, 124.23744704377707, 217.10877745229436, 24.962040027862166
7.507507507507508, 47.04332205436118, 124.18704614843682, 215.7674274210459, 25.013689835885184
7.557557557557558, 46.97047833692988, 124.13550346074817, 214.4416742960281, 25.065161637825806
7.607607607607608, 46.89806206259399, 124.08285357293461, 213.1312584086557, 25.116456799397366
7.657657657657658, 46.8260693101659, 124.0291300648352, 211.83592557342882, 25.16757667189734
7.707707707707708, 46.754496197789365, 123.97436557377902, 210.55542684097892, 25.218522592299646
7.757757757757758, 46.683338882126485, 123.91859180081538, 209.2895184383446, 25.26929588344718
7.807807807807808, 46.61259355646401, 123.86183948695718, 208.03796180546817, 25.31989785425462
7.857857857857859, 46.542256448464194, 123.80413838007003, 206.80052366034045, 25.370329799920686
7.907907907907909, 46.47232382671293, 123.74551743312544, 205.57697535558904, 25.420593001905097
7.957957957957959, 46.40279199867946, 123.68600477658408, 204.36709292679714, 25.47068872813528
8.008008008008009, 46.33365731028059, 123.62562774196716, 203.1706569859709, 25.520618233156604
8.058058058058059, 46.26491613786782, 123.56441278011035, 201.98745295753898, 25.570382758343673
8.108108108108109, 46.19656489644594, 123.50238560690894, 200.81727057522258, 25.61998353197797
8.158158158158159, 46.128600039480894, 123.4395712311832, 199.65990376190402, 25.669421769394727
8.208208208208209, 46.06101805750195, 123.37599396564559, 198.51515056439519, 25.718698673139784
8.258258258258259, 45.99381547757216, 123.31167739633038, 197.38281322881565, 25.767815433112148
8.308308308308309, 45.92698886316083, 123.24664440070933, 196.26269811325724, 25.816773226708982
8.358358358358359, 45.86053481464525, 123.18091724202833, 195.15461534571406, 25.865573218974237
8.408408408408409, 45.794449969096135, 123.1145175768847, 194.05837877196754, 25.91421656274314
8.458458458458459, 45.72873099985139, 123.04746645830102, 192.97380592053713, 25.962704398779696
8.508508508508509, 45.663374614610966, 122.97978428087835, 191.90071817276348, 26.01103785587312
8.558558558558559, 45.59837755747853, 122.91149089921143, 190.8389403247767, 26.059218051039007
8.608608608608609, 45.53373660836129, 122.84260562921743, 189.78830056012205, 26.10724608965072
8.65865865865866, 45.469448582512825, 122.77314725509636, 188.7486304024503, 26.155123065574685
8.70870870870871, 45.40551033028884, 122.70313404501192, 187.7197646374344, 26.20285006131154
8.75875875875876, 45.341918734392785, 122.63258375622995, 186.70154128547722, 26.250428148080207
8.80880880880881, 45.278670708847066, 122.5615136450523, 185.6938015476273, 26.29785838594139
8.85885885885886, 45.21576320223333, 122.4899404907562, 184.69638967811971, 26.345141824018384
8.90890890890891, 45.153193195272735, 122.4178805975855, 183.70915296539653, 26.392279500589094
8.95895895895896, 45.09095770016515, 122.34534980165814, 182.73194168572678, 26.439272443218222
9.00900900900901, 45.02905376097812, 122.27236349038559, 181.76460901574308, 26.486121668886433
9.05905905905906, 44.96747846364557, 122.19893674547724, 180.80701053698803, 26.532828184098534
9.10910910910911, 44.90622892423612, 122.12508420304749, 179.85900467532775, 26.57939298503601
9.15915915915916, 44.845302289857486, 122.05082007655798, 178.92045260270706, 26.625817057682244
9.20920920920921, 44.784695740301096, 121.97615818830691, 177.99121811095387, 26.672101377945257
9.259259259259261, 44.72440648798899, 121.90111197784495, 177.07116756209476, 26.71824691178303
9.30930930930931, 44.66443177538544, 121.82569453770067, 176.1601697506233, 26.764254615294746
9.35935935935936, 44.60476887295123, 121.74991864252428, 175.25809578740927, 26.810125434817888
9.40940940940941, 44.54541508428658, 121.67379669847675, 174.36481924207376, 26.855860307117055
9.45945945945946, 44.48636774344596, 121.59734077820347, 173.48021600870993, 26.9014601594703
9.50950950950951, 44.42762421455056, 121.52056262990392, 172.6041642557813, 26.946925909783918
9.55955955955956, 44.36918189098884, 121.44347368687218, 171.73654437544283, 26.99225846670809
9.60960960960961, 44.31103818833733, 121.36608509667685, 170.87723887819322, 27.037458729774457
9.65965965965966, 44.253190549985696, 121.28840770901367, 170.02613240427337, 27.082527589485068
9.70970970970971, 44.19563644657711, 121.21045208289284, 169.1831116812539, 27.1274659274229
9.759759759759762, 44.13837337376096, 121.13222849871866, 168.34806546841773, 27.17227461636728
9.809809809809812, 44.08139885125012, 121.05374696565217, 167.52088451495578, 27.216954520402997
9.85985985985986, 44.024710430082216, 120.97501723154554, 166.70146150205474, 27.26150649501472
9.90990990990991, 43.968305703252724, 120.89604879372534, 165.8896909792428, 27.305931387174457
9.95995995995996, 43.912182282220556, 120.81685089724901, 165.08546937543153, 27.350230035483914
10.01001001001001, 43.856337806397285, 120.73743254457173, 164.28869494069636, 27.39440327026127
10.06006006006006, 43.80076994390086, 120.65780250174345, 163.49926770828552, 27.438451913641046
10.11011011011011, 43.74547639205694, 120.57796931219802, 162.7170894229659, 27.482376779713135
10.16016016016016, 43.690454859776835, 120.4979412801993, 161.94206363542614, 27.526178674453526
10.210210210210212, 43.635703085249986, 120.4177265307149, 161.17409539651743, 27.569858396145833
10.260260260260262, 43.58121883334674, 120.33733295627653, 160.41309148729457, 27.613416735181957
10.310310310310312, 43.5269998932519, 120.25676824623908, 159.6589602839047, 27.656854474267593
10.360360360360362, 43.47304407790763, 120.17603989126277, 158.91161172898606, 27.70017238851215
10.41041041041041, 43.41934922316489, 120.09515519026485, 158.17095729463784, 27.74337124552128
10.46046046046046, 43.36591318650451, 120.01412126101809, 157.43690993294186, 27.786451805493172
10.51051051051051, 43.312733847480025, 119.93294503615915, 156.70938407628458, 27.82941482129966
10.56056056056056, 43.2598091067759, 119.8516332709301, 155.98829559762973, 27.872261038579573
10.61061061061061, 43.207136888618635, 119.77019254730497, 155.27356178046827, 27.914991195821244
10.66066066066066, 43.15471514924533, 119.68862927566323, 154.56510129188973, 27.95760602442864
10.710710710710712, 43.10254186443884, 119.60694970401943, 153.86283414810455, 28.000106248843498
10.760760760760762, 43.05061503319589, 119.52515992142969, 153.16668168578462, 28.04249258662432
10.810810810810812, 42.99893267614906, 119.443265862038, 152.47656653910335, 28.084765748522326
10.860860860860862, 42.94749282812959, 119.36127330805226, 151.79241263395673, 28.126926438529782
10.91091091091091, 42.896293547440905, 119.27918789660737, 151.11414512813388, 28.1689753540185
10.96096096096096, 42.8453329127963, 119.19701512375892, 150.44169039138706, 28.21091318581175
11.01101101101101, 42.79460902309751, 119.11476034685569, 149.77497598819053, 28.252740618250346
11.06106106106106, 42.74412000001275, 119.03242878024851, 149.11393068951625, 28.29445832920592
11.11111111111111, 42.69386398393879, 118.9500255102896, 148.45848439759658, 28.336066990251872
11.161161161161163, 42.643839134633374, 118.86755549671442, 147.80856813211133, 28.377567266723005
11.211211211211213, 42.59404363144033, 118.78502357450539, 147.1641140148721, 28.418959817777512
11.261261261261263, 42.54447567436616, 118.70243445045924, 146.52505528107733, 28.46024529640935
11.311311311311313, 42.49513348231423, 118.61979271547065, 145.89132621260268, 28.501424349605777
11.361361361361363, 42.44601529323215, 118.53710284623692, 145.26286212377033, 28.542497618407197
11.411411411411413, 42.39711936376491, 118.45436920718913, 144.63959934687747, 28.58346573796725
11.461461461461461, 42.348443967432594, 118.37159604825125, 144.02147524275793, 28.624329337565534
11.511511511511511, 42.299987396171424, 118.28878751447066, 143.40842814173484, 28.665089040751884
11.561561561561561, 42.25174795972529, 118.20594764806202, 142.80039732905914, 28.705745465406554
11.611611611611611, 42.20372398535919, 118.12308039017815, 142.1973230313626, 28.74629922379759
11.661661661661663, 42.155913818686166, 118.0401895781054, 141.599146426412, 28.78675092258868
11.711711711711713, 42.10831582227048, 117.95727895441739, 141.00580959096257, 28.82710116297674
11.761761761761763, 42.060928375571905, 117.87435216891652, 140.41725548594331, 28.867350540751296
11.811811811811813, 42.01374987486741, 117.79141278019459, 139.8334279438625, 28.907499646348917
11.861861861861863, 41.96677873318011, 117.70846425342114, 139.25427167757144, 28.94754906486111
11.911911911911913, 41.92001337992245, 117.62550996789555, 138.67973223444852, 28.98749937616057
11.961961961961963, 41.87345226070071, 117.54255321908904, 138.10975598138512, 29.027351154960627
12.012012012012011, 41.82709383710816, 117.45959721989823, 137.5442900943229, 29.06710497086448
12.062062062062061, 41.78093658643134, 117.37664509978103, 136.9832825602507, 29.10676138838583
12.112112112112113, 41.734979001490245, 117.29369990924435, 136.42668214807043, 29.14632096704007
12.162162162162163, 41.6892195904621, 117.21076462367505, 135.87443838328332, 29.18578426142683
12.212212212212213, 41.64365687670649, 117.12784214363043, 135.32650154321738, 29.225151821265555
12.262262262262263, 41.598289399350584, 117.04493529067298, 134.78282267765798, 29.264424191369255
12.312312312312313, 41.55311571209219, 116.96204681759009, 134.24335354706977, 29.30360191181539
12.362362362362363, 41.508134383109656, 116.87917940955283, 133.7080466127362, 29.34268551799263
12.412412412412413, 41.46334399503201, 116.79633568470659, 133.17685503015917, 29.381675540639918
12.462462462462463, 41.41874314474577, 116.71351819601003, 132.64973263531414, 29.420572505902598
12.512512512512513, 41.374330443201586, 116.63072943299602, 132.12663393135597, 29.45937693538757
12.562562562562562, 41.330104515220796, 116.54797182345526, 131.60751407577462, 29.498089346217373
12.612612612612613, 41.28606399942907, 116.46524772941848, 131.09232890209438, 29.536710250987802
12.662662662662663, 41.242207548102286, 116.38255944693687, 130.581034918527, 29.575240157790283
12.712712712712714, 41.19853382672796, 116.29990921835984, 130.0735892308411, 29.613679570446653
12.762762762762764, 41.1550415139429, 116.21729922789345, 129.56994956657059, 29.652028988460472
12.812812812812814, 41.11172930134796, 116.13473160251003, 129.07007426676122, 29.690288907059397
12.862862862862864, 41.06859589332186, 116.05220841282025, 128.57392227792542, 29.72845981723724
12.912912912912914, 41.025640006835296, 115.96973167384871, 128.08145314456166, 29.766542205794682
12.962962962962964, 40.9828603714269, 115.88730334796175, 127.59262698978569, 29.804536555406315
13.013013013013014, 40.94025573043776, 115.80492536520813, 127.10740439956793, 29.84244334490217
13.063063063063064, 40.89782483899051, 115.72259959825433, 126.62574655843702, 29.880263048989445
13.113113113113114, 40.855566464127946, 115.64032786727209, 126.14761521935033, 29.917996138343277
13.163163163163164, 40.81347938493657, 115.55811194451563, 125.67297267531418, 29.955643079693452
13.213213213213214, 40.77156239241168, 115.47595355520097, 125.2017817515115, 29.99320433586544
13.263263263263264, 40.72981428932554, 115.39385437832705, 124.73400579778216, 30.030680365820533
13.313313313313314, 40.68823389009861, 115.31181604743864, 124.26960868145679, 30.06807162469508
13.363363363363364, 40.64682002166014, 115.22984015808693, 123.80855473987724, 30.105378563906797
13.413413413413414, 40.6055715234209, 115.14792826912937, 123.35080877000391, 30.14260163119879
13.463463463463464, 40.564487245548776, 115.06608189232391, 122.89633608848185, 30.179741270565717
13.513513513513514, 40.52356604976296, 114.98430249909738, 122.44510248833502, 30.216797922352225
13.563563563563564, 40.48280680927732, 114.90259152140597, 121.99707423122591, 30.253772023291706
13.613613613613614, 40.44220840874589, 114.82095035253079, 121.55221804010543, 30.290664006544127
13.663663663663664, 40.401769744214434, 114.73938034783627, 121.11050109209084, 30.327474301733183
13.713713713713714, 40.361489722101034, 114.65788282631071, 120.67189100871971, 30.36420333499045
13.763763763763764, 40.32136725204314, 114.57645907721907, 120.23635582851331, 30.400851529046953
13.813813813813814, 40.281401256548, 114.49511035262877, 119.80386402879164, 30.437419303192463
13.863863863863864, 40.24159066887368, 114.41383786977539, 119.37438451334927, 30.473907073326394
13.913913913913914, 40.201934431594246, 114.3326428128221, 118.9478866023378, 30.510315252002695
13.963963963963964, 40.16243149633776, 114.25152633360301, 118.52434002578148, 30.546644248464954
14.014014014014016, 40.123080823516396, 114.17048955234064, 118.10371491728013, 30.582894468680948
14.064064064064066, 40.08388138204871, 114.08953355833783, 117.68598180789927, 30.61906631537657
14.114114114114114, 40.044832155000044, 114.00865941096859, 117.27111160955052, 30.655160188085627
14.164164164164164, 40.00593213871028, 113.92786814028666, 116.85907561030096, 30.69117648318103
14.214214214214214, 39.96718033447982, 113.84716074720076, 116.4498454832887, 30.727115593885078
14.264264264264265, 39.92857575309899, 113.76653820432858, 116.04339327262761, 30.76297791031446
14.314314314314315, 39.89011741482836, 113.68600145657598, 115.63969138769725, 30.798763819512317
14.364364364364365, 39.85180434938362, 113.60555142169139, 115.23871259759703, 30.834473705479617
14.414414414414415, 39.813635595929405, 113.52518899079496, 114.84043002575758, 30.87010794920617
14.464464464464465, 39.77561020198338, 113.44491503251126, 114.44481712117913, 30.905666928780562
14.514514514514516, 39.73772722463374, 113.36473038117425, 114.0518477404054, 30.94115101909761
14.564564564564566, 39.69998572767948, 113.28463585987282, 113.66149598435831, 30.976560592467212
14.614614614614615, 39.662384785788355, 113.20463226036898, 113.27373633277728, 31.01189601814927
14.664664664664665, 39.62492348251366, 113.12472035102098, 112.88854359010277, 31.04715766255231
14.714714714714717, 39.58760091028323, 113.04490087716553, 112.50589288118859, 31.08234588926013
14.764764764764765, 39.550416170388274, 112.96517456149996, 112.12575964701404, 31.1174610590585
14.814814814814817, 39.51336837297213, 112.88554210446458, 111.74811964039591, 31.152503529961823
14.864864864864865, 39.47645663221994, 112.80600418711049, 111.37294891586106, 31.187473657259687
14.914914914914917, 39.43968006625188, 112.7265614715314, 111.00022382524206, 31.222371793543978
14.964964964964965, 39.40303780238086, 112.64721459851704, 110.62992101980086, 31.257198288713646
15.015015015015017, 39.36652897405964, 112.56796418951059, 110.2620174422395, 31.29195349001403
15.065065065065065, 39.33015272151617, 112.48881084679682, 109.89649032239998, 31.326637742062363
15.115115115115117, 39.293908201738546, 112.4097551502374, 109.53331717643769, 31.361251386849805
15.165165165165165, 39.257794578050955, 112.3307976615428, 109.17247579841212, 31.39579476379477
15.215215215215215, 39.221811020682416, 112.25193892448478, 108.81394425596173, 31.430268209768652
15.265265265265267, 39.18595670858287, 112.17317946464838, 108.45770088644247, 31.46467205911836
15.315315315315315, 39.150230827023, 112.09451979050705, 108.10372429377381, 31.49900664368913
15.365365365365367, 39.11463256376801, 112.01596039489274, 107.75199334603477, 31.53327229284501
15.415415415415415, 39.079161116536355, 111.93750175334002, 107.40248716712435, 31.567469333507283
15.465465465465467, 39.04381569006053, 111.85914432531044, 107.0551851338908, 31.601598090176402
15.515515515515515, 39.00859549580811, 111.78088855466203, 106.71006687200729, 31.63565888495746
15.565565565565567, 38.973499752309195, 111.70273486899359, 106.36711225916206, 31.669652037554563
15.615615615615615, 38.93852768475563, 111.6246836807074, 106.0263014165351, 31.703577865314884
15.665665665665667, 38.90367852467503, 111.54673538789467, 105.68761470148048, 31.737436683267777
15.715715715715717, 38.86895150996284, 111.46889037437705, 105.35103270596451, 31.771228804139263
15.765765765765765, 38.834345885143954, 111.39114900981787, 105.01653625400755, 31.804954538370346
15.815815815815817, 38.799860903089645, 111.31351164874192, 104.68410640457068, 31.838614194110374
15.865865865865866, 38.765495822595945, 111.23597863265879, 104.35372443895882, 31.872208077281346
15.915915915915917, 38.73124990889493, 111.15855028998666, 104.02537185919634, 31.90573649159188
15.965965965965966, 38.69712243379745, 111.08122693625283, 103.6990303850243, 31.939199738557615
16.016016016016017, 38.6631126743478, 111.0040088759436, 103.37468193582251, 31.972598117628802
16.066066066066064, 38.6292199149209, 110.92689639444326, 103.05230871684854, 32.005931925626584
16.116116116116117, 38.59544344389199, 110.84988977431178, 102.73189304330224, 32.03920145788314
16.166166166166168, 38.56178255699839, 110.77298928144975, 102.41341748880528, 32.072407007273725
16.216216216216218, 38.52823655571234, 110.69619517085498, 102.096864823804, 32.10554886462225
16.266266266266268, 38.494804747820154, 110.61950768596171, 101.78221801819885, 32.13862731870022
16.316316316316318, 38.46148644671711, 110.54292705944495, 101.46946023814336, 32.17164265622805
16.366366366366368, 38.42828097142727, 110.46645351319793, 101.1585748461339, 32.204595161875
16.416416416416418, 38.39518764673802, 110.39008725817861, 100.84954540162073, 32.237485118258924
16.466466466466468, 38.36220580320008, 110.31382849440968, 100.54235566100772, 32.270312805946304
16.516516516516518, 38.32933477674993, 110.23767741341105, 100.23698954627538, 32.303078503682826
16.566566566566568, 38.296573908665955, 110.16163419848324, 99.93343114132563, 32.33578248842021
16.616616616616618, 38.2639225462592, 110.08569902025569, 99.6316647494043, 32.36842503489423
16.666666666666668, 38.23138004252921, 110.00987203890476, 99.3316748644916, 32.401006415835006
16.716716716716718, 38.19894575616175, 109.93415340416824, 99.03344617111378, 32.43352690196834
16.766766766766768, 38.16661905115883, 109.85854325689647, 98.73696352604816, 32.46598676214638
16.816816816816818, 38.13439929478213, 109.78304173767405, 98.44221185662383, 32.49838626407388
16.866866866866868, 38.10228586072789, 109.70764897350973, 98.14917631772367, 32.530725673187
16.916916916916918, 38.07027812840539, 109.63236508086142, 97.85784225610003, 32.563005252908155
16.966966966966968, 38.03837548263774, 109.5571901668904, 97.56819519558348, 32.59522526475163
17.017017017017018, 38.00657731365077, 109.48212432949974, 97.2802208366163, 32.62738596832698
17.067067067067065, 37.97488301496118, 109.4071676646295, 96.9939049681675, 32.65948762197984
17.117117117117118, 37.943291984699705, 109.3323202616859, 96.70923352292277, 32.69153048239041
17.167167167167168, 37.9118036271676, 109.25758219816466, 96.42619264220613, 32.723514804101164
17.217217217217218, 37.880417351769104, 109.18295354333871, 96.14476863145208, 32.75544083984079
17.26726726726727, 37.84913257301142, 109.10843435825822, 95.86494796020548, 32.7873088405242
17.31731731731732, 37.81794871090229, 109.03402469452381, 95.58671727725016, 32.81911905513923
17.36736736736737, 37.78686518368002, 108.95972461671987, 95.31006313396905, 32.850871732818085
17.41741741741742, 37.75588142143962, 108.8855341603677, 95.03497250285024, 32.882567118954846
17.46746746746747, 37.724996856425214, 108.81145336188064, 94.76143240809202, 32.91420545797145
17.51751751751752, 37.69421092583055, 108.73748224992245, 94.48943003216742, 32.94578699251973
17.56756756756757, 37.663523071648655, 108.66362084587249, 94.21895270993728, 32.977311963526404
17.61761761761762, 37.63293273835865, 108.58986917099011, 93.94998783662191, 33.00878061090362
17.66766766766767, 37.60243937538988, 108.51622723878123, 93.68252296604683, 33.04019317278936
17.71771771771772, 37.572042437323084, 108.44269505437445, 93.41654581875784, 33.07154988548411
17.76776776776777, 37.541741383080144, 108.36927261703029, 93.15204424985131, 33.102850983699
17.81781781781782, 37.511535675844094, 108.2959599203881, 92.88900624589114, 33.13409670057905
17.86786786786787, 37.481424782979204, 108.2227569527132, 92.62741992182576, 33.16528726772649
17.91791791791792, 37.451408175950924, 108.14966369714386, 92.36727351790499, 33.196422915224076
17.96796796796797, 37.421485330312535, 108.0766801318788, 92.10855539693638, 33.227503871657646
18.01801801801802, 37.39165572763899, 108.003806228619, 91.85125405146637, 33.2585303641188
18.06806806806807, 37.36191885330935, 107.93104195473073, 91.59535808980236, 33.2895026182501
18.11811811811812, 37.332274196047855, 107.85838727383248, 91.34085623099806, 33.3204208582723
18.16816816816817, 37.302721248569846, 107.78584214539116, 91.08773730547027, 33.351285307000175
18.21821821821822, 37.27325950752213, 107.71340652495094, 90.83599025201956, 33.38209618586563
18.26826826826827, 37.24388847342329, 107.64108036436217, 90.58560411485061, 33.41285371494075
18.31831831831832, 37.214607650604066, 107.56886361201016, 90.33656804059292, 33.443558112960936
18.36836836836837, 37.185416547130906, 107.496756212789, 90.08887127855425, 33.47420959732436
18.41841841841842, 37.15631467409696, 107.42475809846471, 89.8425033028518, 33.50480838320177
18.46846846846847, 37.12730154621331, 107.35286919779215, 89.59745368403749, 33.53535468447499
18.518518518518523, 37.098376681922886, 107.28108943938307, 89.35371205265237, 33.56584871400425
18.56856856856857, 37.069539603087684, 107.20941874808736, 89.11126814503741, 33.596290683295145
18.61861861861862, 37.04078983492239, 107.13785704512074, 88.87011180163776, 33.62668080251233
18.66866866866867, 37.0121269059281, 107.06640424819224, 88.63023296530703, 33.6570192804933
18.71871871871872, 36.983550347825975, 106.99506027163197, 88.39162167961136, 33.68730632476203
18.76876876876877, 36.95505969554805, 106.9238250264683, 88.15426808762511, 33.71754214154001
18.81881881881882, 36.92665449009518, 106.8526984179802, 87.91816245539806, 33.74772693562085
18.86886886886887, 36.89833427572302, 106.78168034824475, 87.683295146616, 33.77786091051469
18.91891891891892, 36.870098598841096, 106.71077071717572, 87.44965661200199, 33.807944268511186
18.96896896896897, 36.84194700918275, 106.63996942156251, 87.21723739825866, 33.83797721063438
19.01901901901902, 36.81387905976944, 106.56927635517083, 86.98602814663585, 33.86795993665501
19.069069069069073, 36.78589430687511, 106.4986914088432, 86.75601959149854, 33.89789264510271
19.11911911911912, 36.757992309990435, 106.42821447059977, 86.5272025588947, 33.92777553327831
19.16916916916917, 36.73017263182995, 106.3578454257047, 86.29956796534329, 33.95760879726452
19.21921921921922, 36.702434841332334, 106.28758415435317, 86.07310683205496, 33.987392631828
19.26926926926927, 36.67477851097565, 106.21743053387809, 85.84781026984187, 34.01712723052777
19.31931931931932, 36.64720321538006, 106.14738443993332, 85.62366947066572, 34.046812785776915
19.36936936936937, 36.61970853266676, 106.07744574548556, 85.40067571339546, 34.07644948880422
19.41941941941942, 36.59229404445487, 106.00761432088895, 85.17882036254338, 34.106037529665244
19.46946946946947, 36.56495933585839, 105.93789003395979, 84.95809486700101, 34.13557709725339
19.519519519519523, 36.537703995483184, 105.8682727500512, 84.7384907587753, 34.165068379311016
19.56956956956957, 36.51052759986008, 105.79876235246823, 84.51999936202701, 34.19451156508699
19.619619619619623, 36.48342977797609, 105.72935865156693, 84.30261310632831, 34.22390683338308
19.66966966966967, 36.456410096099404, 105.66006154090235, 84.08632328678138, 34.253254372979036
19.71971971971972, 36.429468153461926, 105.59087087541278, 83.87112178982713, 34.282554366844934
19.76976976976977, 36.40260355161108, 105.52178650846825, 83.65700057409575, 34.31180699690385
19.81981981981982, 36.37581589440972, 105.45280829187074, 83.44395167040655, 34.341012444031904
19.86986986986987, 36.34910478803619, 105.38393607585387, 83.23196718176813, 34.370170888058226
19.91991991991992, 36.3224698409843, 105.3151697090831, 83.02103928337819, 34.39928250776493
19.969969969969974, 36.29591066407897, 105.24650903864722, 82.81116022267027, 34.42834748088689
20.02002002002002, 36.26942687324561, 105.17795390855974, 82.60232232755925, 34.457365984060836
20.070070070070074, 36.243018087560884, 105.10950416081363, 82.39451800063763, 34.48633819286116
20.12012012012012, 36.216683927293595, 105.04115963644156, 82.18773971334251, 34.5152642818359
20.170170170170174, 36.19042401535444, 104.97292017473134, 81.98198001027212, 34.5441444244801
20.22022022022022, 36.16423797729607, 104.90478561322593, 81.77723150918591, 34.57297879323584
20.27027027027027, 36.13812544131303, 104.83675578772336, 81.57348690100446, 34.60176755949222
20.32032032032032, 36.112086039243465, 104.76883053258159, 81.37073893495264, 34.630510893740166
20.37037037037037, 36.086119406312264, 104.70100968064018, 81.1689804223691, 34.65920896553276
20.420420420420424, 36.060225179739454, 104.63329306279716, 80.96820425734703, 34.687861943270136
20.47047047047047, 36.03440299953133, 104.56568050824956, 80.76840340499959, 34.71646999432174
20.520520520520524, 36.00865250848099, 104.49817184449361, 80.56957090145227, 34.74503328502645
20.57057057057057, 35.98297335216834, 104.43076689732474, 80.37169985384304, 34.77355198069253
20.620620620620624, 35.957365177436145, 104.36346549242856, 80.17478341546061, 34.80202624584953
20.67067067067067, 35.931827631800566, 104.29626745599629, 79.9788147761274, 34.83045624434563
20.720720720720724, 35.90636036703607, 104.22917261098209, 79.78378722068447, 34.85884213875527
20.77077077077077, 35.88096303745015, 104.16218077890426, 79.58969410084569, 34.88718409066423
20.82082082082082, 35.855635299851656, 104.0952917798783, 79.39652883468007, 34.91548226067487
20.87087087087087, 35.830376813550764, 104.0285054326169, 79.20428490661196, 34.943736808406136
20.92092092092092, 35.805187239975425, 103.9618215553299, 79.01295584924104, 34.9719478926791
20.970970970970974, 35.780066242180595, 103.8952399668756, 78.82253522007821, 35.000115671754294
21.02102102102102, 35.75501348623698, 103.82876048350263, 78.6330166673737, 35.02824030266007
21.071071071071074, 35.73002864065528, 103.76238292020082, 78.44439390282443, 35.056321941471
21.12112112112112, 35.7051113763513, 103.69610709078292, 78.2566606999222, 35.08436074332479
21.171171171171174, 35.68026136664595, 103.62993280788466, 78.0698108939534, 35.11235686242227
21.22122122122122, 35.65547828771011, 103.56385988217495, 77.88383839801699, 35.140310451859726
21.27127127127127, 35.63076181410653, 103.49788813027125, 77.69873704248904, 35.16822166530944
21.32132132132132, 35.60611162700017, 103.43201736016195, 77.51450087067867, 35.196090653924614
21.37137137137137, 35.58152740821888, 103.36624738175173, 77.33112392495175, 35.22391756857837
21.421421421421424, 35.55700884194528, 103.30057800385764, 77.14860030765554, 35.25170255922593
21.47147147147147, 35.5325556146977, 103.23500903424292, 76.9669241804325, 35.27944577491181
21.521521521521525, 35.5081674149753, 103.16954028007753, 76.78608975495376, 35.30714736386945
21.57157157157157, 35.483843931772576, 103.10417154983497, 76.60609125476736, 35.33480747393218
21.621621621621625, 35.459584857277974, 103.03890264987346, 76.42692298404519, 35.36242625179216
21.67167167167167, 35.435389886012864, 102.97373338553946, 76.24857930538614, 35.3900038432393
21.721721721721725, 35.41125871457279, 102.90866356150595, 76.07105463300596, 35.41754039323454
21.77177177177177, 35.387191041598726, 102.84369298181875, 75.89434343180258, 35.44503604591963
21.82182182182182, 35.36318656774826, 102.77882144994253, 75.71844021642144, 35.47249094462705
21.871871871871875, 35.339244995666824, 102.71404876880719, 75.54333955032091, 35.499905231889805
21.92192192192192, 35.315366029958945, 102.64937474085392, 75.36903604483756, 35.527279049451366
21.971971971971975, 35.2915493771594, 102.58479916808137, 75.19552435825157, 35.554612538275464
22.02202202202202, 35.26779474626255, 102.52032185181162, 75.02279919528391, 35.58190583857154
22.072072072072075, 35.244101848987306, 102.4559425925885, 74.85085530638916, 35.609159089812785
22.12212212212212, 35.220470398202835, 102.39166119100057, 74.6796874856246, 35.63637243070294
22.172172172172175, 35.196900108677276, 102.32747744733652, 74.50929057031733, 35.66354599920779
22.22222222222222, 35.1733906970782, 102.26339116161671, 74.33965944015226, 35.690679932565864
22.272272272272275, 35.149941881950284, 102.19940213363603, 74.17078901624241, 35.71777436729849
22.322322322322325, 35.1265533836931, 102.13551016300697, 74.00267426019941, 35.744829439219814
22.37237237237237, 35.103224924538786, 102.07171504920241, 73.83531017320384, 35.771845283446844
22.422422422422425, 35.07995622852975, 102.00801659159858, 73.66869179507543, 35.7988220344095
22.47247247247247, 35.05674702149117, 101.9444145894898, 73.50281420394482, 35.825759825854504
22.522522522522525, 35.03359703047116, 101.88090883927406, 73.33767257625992, 35.852658790232475
22.57257257257257, 35.01050598420198, 101.81749913706618, 73.17326213104391, 35.8795190592683
22.622622622622625, 34.98747361335944, 101.75418528023806, 73.00957809703064, 35.90634076429766
22.67267267267267, 34.9644996502606, 101.6909670659731, 72.8466157434837, 35.933124035952545
22.722722722722725, 34.941583828837985, 101.62784429129047, 72.68437037965869, 35.95986900416724
22.772772772772772, 34.918725884613906, 101.56481675306988, 72.52283735426592, 35.98657579818436
22.822822822822825, 34.895925554674676, 101.50188424807598, 72.3620120549325, 36.013244546560934
22.872872872872875, 34.87318257764491, 101.43904657298295, 72.20188990766515, 36.03987537717436
22.922922922922922, 34.85049669366176, 101.37630352439909, 72.04246637631232, 36.06646841722851
22.972972972972975, 34.82786764453153, 101.31365489878203, 71.88373696370839, 36.09302379324649
23.023023023023022, 34.805295175255644, 101.25110049153422, 71.72569722544641, 36.11954163096397
23.073073073073076, 34.782779031614304, 101.18864009845883, 71.56834274729367, 36.14602205550889
23.123123123123122, 34.76031896060151, 101.12627351550864, 71.41166914890317, 36.172465191373924
23.173173173173176, 34.73791471075061, 101.06400053859997, 71.25567208651601, 36.19887116239715
23.223223223223222, 34.71556603211777, 101.0018209636319, 71.1003472525085, 36.22524009176727
23.273273273273276, 34.69327267626537, 100.93973458650515, 70.94569037493898, 36.25157210202908
23.323323323323326, 34.67103439624545, 100.87774120314131, 70.79169721709485, 36.27786731508881
23.373373373373376, 34.648850946583124, 100.81584060950175, 70.6383635770395, 36.30412585221946
23.423423423423426, 34.62672208326002, 100.75403260160672, 70.48568528715926, 36.3303478340662
23.473473473473472, 34.60464756477805, 100.69231697502637, 70.33365821696566, 36.356533380619425
23.523523523523526, 34.58262715394525, 100.63069352401877, 70.18227827807335, 36.38268261116615
23.573573573573572, 34.560660613050814, 100.56916204389918, 70.03154140925852, 36.40879564443929
23.623623623623626, 34.538747705884994, 100.50772233006384, 69.88144358214208, 36.43487259856206
23.673673673673672, 34.51688819791829, 100.44637417791323, 69.73198080132646, 36.46091359104755
23.723723723723726, 34.49508185630261, 100.3851173828625, 69.583149103996, 36.48691873880349
23.773773773773776, 34.47332844987247, 100.3239517403518, 69.43494455951755, 36.512888158137116
23.823823823823826, 34.45162774914618, 100.26287704585667, 69.28736326904081, 36.53882196476002
23.873873873873876, 34.429979526327045, 100.2018930948984, 69.14040136509888, 36.56472027379297
23.923923923923926, 34.408383555304546, 100.14099968305443, 68.99405501120867, 36.59058319977076
23.973973973973976, 34.38683959794121, 100.08019661296723, 68.84832025860645, 36.61641085847223
24.024024024024023, 34.36534745199068, 100.01948366562488, 68.70319370553905, 36.64220335860125
24.074074074074076, 34.34390687647289, 99.95886064783839, 68.55867136726421, 36.667960815994505
24.124124124124123, 34.32251764940918, 99.89832735572489, 68.41474954222913, 36.69368334272718
24.174174174174176, 34.301179549889646, 99.83788358569662, 68.27142455628608, 36.71937105033603
24.224224224224226, 34.27989235807315, 99.77752913446103, 68.12869276269258, 36.74502404981945
24.274274274274276, 34.25865585518732, 99.71726379902078, 67.98655054211123, 36.77064245163738
24.324324324324326, 34.237469823528535, 99.6570873766736, 67.84499430260979, 36.79622636571136
24.374374374374376, 34.21633404646195, 99.59699966501256, 67.70402047966118, 36.821775901424544
24.424424424424426, 34.19524830851939, 99.53700046188384, 67.56362553641809, 36.84729116761925
24.474474474474476, 34.174212397228416, 99.477089564603, 67.42380596884401, 36.872772272552034
24.524524524524526, 34.15322610083303, 99.41726677093186, 67.28455829931919, 36.89821932394975
24.574574574574573, 34.13228920823797, 99.35753187910217, 67.14587907648445, 36.92363242901084
24.624624624624627, 34.11140150955994, 99.29788468757961, 67.00776487678739, 36.94901169439179
24.674674674674673, 34.09056279612757, 99.23832499506358, 66.87021230448248, 36.97435722620721
24.724724724724727, 34.069772860481464, 99.17885260048735, 66.73321799163098, 36.99966913002974
24.774774774774777, 34.04903149643497, 99.11946730300366, 66.59677859773228, 37.0249475108953
24.824824824824827, 34.02833850073303, 99.06016890159457, 66.46089079966639, 37.05019247344458
24.874874874874877, 34.007693671156446, 99.00095719551733, 66.32555130318761, 37.07540412176134
24.924924924924927, 33.987096806253234, 98.94183198436764, 66.19075684455362, 37.10058255934942
24.974974974974977, 33.96654770591541, 98.882793067944, 66.05650418702835, 37.125727889182066
25.025025025025027, 33.94604617137898, 98.82384024624761, 65.92279012088188, 37.15084021370181
25.075075075075077, 33.92559200522396, 98.76497331948246, 65.78961146339051, 37.175919634820545
25.125125125125123, 33.905185011322914, 98.70619208807697, 65.65696505835798, 37.20096625392617
25.175175175175177, 33.884824992619905, 98.6474963536217, 65.5248477554476, 37.22598017217059
25.225225225225227, 33.86451175342245, 98.58888591790173, 65.39325643150995, 37.250961490172514
25.275275275275277, 33.84424510009545, 98.53036058260369, 65.2621879970401, 37.2759103079275
25.325325325325327, 33.82402484016557, 98.47192014969397, 65.13163938784358, 37.30082672492407
25.375375375375377, 33.80385078232129, 98.41356442141857, 65.00160756503661, 37.325710840143714
25.425425425425427, 33.783722736412834, 98.35529320030321, 64.8720895150459, 37.350562752060874
25.475475475475477, 33.76364051344654, 98.29710628915775, 64.74308224936111, 37.37538255864643
25.525525525525527, 33.743603925137144, 98.23900349143, 64.61458278505944, 37.40017035763985
25.575575575575574, 33.72361278431446, 98.18098461088434, 64.48658816249669, 37.42492624630195
25.625625625625627, 33.70366690514249, 98.12304945142861, 64.35909545483845, 37.44965032128172
25.675675675675677, 33.683766102908585, 98.06519781728069, 64.23210175889045, 37.47434267874447
25.725725725725727, 33.6639101940235, 98.00742951296844, 64.10560419509855, 37.499003414371785
25.775775775775777, 33.64409899602137, 97.94974434332977, 63.97959990754867, 37.52363262336161
25.825825825825827, 33.624332327557376, 97.89214211351411, 63.85408606387825, 37.54823040042941
25.875875875875877, 33.604610007962854, 97.83462262926956, 63.72905983836547, 37.57279684005006
25.925925925925927, 33.58493185758572, 97.77718569672321, 63.604518424869724, 37.59733203627275
25.975975975975977, 33.56529769810366, 97.71983112217896, 63.48045904873475, 37.621836082550836
26.026026026026027, 33.545707352277226, 97.66255871227686, 63.356878957403474, 37.646309071876004
26.076076076076077, 33.526160643949744, 97.60536827399316, 63.23377542041788, 37.6707510967783
26.126126126126128, 33.50665739804746, 97.54825961464034, 63.11114572941913, 37.69516224932608
26.176176176176178, 33.48719744057847, 97.49123254186739, 62.98898719812981, 37.71954262112634
26.226226226226228, 33.46778059763015, 97.43428686407347, 62.86729714334493, 37.74389230360246
26.276276276276278, 33.44840669608402, 97.37742239011303, 62.74607289848507, 37.768211387796164
26.326326326326328, 33.429075564554715, 97.32063892890842, 62.62531183139883, 37.792499964107336
26.376376376376378, 33.40978703267989, 97.26393628974293, 62.50501133089952, 37.81675812249078
26.426426426426428, 33.3905409311202, 97.20731428226068, 62.385168806765044, 37.84098595245622
26.476476476476478, 33.371337091559305, 97.15077271646665, 62.26578168973799, 37.86518354306831
26.526526526526528, 33.35217534670385, 97.09431140272672, 62.14684743152554, 37.889350982946624
26.576576576576578, 33.33305553028351, 97.03793015176764, 62.02836350479958, 37.91348836026564
26.626626626626628, 33.31397747705093, 96.981628774677, 61.910327403196604, 37.937595762754775
26.676676676676678, 33.29494102218507, 96.92540708319729, 61.79273662252487, 37.961673277979656
26.726726726726728, 33.275946001031095, 96.869264889854, 61.67558865257499, 37.985720993464696
26.776776776776778, 33.25699225078297, 96.81320200712659, 61.55888103010903, 38.009738995899966
26.826826826826828, 33.238079609625565, 96.75721824787128, 61.44261131184227, 38.03372737154558
26.876876876876878, 33.219207916709514, 96.7013134253333, 61.32677707365285, 38.05768620624359
26.926926926926928, 33.200377012151264, 96.64548735314692, 61.211375910581815, 38.08161558541788
26.976976976976978, 33.18158673703302, 96.58973984533553, 61.09640543683312, 38.105515594074255
27.027027027027028, 33.162836933402836, 96.53407071631153, 60.981863285773606, 38.12938631680041
27.077077077077078, 33.144127444274496, 96.47847978087638, 60.867747109933, 38.153227837765925
27.127127127127128, 33.12545811326699, 96.42296685433695, 60.7540545723265, 38.177040240855064
27.177177177177178, 33.10682878363125, 96.3675317528194, 60.6407833230354, 38.20082361002517
27.227227227227228, 33.08823930048725, 96.31217429254762, 60.52793105303944, 38.224578028482846
27.27727727727728, 33.06968950998784, 96.25689429011288, 60.415495474094904, 38.248303578991894
27.32732732732733, 33.05117925918766, 96.20169156251616, 60.30347431558195, 38.27200034392155
27.37737737737738, 33.03270839604324, 96.14656592716814, 60.191865324504626, 38.29566840524651
27.42742742742743, 33.0142767694129, 96.09151720188918, 60.080666265490805, 38.31930784454689
27.47747747747748, 32.99588422905681, 96.03654520490932, 59.96987492079231, 38.342918743008276
27.52752752752753, 32.97753062563698, 95.98164975486829, 59.859489090284775, 38.36650118142166
27.577577577577582, 32.95921581054607, 95.92683067086234, 59.749506588144676, 38.39005524023591
27.62762762762763, 32.94093963443933, 95.87208777284586, 59.639925214348615, 38.413581000007085
27.67767767767768, 32.92270194960747, 95.81742088098221, 59.53074280073908, 38.43707854067213
27.72772772772773, 32.90450260951535, 95.76282981576995, 59.42195720206938, 38.460547941690095
27.77777777777778, 32.88634146845725, 95.70831439813713, 59.313566289311076, 38.483989282147604
27.82782782782783, 32.86821838155691, 95.65387444944133, 59.205567949654046, 38.5074026407589
27.87787787787788, 32.85013320476746, 95.59950979146959, 59.09796008650638, 38.53078809586583
27.92792792792793, 32.83208579487151, 95.54522024643846, 58.99074061949452, 38.55414572543784
27.97797797797798, 32.81407600948106, 95.49100563699395, 58.883907484463094, 38.57747560707201
28.028028028028032, 32.79610370929692, 95.43686578579066, 58.777458701693696, 38.60077781689075
28.07807807807808, 32.778168747123594, 95.38280051753846, 58.671392044223005, 38.62405243490094
28.128128128128132, 32.76027098597694, 95.32880965562863, 58.565705584582446, 38.64729953616011
28.17817817817818, 32.74241028619672, 95.27489302453512, 58.46039730567576, 38.670519197063555
28.22822822822823, 32.72458650894209, 95.22105044916324, 58.355465206322215, 38.693711493639064
28.27827827827828, 32.70679951618701, 95.16728175485055, 58.25090730111832, 38.71687650154919
28.32832832832833, 32.68904917071573, 95.11358676736764, 58.14672162029951, 38.740014296093385
28.37837837837838, 32.67133533611811, 95.05996531291905, 58.04290620960189, 38.76312495221037
28.42842842842843, 32.65365787678514, 95.00641721814404, 57.939459130123915, 38.78620854448027
28.478478478478483, 32.63601665790428, 94.9529423101176, 57.8363784581881, 38.809265147126865
28.52852852852853, 32.61841154463931, 94.89954041646854, 57.73366226814879, 38.83229483430403
28.578578578578583, 32.600842402544586, 94.84621136532007, 57.631308641012076, 38.855297679952
28.62862862862863, 32.583309098626756, 94.79295498513731, 57.52931568659225, 38.878273757428126
28.678678678678683, 32.56581150060615, 94.73977110483366, 57.42768152802614, 38.90122313976482
28.72872872872873, 32.548349476908776, 94.6866595537722, 57.3264043015622, 38.92414589967301
28.77877877877878, 32.53092289665854, 94.63362016176701, 57.22548215635722, 38.94704210954547
28.82882882882883, 32.51353162966966, 94.58065275908442, 57.12491325427308, 38.969911841460124
28.87887887887888, 32.49617554643891, 94.52775717644435, 57.0246957696735, 38.99275516718337
28.92892892892893, 32.478854518137986, 94.47493324502166, 56.92482788922078, 39.01557215817338
28.97897897897898, 32.46156841660576, 94.42218079644726, 56.825307811672545, 39.038362885583425
29.029029029029033, 32.44431711434062, 94.36949966280972, 56.72613374767847, 39.06112742026524
29.07907907907908, 32.42710048449282, 94.31688967665623, 56.627303919577045, 39.08386583277222
29.129129129129133, 32.409918400933094, 94.2643506709624, 56.52881656175951, 39.10657819335624
29.17917917917918, 32.392770738963144, 94.2118824788348, 56.43066992580044, 39.129264571908415
29.22922922922923, 32.37565737415341, 94.15948493399237, 56.33286227167938, 39.15192503806284
29.279279279279283, 32.35857818255455, 94.10715787067667, 56.23539186920541, 39.17455966118091
29.32932932932933, 32.341533040873664, 94.05490112357663, 56.13825699917977, 39.19716851033855
29.37937937937938, 32.32452182646861, 94.00271452782901, 56.04145595320766, 39.21975165432944
29.429429429429433, 32.30754441734236, 93.95059791901893, 55.944987033509975, 39.24230916166811
29.479479479479483, 32.29060069213732, 93.89855113318018, 55.848848552735134, 39.264841100593095
29.52952952952953, 32.27369053012967, 93.84657400679586, 55.75303883377078, 39.28734753907005
29.57957957957958, 32.256813811223715, 93.79466637679874, 55.65755620955556, 39.309828544794954
29.629629629629633, 32.23997041594619, 93.7428280805717, 55.5623990228909, 39.33228418519717
29.679679679679683, 32.22316022544064, 93.69105895594826, 55.467565626252835, 39.35471452744263
29.72972972972973, 32.20638312146169, 93.63935884121301, 55.37305438160366, 39.377119638437
29.77977977977978, 32.18963898599101, 93.58772757513997, 55.27886367398201, 39.39949958461132
29.829829829829833, 32.17292770097603, 93.5361649970188, 55.18499192061823, 39.421854431778314
29.87987987987988, 32.1562491495559, 93.48467094653168, 55.091437525908994, 39.44418424584321
29.92992992992993, 32.13960321543682, 93.43324526381576, 54.99819890376237, 39.46648909245121
29.979979979979984, 32.1229897828584, 93.38188778946656, 54.905274478430975, 39.488769036974546
30.030030030030034, 32.10640873658566, 93.3305983645386, 54.81266268440679, 39.51102414451427
30.08008008008008, 32.08985996190109, 93.27937683054608, 54.72036196631584, 39.53325447990212
30.13013013013013, 32.07334334459676, 93.22822302946358, 54.62837077881301, 39.555460107702345
30.180180180180184, 32.05685877096629, 93.17713680372677, 54.5366875864768, 39.577641092213504
30.230230230230234, 32.040406127797, 93.1261179962331, 54.44531086370412, 39.59979749747036
30.28028028028028, 32.023985302361865, 93.07516645034241, 54.354239094605006, 39.62192938724564
30.33033033033033, 32.00759618241166, 93.0242820098777, 54.2634707728974, 39.64403682505191
30.380380380380384, 31.99123865620683, 92.97346451911726, 54.17300440194982, 39.66611987414156
30.43043043043043, 31.974912614053856, 92.92271382246456, 54.08283850040483, 39.6881785974366
30.48048048048048, 31.958617946460294, 92.87202976484235, 53.99297159525932, 39.71021305761615
30.530530530530534, 31.942354543797926, 92.821412191764, 53.90340222053891, 39.732223317133624
30.580580580580584, 31.926122296969595, 92.77086094918945, 53.81412891969611, 39.75420943818706
30.63063063063063, 31.909921097405693, 92.72037588352507, 53.725150245521384, 39.77617148272079
30.68068068068068, 31.89375083706061, 92.66995684162333, 53.63646476005431, 39.79810951242702
30.730730730730734, 31.877611408409226, 92.61960367078261, 53.54807103449469, 39.8200235887475
30.780780780780784, 31.861502704443346, 92.5693162187469, 53.45996764911375, 39.84191377287512
30.83083083083083, 31.845424618668194, 92.51909433370555, 53.37215319316518, 39.86378012575554
30.880880880880884, 31.82937704509888, 92.468937864293, 53.28462626479633, 39.88562270808884
30.930930930930934, 31.81335987825687, 92.41884665958854, 53.19738547095935, 39.9074415803311
30.98098098098098, 31.79737301316642, 92.36882056911607, 53.11042942732226, 39.92923680269607
31.03103103103103, 31.78141634579395, 92.31885944268934, 53.02375675915391, 39.95100843514154
31.081081081081084, 31.76548977434873, 92.26896312995675, 52.937366104102765, 39.972756537326184
31.131131131131134, 31.74959319633087, 92.21913148142959, 52.851256105625104, 39.99448116871246
31.18118118118118, 31.73372650963592, 92.16936434809519, 52.76542541533257, 40.01618238853021
31.23123123123123, 31.717889612747296, 92.11966158134842, 52.67987269333426, 40.03786025577152
31.281281281281284, 31.702082404737553, 92.07002303298968, 52.59459660815831, 40.05951482919217
31.331331331331334, 31.686304785269602, 92.02044855522301, 52.50959583667363, 40.08114616731311
31.38138138138138, 31.67055665459799, 91.9709380006541, 52.42486906401146, 40.10275432842192
31.431431431431434, 31.654837913570116, 91.92149122228848, 52.340414983487044, 40.12433937057432
31.481481481481485, 31.639148463627517, 91.87210807352947, 52.256232296521326, 40.14590135159551
31.53153153153153, 31.62348820680707, 91.82278840817638, 52.17231971256252, 40.16744032908174
31.58158158158158, 31.607857045742293, 91.77353208042247, 52.08867594900777, 40.18895636040175
31.631631631631635, 31.592254883664555, 91.72433894485312, 52.00529973112485, 40.21044950269819
31.681681681681685, 31.576681607285934, 91.67520885828652, 51.92218967270867, 40.23191981522183
31.73173173173173, 31.561137151691188, 91.62614167437725, 51.839344805445215, 40.2533673490411
31.78178178178178, 31.545621398799025, 91.57713725101178, 51.75676369960961, 40.274792164099345
31.831831831831835, 31.5301342528004, 91.52819544479573, 51.6744451164599, 40.2961943165587
31.881881881881885, 31.51467561820195, 91.47931611277993, 51.59238782426019, 40.31757386237301
31.93193193193193, 31.499245399825906, 91.4304991124602, 51.51059059828055, 40.33893085728793
31.981981981981985, 31.48384350281019, 91.38174430177754, 51.42905222079699, 40.36026535684082
32.032032032032035, 31.468469832608342, 91.3330515391181, 51.34777148109159, 40.38157741636082
32.08208208208208, 31.453124294989564, 91.28442068331303, 51.266747175452366, 40.4028670909688
32.13213213213213, 31.437806796038693, 91.23585159363869, 51.185978107173334, 40.4241344355774
32.18218218218219, 31.422517242156204, 91.1873441298165, 51.10546308655448, 40.445379504891
32.232232232232235, 31.407255540058237, 91.138898152013, 51.025200930901846, 40.46660235340574
32.28228228228228, 31.392021596951786, 91.09051352078929, 50.94519046475837, 40.48780303540621
32.332332332332335, 31.3768153220644, 91.04219009665934, 50.86543052192046, 40.508981604936764
32.38238238238239, 31.361636624215198, 90.99392774079135, 50.785919942236035, 40.53013811584709
32.432432432432435, 31.34648541226711, 90.94572631487699, 50.70665757220062, 40.55127262178372
32.48248248248248, 31.33136159548203, 90.89758568102911, 50.627642265425585, 40.57238517618339
32.532532532532535, 31.31626508352085, 90.8495057017815, 50.5488728826382, 40.593475832273015
32.58258258258258, 31.301195786443476, 90.80148624008908, 50.47034829168157, 40.614544643069706
32.632632632632635, 31.28615361470879, 90.75352715932777, 50.39206736751468, 40.63559166138075
32.68268268268268, 31.271138479174674, 90.70562832329458, 50.31402899221234, 40.65661693980363
32.732732732732735, 31.25615029161694, 90.65778959600998, 50.23623205366468, 40.67762053075343
32.78278278278278, 31.241188965607257, 90.61001084138371, 50.158675443376836, 40.6986024865093
32.832832832832835, 31.22625441408695, 90.56229192413844, 50.08135806254952, 40.71956285908613
32.88288288288289, 31.211346550381947, 90.51463270942338, 50.004278819535365, 40.74050170028826
32.932932932932935, 31.19646528829721, 90.46703306277828, 49.927436629602376, 40.76141906171442
32.98298298298298, 31.18161054211669, 90.41949285013355, 49.850830414933824, 40.782314994757776
33.033033033033036, 31.16678222660335, 90.37201193781011, 49.77445910462831, 40.80318955060593
33.08308308308309, 31.15198025699918, 90.32459019251952, 49.698321634699795, 40.82404278024085
33.133133133133136, 31.13720454902517, 90.27722748136392, 49.62241694807752, 40.84487473443897
33.18318318318318, 31.12245501749985, 90.22992367204196, 49.546743989037715, 40.865685463890614
33.233233233233236, 31.107731576973002, 90.18267863275436, 49.47130170575791, 40.88647501914525
33.28328328328329, 31.093034143561447, 90.13549223193027, 49.396089057716516, 40.90724345045261
33.333333333333336, 31.078362633759422, 90.08836433840455, 49.321105010897746, 40.927990807865655
33.38338338338338, 31.06371696443805, 90.04129482141781, 49.24634853778945, 40.948717141240564
33.433433433433436, 31.049097052845323, 89.99428355061656, 49.17181861738315, 40.9694225002368
33.48348348348349, 31.034502816606103, 89.9473303960531, 49.097514235173996, 40.99010693431707
33.533533533533536, 31.01993417372213, 89.90043522818554, 49.02343438316077, 41.01077049274734
33.58358358358358, 31.005391042570423, 89.85359791786406, 48.94957805945897, 41.03141322460507
33.633633633633636, 30.99087334187142, 89.80681833605992, 48.87594426065636, 41.052035178942255
33.68368368368368, 30.976380990730867, 89.76009635422177, 48.8025319918633, 41.07263640457111
33.733733733733736, 30.961913908640202, 89.71343184427921, 48.72934026681377, 41.093216950061866
33.78378378378379, 30.947472015466015, 89.66682467855325, 48.65636810533707, 41.113776863796744
33.833833833833836, 30.933055231450105, 89.62027472975616, 48.583614533357775, 41.13431619396989
33.88388388388388, 30.918663477209428, 89.5737818709916, 48.51107858289569, 41.15483498858744
33.933933933933936, 30.904296673736116, 89.52734597575449, 48.43875929206596, 41.175333295467475
33.98398398398399, 30.889954742397485, 89.48096691793117, 48.366655705078934, 41.19581116224007
34.034034034034036, 30.8756376049209, 89.43464457174147, 48.294766870643585, 41.216268636381976
34.08408408408408, 30.861345183338653, 89.38837881152773, 48.22309183613976, 41.23670576534364
34.13413413413413, 30.847077400100286, 89.3421695121846, 48.15162965948902, 41.257122596290614
34.18418418418419, 30.832834178035263, 89.29601654901629, 48.080379405209975, 41.2775191761895
34.234234234234236, 30.818615440344654, 89.2499197977046, 48.00934014353839, 41.29789555182707
34.28428428428428, 30.804421110601105, 89.203879134309, 47.93851095042705, 41.318251769810324
34.334334334334336, 30.79025111274888, 89.1578944352666, 47.86789090754588, 41.33858787656646
34.38438438438439, 30.776105371103835, 89.11196557739211, 47.79747910228188, 41.35890391834283
34.434434434434436, 30.761983810353417, 89.06609243787797, 47.72727462773916, 41.379199941207055
34.48448448448448, 30.747886355255186, 89.02027489423686, 47.65727657923504, 41.39947599112509
34.53453453453454, 30.733812930554862, 88.97451282428635, 47.587484053347865, 41.41973211398251
34.58458458458458, 30.71976346174267, 88.92880610629246, 47.51789615670666, 41.43996835538845
34.63463463463464, 30.70573787465843, 88.88315461889465, 47.44851200140198, 41.46018476077788
34.68468468468469, 30.691736095483183, 88.83755824110428, 47.37933070488871, 41.48038137541388
34.73473473473474, 30.677758050739264, 88.79201685230461, 47.31035138998616, 41.50055824438757
34.78478478478478, 30.663803667290217, 88.74653033225073, 47.241573184878, 41.52071541261817
34.83483483483484, 30.649872872340847, 88.70109856106964, 47.17299522311227, 41.54085292485294
34.88488488488489, 30.63596559343021, 88.6557214192554, 47.10461664344565, 41.560970825670765
34.93493493493494, 30.622081758172058, 88.61039878749145, 47.03643658406478, 41.581069159613214
34.98498498498498, 30.60822129455317, 88.56513054685487, 46.96845418922874, 41.601147971033896
35.03503503503504, 30.59438413099365, 88.51991657885766, 46.90066861061013, 41.62120730406796
35.08508508508509, 30.580570196240345, 88.47475676537375, 46.83307900492394, 41.64124720268597
35.13513513513514, 30.566779419366913, 88.42965098863911, 46.7656845339275, 41.661267710693814
35.18518518518518, 30.5530117297738, 88.3845991312516, 46.69848436442051, 41.681268871732804
35.23523523523524, 30.53926705718821, 88.3396010761711, 46.63147766824502, 41.70125072927959
35.28528528528529, 30.525545331664137, 88.29465670671948, 46.56466362228545, 41.72121332664623
35.33533533533534, 30.5118464835307, 88.24976590654212, 46.49804140730993, 41.74115670700691
35.38538538538538, 30.49817044318065, 88.20492855945098, 46.43161020322961, 41.76108091350762
35.43543543543544, 30.48451714148477, 88.16014454973228, 46.36536919838862, 41.78098598905131
35.48548548548549, 30.470886509660904, 88.1154137620493, 46.29931758662828, 41.8008719763658
35.53553553553554, 30.457278479240273, 88.07073608141737, 46.23345456653182, 41.820738918021235
35.585585585585584, 30.443692982067496, 88.02611139320376, 46.167779341424485, 41.84058685643007
35.63563563563564, 30.43012995030056, 87.98153958312786, 46.10229111937347, 41.860415833847085
35.685685685685684, 30.416589316410867, 87.93702053726099, 46.03698911318795, 41.88022589236937
35.73573573573574, 30.403071013183165, 87.89255414202655, 45.97187254041905, 41.900017073936354
35.78578578578579, 30.389574973534643, 87.84814028410652, 45.90694062035538, 41.91978942040059
35.83583583583584, 30.376101130504278, 87.80377885043603, 45.84219257384687, 41.93954297353196
35.885885885885884, 30.362649417645414, 87.75946972840597, 45.77762762982192, 41.95927777486397
35.93593593593594, 30.349219768810773, 87.715212805752, 45.713245021718535, 41.97899386577797
35.98598598598599, 30.335812118149644, 87.67100797055313, 45.64904398743755, 41.99869128750419
36.03603603603604, 30.32242640010791, 87.62685511123172, 45.58502376934273, 42.018370081121745
36.086086086086084, 30.30906254942801, 87.58275411655346, 45.52118361426066, 42.03803028755866
36.13613613613614, 30.295720501148967, 87.53870487562739, 45.45752277348078, 42.057671947591885
36.18618618618619, 30.282400191165827, 87.49470727827605, 45.394040513212815, 42.07729510159625
36.23623623623624, 30.269101553434865, 87.45076121318631, 45.330736062346176, 42.0968997907983
36.286286286286284, 30.25582452460564, 87.40686657097416, 45.267608699032564, 42.1164860551983
36.33633633633634, 30.24256904072049, 87.36302324200093, 45.20465768899268, 42.13605393505087
36.38638638638639, 30.229335038114744, 87.31923111696895, 45.14188230234332, 42.1556034704611
36.43643643643644, 30.216122453415135, 87.27549008692043, 45.07928181356725, 42.17513470138535
36.486486486486484, 30.202931223538172, 87.23180004323645, 45.01685550148327, 42.1946476676319
36.53653653653654, 30.189761285688544, 87.18816087763588, 44.9546026492162, 42.21414240886169
36.58658658658659, 30.17661257735753, 87.14457248217431, 44.89252254416688, 42.23361896458904
36.63663663663664, 30.163485036220248, 87.10103474918905, 44.83061447647712, 42.25307737421933
36.68668668668669, 30.150378599818342, 87.05754757112953, 44.768877734300546, 42.27251767716499
36.73673673673674, 30.13729320629254, 87.01411084094808, 44.7073116146999, 42.291939912578094
36.786786786786784, 30.124228794101874, 86.97072445194988, 44.645915419461396, 42.31134411945305
36.83683683683684, 30.111185301969062, 86.92738829776356, 44.584688454276375, 42.33073033664668
36.88688688688689, 30.098162668878405, 86.88410227233994, 44.52363002870306, 42.35009860287914
36.93693693693694, 30.085160834073587, 86.8408662699506, 44.462739456128425, 42.36944895673482
36.986986986986985, 30.072179737055524, 86.79768018518656, 44.402016053729916, 42.38878143666328
37.037037037037045, 30.059219317580244, 86.7545439129569, 44.34145914243733, 42.408096080980165
37.08708708708709, 30.046279515656686, 86.71145734848746, 44.281068046894596, 42.42739292786815
37.13713713713714, 30.033360271544577, 86.66842038731936, 44.22084209542156, 42.446672015377814
37.187187187187185, 30.020461525752264, 86.62543292530779, 44.160780619975824, 42.465933381428606
37.23723723723724, 30.007583219034554, 86.58249485862059, 44.10088295611452, 42.48517706380975
37.28728728728729, 29.994725292390573, 86.53960608373687, 44.04114844295614, 42.50440310018116
37.33733733733734, 29.981887687061583, 86.49676649744569, 43.981576423142336, 42.52361152807435
37.387387387387385, 29.96907034452887, 86.4539759968447, 43.92216624279972, 42.5428023848934
37.43743743743744, 29.956273206536004, 86.41123447932559, 43.86291725141442, 42.56197570791899
37.48748748748749, 29.943496215434948, 86.36854184238507, 43.80382880055177, 42.58113153435442
37.53753753753754, 29.930739313648214, 86.32589798391226, 43.74490024572887, 42.60026990125718
37.58758758758759, 29.918002443729023, 86.2833028021536, 43.68613094615402, 42.619390845547976
37.63763763763764, 29.9052855484722, 86.24075619565073, 43.62752026428539, 42.638494404026254
37.68768768768769, 29.892588570912455, 86.19825806323878, 43.569067565791144, 42.65758061337117
37.73773773773774, 29.879911454322706, 86.15580830404485, 43.510772219509704, 42.67664951014259
37.78778778778779, 29.86725414221237, 86.11340681748635, 43.45263359740978, 42.69570113078209
37.83783783783784, 29.854616578325697, 86.07105350326938, 43.39465107455064, 42.71473551161387
37.887887887887885, 29.841998706640045, 86.02874826138721, 43.336824029042155, 42.73375268884579
37.93793793793794, 29.82940047136422, 85.98649099211858, 43.27915184200503, 42.75275269857036
37.98798798798799, 29.816821816936745, 85.94428159602616, 43.221633897530914, 42.77173557676569
38.03803803803804, 29.80426268802422, 85.90211997395487, 43.1642695826426, 42.79070135929646
38.088088088088085, 29.791723029519584, 85.8600060270304, 43.107058287254134, 42.809650081914945
38.138138138138146, 29.779202786540424, 85.81793965665746, 43.04999940413097, 42.828581780261956
38.18818818818819, 29.766701904427325, 85.7759207645183, 42.99309232885017, 42.847496489867844
38.23823823823824, 29.754220328741845, 85.73394925257178, 42.9363364597796, 42.86639424615303
38.288288288288285, 29.741758005117664, 85.69202502346153, 42.87973120798873, 42.88527508419621
38.33833833833834, 29.72931487938861, 85.6501479801531, 42.82327598843703, 42.904139038940535
38.38838838838839, 29.7168908977046, 85.60831802560529, 42.766970211985814, 42.92298614538051
38.43843843843844, 29.704486006423863, 85.56653506306344, 42.71081329252545, 42.94181643839534
38.48848848848849, 29.692100152111063, 85.52479899605856, 42.65480464695131, 42.96062995274956
38.53853853853854, 29.679733281535352, 85.48310972840638, 42.59894369513965, 42.97942672309355
38.58858858858859, 29.66738534166845, 85.44146716420634, 42.54322985992349, 42.99820678396428
38.63863863863864, 29.655056279682707, 85.39987120784072, 42.487662567068625, 43.016970169785836
38.68868868868869, 29.64274604294921, 85.35832176397356, 42.43224124524943, 43.03571691487005
38.73873873873874, 29.63045457903581, 85.31681873754984, 42.376965326024866, 43.05444705341713
38.78878878878879, 29.618181835705247, 85.27536203379441, 42.32183424381433, 43.07316061951626
38.83883883883884, 29.605927760913186, 85.23395155821113, 42.2668474358736, 43.09185764714619
38.88888888888889, 29.593692302806303, 85.1925872165818, 42.212004342270724, 43.110538170175914
38.93893893893894, 29.581475409720372, 85.15126891496531, 42.15730440586199, 43.1292022223652
38.988988988988986, 29.56927703017831, 85.10999655969665, 42.102747072267775, 43.14784983736526
39.03903903903905, 29.55709711288829, 85.06877005738593, 42.048331789848476, 43.166481048719334
39.08908908908909, 29.544935606811848, 85.0275893149847, 41.99405801104157, 43.185095889837996
39.13913913913914, 29.532792461201293, 84.98645423982268, 41.93992519310159, 43.20369439398552
39.189189189189186, 29.520667625368617, 84.94536473938696, 41.88593279362403, 43.22227659436337
39.23923923923925, 29.50856104880371, 84.90432072143624, 41.83208027285473, 43.24084252406737
39.28928928928929, 29.496472681177472, 84.86332209400477, 41.778367093764494, 43.25939221608647
39.33933933933934, 29.484402472340122, 84.82236876540162, 41.72479272202881, 43.2779257033033
39.38938938938939, 29.472350372319454, 84.78146064420987, 41.6713566260077, 43.29644301849474
39.43943943943944, 29.460316331319103, 84.74059763928585, 41.6180582767255, 43.31494419433239
39.48948948948949, 29.448300299716845, 84.69977965975843, 41.5648971478506, 43.33342926338318
39.53953953953954, 29.43630222806284, 84.65900661502816, 41.51187271567531, 43.35189825810986
39.58958958958959, 29.424322067077938, 84.61827841476659, 41.45898445909559, 43.37035121087158
39.63963963963964, 29.41235976765192, 84.57759496891545, 41.406231859590875, 43.3887881539244
39.68968968968969, 29.400415280841802, 84.53695618768593, 41.353614401203835, 43.40720911942183
39.73973973973974, 29.38848855787009, 84.4963619815579, 41.30113157052019, 43.42561413941541
39.78978978978979, 29.376579550123047, 84.45581226127908, 41.24878285664849, 43.44400324585519
39.83983983983984, 29.36468820914901, 84.41530693786441, 41.1965677511999, 43.46237647059032
39.88988988988989, 29.35281448702449, 84.37484592249983, 41.144485748636455, 43.4807338453611
39.93993993993995, 29.340958337873808, 84.33442912614746, 41.09253634777435, 43.49907540176452
39.98998998998999, 29.329119714651927, 84.29405646037783, 41.04071904854362, 43.51740117132878
40.04004004004004, 29.317298570246514, 84.25372783708322, 40.98903335307331, 43.535711185488445
40.09009009009009, 29.305494857763513, 84.21344316840242, 40.93747876595897, 43.55400547557838
40.14014014014015, 29.29370853052785, 84.17320236671931, 40.88605479424492, 43.572284072834215
40.190190190190194, 29.2819395420841, 84.13300534466153, 40.83476094740642, 43.59054700839284
40.24024024024024, 29.270187846197178, 84.09285201509906, 40.78359673733187, 43.6087943132929
40.29029029029029, 29.258453396853014, 84.05274229114282, 40.732561678305025, 43.62702601847524
40.34034034034035, 29.246736148259245, 84.01267608614327, 40.68165528698718, 43.64524215478346
40.390390390390394, 29.23503605484591, 83.97265331368912, 40.63087708239943, 43.66344275296433
40.44044044044044, 29.2233530712661, 83.93267388760579, 40.58022658590477, 43.681627843668295
40.490490490490494, 29.21168715239668, 83.8927377219541, 40.529703321190404, 43.699797457449996
40.54054054054054, 29.200038253338967, 83.85284473102891, 40.479306814249895, 43.7179516247687
40.590590590590594, 29.188406329419372, 83.81299482935768, 40.429036593365375, 43.73609037598884
40.64064064064064, 29.17679133619015, 83.77318793169907, 40.37889218908974, 43.75421374138042
40.690690690690694, 29.16519321197953, 83.73342394782851, 40.32887299659309, 43.772321755016605
40.74074074074074, 29.153611950077806, 83.69370280554581, 40.27897886600797, 43.79041443807604
40.790790790790794, 29.14204748202317, 83.65402441369503, 40.22920915112721, 43.8084918257525
40.84084084084085, 29.130499763720938, 83.61438868823568, 40.179563393654774, 43.82655394788524
40.890890890890894, 29.11896875120674, 83.57479554536428, 40.130041137310485, 43.844600834226775
40.94094094094094, 29.10745440064652, 83.53524490151426, 40.08064192783001, 43.86263251444288
40.990990990990994, 29.095956668336573, 83.49573667335596, 40.031365312964894, 43.88064901811257
41.04104104104105, 29.084475510703495, 83.45627077779669, 39.98221084248254, 43.898650374728106
41.091091091091094, 29.07301088430421, 83.41684713198067, 39.9331780681662, 43.916636613695005
41.14114114114114, 29.061562745825967, 83.37746565328911, 39.884266543815016, 43.93460776433204
41.19119119119119, 29.05013105208634, 83.3381262593401, 39.83547582524396, 43.95256385587123
41.24124124124125, 29.03871576003322, 83.29882886798869, 39.7868054702839, 43.970504917457845
41.291291291291294, 29.027316826744833, 83.25957339732689, 39.738255038781546, 43.988430978150404
41.34134134134134, 29.01593420942972, 83.22035976568363, 39.68982409259946, 44.00634206692069
41.391391391391394, 29.004567865426736, 83.18118789162476, 39.64151219561609, 44.0242382126537
41.44144144144145, 28.993217752205084, 83.14205769395309, 39.59331891372574, 44.04211944414772
41.491491491491495, 28.98188382736427, 83.10296909170837, 39.54524381483857, 44.05998579011428
41.54154154154154, 28.970566048457364, 83.06392200424881, 39.49728646958596, 44.077837279164264
41.591591591591595, 28.959264373096758, 83.02491635120226, 39.44944645089829, 44.09567393981622
41.64164164164164, 28.94797875916142, 82.9859520523707, 39.40172333317839, 44.11349580051266
41.691691691691695, 28.936709164650875, 82.94702902779757, 39.35411669288371, 44.131302889608584
41.74174174174174, 28.925455547685264, 82.90814719776769, 39.3066261085264, 44.149095235371476
41.791791791791795, 28.91421786650531, 82.86930648280733, 39.259251160673315, 44.166872865981304
41.84184184184184, 28.902996079472338, 82.8305068036842, 39.211991431946, 44.18463580953052
41.891891891891895, 28.891790145068263, 82.79174808140738, 39.16484650702062, 44.202384094024076
41.94194194194195, 28.88060002189559, 82.75303023722745, 39.117815972628094, 44.22011774737939
41.991991991991995, 28.86942566867875, 82.71435319263588, 39.07089941755306, 44.237836797426404
42.04204204204204, 28.858267045819304, 82.6757168688349, 39.02409643151746, 44.25554127193951
42.092092092092095, 28.84712411424949, 82.63712118712827, 38.977406606003576, 44.27323119861399
42.14214214214215, 28.835996833975774, 82.598566069418, 38.93082953529949, 44.29090660503615
42.192192192192195, 28.824885165205398, 82.56005143782016, 38.88436481569042, 44.3085675187064
42.24224224224224, 28.813789068346335, 82.52157721466493, 38.838012045458726, 44.3262139670393
42.292292292292295, 28.802708504007313, 82.4831433224966, 38.7917708248839, 44.34384597736354
42.34234234234235, 28.79164343299781, 82.44474968407353, 38.745640756242615, 44.361463576921956
42.392392392392395, 28.78059381632804, 82.40639622236816, 38.699621443808674, 44.379066792871484
42.44244244244244, 28.769559615208983, 82.36808286056709, 38.65371249385301, 44.396655652283215
42.492492492492495, 28.758540791047643, 82.3298095220716, 38.60791351463618, 44.414230182142596
42.54254254254254, 28.74753730409225, 82.29157613069357, 38.56222411423836, 44.43179040941826
42.592592592592595, 28.736549114591472, 82.25338261048788, 38.516643902416085, 44.44933636100314
42.64264264264264, 28.72557618379699, 82.21522888560756, 38.47117249220798, 44.46686806366355
42.692692692692695, 28.71461847309512, 82.17711488042933, 38.42580949854388, 44.48438554408329
42.74274274274274, 28.703675944006836, 82.13904051955357, 38.38055453824497, 44.50188882886367
42.792792792792795, 28.692748558187745, 82.10100572780425, 38.335407230023655, 44.51937794452349
42.84284284284285, 28.6818362774281, 82.06301043022901, 38.29036719448363, 44.536852917499
42.892892892892895, 28.670939063652806, 82.02505455209914, 38.24543405411985, 44.55431377414398
42.94294294294294, 28.660056878921402, 81.98713801890956, 38.20060743331852, 44.57176054072968
42.992992992992995, 28.649189685427583, 81.94926075637748, 38.15588695833951, 44.58919324344537
43.04304304304305, 28.638337445435177, 81.91142269026159, 38.11127225501638, 44.606611908469745
43.093093093093096, 28.627500121339573, 81.8736237465355, 38.066762950962826, 44.624016561902366
43.14314314314314, 28.616677675704363, 81.83586385149125, 38.022358676889816, 44.64140722972294
43.193193193193196, 28.605870071224786, 81.7981429316361, 37.97805906529238, 44.658783937831934
43.24324324324325, 28.59507727072777, 81.7604609136925, 37.93386375044956, 44.67614671205065
43.293293293293296, 28.584299237171884, 81.72281772459816, 37.889772368424424, 44.693495578121244
43.34334334334334, 28.573535933647356, 81.68521329150596, 37.84578455706408, 44.71083056170662
43.393393393393396, 28.562787323376067, 81.64764754178402, 37.80189995599962, 44.72815168839054
43.44344344344345, 28.552053369711583, 81.61012040301571, 37.75811820664622, 44.74545898367757
43.493493493493496, 28.54133403614203, 81.57263180299607, 37.714438952173346, 44.76275247299402
43.54354354354354, 28.53062928651025, 81.53518166947202, 37.67086183527941, 44.78003218175782
43.593593593593596, 28.519939084782223, 81.49776993041571, 37.627386500533085, 44.797298135304985
43.64364364364364, 28.509263394952846, 81.46039651413588, 37.584012595325596, 44.81455035885975
43.693693693693696, 28.4986021811586, 81.42306134914473, 37.54073976873217, 44.831788877570325
43.74374374374375, 28.48795540767749, 81.38576436415805, 37.49756767151203, 44.84901371650884
43.793793793793796, 28.477323038929093, 81.34850548809516, 37.45449595610843, 44.86622490067142
43.84384384384384, 28.466705039474515, 81.31128465007886, 37.41152427664864, 44.88342245497811
43.893893893893896, 28.45610137401643, 81.27410177943555, 37.36865228894395, 44.90060640427292
43.94394394394395, 28.445512007399056, 81.23695680569514, 37.32587965048964, 44.91777677332382
43.993993993993996, 28.434936904601177, 81.19984965858902, 37.283206020421055, 44.93493358682415
44.04404404404404, 28.42437603039477, 81.16278026794984, 37.24063105736454, 44.95207686946206
44.094094094094096, 28.413829349733543, 81.1257485638256, 37.198154421883174, 44.96920664584146
44.14414414414415, 28.40329682785522, 81.08875447650962, 37.15577577712115, 44.986322940461264
44.194194194194196, 28.39277843012428, 81.05179793649447, 37.1134947878135, 45.00342577774734
44.24424424424424, 28.382274122031962, 81.01487887447186, 37.07131112028609, 45.0205151820525
44.294294294294296, 28.371783869196243, 80.9779972213327, 37.02922444245563, 45.037591177656566
44.34434434434435, 28.361307637361865, 80.94115290816711, 36.98723442382968, 45.05465378876628
44.394394394394396, 28.35084539240031, 80.9043458662644, 36.945340735506655, 45.07170303951537
44.44444444444444, 28.340397100309804, 80.86757602711305, 36.90354305017577, 45.08873895396453
44.4944944944945, 28.329962727212706, 80.83084332239763, 36.86184104207641, 45.10576155610274
44.54454454454455, 28.319542239224308, 80.79414768384586, 36.82023438497539, 45.12277086991347
44.5945945945946, 28.309135602601675, 80.75748904340216, 36.778722754461825, 45.139766919299575
44.64464464464465, 28.298742783783617, 80.72086733327426, 36.73730582856402, 45.15674972806312
44.6946946946947, 28.28836374933002, 80.6842824858625, 36.695983286813416, 45.173719319936
44.74474474474474, 28.277998465921822, 80.64773443375974, 36.65475481024444, 45.19067571857995
44.7947947947948, 28.26764690036101, 80.61122310975138, 36.61362008139459, 45.20761894758655
44.84484484484485, 28.25730901957065, 80.57474844681538, 36.57257878430442, 45.2245490304772
44.8948948948949, 28.246984790594833, 80.53831037812228, 36.53163060451751, 45.24146599070316
44.94494494494494, 28.236674180598747, 80.5019088370351, 36.49077522908052, 45.2583698516455
44.994994994995, 28.226377156867272, 80.46554375710626, 36.450012346505865, 45.27526063661637
45.04504504504505, 28.216093686737555, 80.42921507191463, 36.409341644887434, 45.292138368921655
45.0950950950951, 28.2058237376753, 80.39292271524972, 36.36876281403182, 45.309003071790066
45.14514514514514, 28.19556727729571, 80.35666662116233, 36.328275546042754, 45.32585476835377
45.1951951951952, 28.185324273332107, 80.3204467238886, 36.28787953444516, 45.34269348167752
45.24524524524525, 28.17509469363594, 80.2842629578502, 36.24757447418513, 45.35951923475858
45.2952952952953, 28.164878506176798, 80.24811525765429, 36.20736006162994, 45.376332050526806
45.34534534534534, 28.15467567904237, 80.21200355809349, 36.16723599456805, 45.39313195184461
45.3953953953954, 28.144486180438502, 80.17592779414585, 36.12720197220905, 45.409918961506946
45.44544544544545, 28.134309978689146, 80.13988790097497, 36.08725769518376, 45.42669310224134
45.4954954954955, 28.12414704223346, 80.1038838139273, 36.047402865509866, 45.44345439670902
45.545545545545544, 28.113997339476054, 80.06791546839985, 36.007637184830216, 45.46020286756461
45.5955955955956, 28.10386083895584, 80.03198279998941, 35.96796035639915, 45.47693853738884
45.64564564564565, 28.093737509393264, 79.99608574453431, 35.92837208563829, 45.493661428669725
45.6956956956957, 28.083627319620415, 79.96022423805256, 35.888872079313735, 45.510371563830425
45.74574574574575, 28.073530238580965, 79.92439821674189, 35.84946004553617, 45.52706896522928
45.7957957957958, 28.06344623533022, 79.88860761697978, 35.81013569376082, 45.543753655159776
45.845845845845844, 28.053375279035073, 79.85285237532341, 35.77089873478741, 45.56042565585054
45.8958958958959, 28.043317338974056, 79.81713242850965, 35.73174888076023, 45.57708498946535
45.94594594594595, 28.033272384537277, 79.78144771345512, 35.692685845168086, 45.593731678103154
45.995995995996, 28.023240385604424, 79.74579816770684, 35.65370934832868, 45.61036574360939
46.046046046046044, 28.01322131075307, 79.71018372730569, 35.61481909138982, 45.62698720847031
46.096096096096105, 28.003215130197283, 79.67460433029068, 35.57601479897139, 45.64359609434617
46.14614614614615, 27.993221813698714, 79.63905991420798, 35.537296188853276, 45.66019242311391
46.1961961961962, 27.98324133112956, 79.60355041678213, 35.49866298014433, 45.67677621658617
46.246246246246244, 27.97327365247206, 79.56807577591557, 35.46011489327533, 45.69334749651151
46.2962962962963, 27.963318747818004, 79.53263592968803, 35.421651649991716, 45.70990628457467
46.34634634634635, 27.95337658736825, 79.49723081635585, 35.38327297334644, 45.72645260239683
46.3963963963964, 27.943447141432223, 79.46186037435149, 35.344978587692815, 45.74298647153583
46.446446446446444, 27.933530380427406, 79.42652454228289, 35.30676821867729, 45.75950791348642
46.4964964964965, 27.923626274874835, 79.39122325892899, 35.26864159318489, 45.77601694968222
46.54654654654655, 27.913734795193452, 79.35595646303788, 35.23059843691262, 45.792513601580794
46.5965965965966, 27.903855911958207, 79.32072409357991, 35.19263847741213, 45.80899789055694
46.64664664664665, 27.893989595950718, 79.28552608979716, 35.15476144468545, 45.82546983788171
46.6966966966967, 27.884135818053473, 79.25036239109957, 35.116967069936216, 45.8419294647663
46.74674674674675, 27.874294549249203, 79.21523293706434, 35.07925508556077, 45.8583767923623
46.7967967967968, 27.864465760620234, 79.18013766743508, 35.041625225139335, 45.874811841762025
46.84684684684685, 27.854649423347865, 79.14507652212112, 35.00407722342714, 45.89123463399882
46.8968968968969, 27.844845508711703, 79.11004944119682, 34.966610816345565, 45.907645190047354
46.946946946946944, 27.835053988089058, 79.0750563649008, 34.929225740973294, 45.924043530823944
46.996996996997005, 27.825274832954275, 79.0400972336352, 34.89192173553745, 45.94042967718685
47.04704704704705, 27.81550801487813, 79.00517198796499, 34.85469853940474, 45.95680364993657
47.0970970970971, 27.80575350552717, 78.97028056861718, 34.817555893072594, 45.97316546981617
47.147147147147145, 27.796011276663073, 78.93542291648018, 34.780493538160314, 45.98951515751159
47.197197197197205, 27.786281300142026, 78.90059897260299, 34.74351121740021, 46.0058527336519
47.24724724724725, 27.776563547914087, 78.86580867819453, 34.70660867462877, 46.02217821880968
47.2972972972973, 27.76685799202253, 78.83105197462282, 34.66978565477773, 46.038491633501266
47.347347347347345, 27.757164604603233, 78.79632880341438, 34.63304190386533, 46.05479299818709
47.3973973973974, 27.74748335788402, 78.7616391062534, 34.59637716898734, 46.07108233327199
47.44744744744745, 27.737814224184024, 78.72698282498104, 34.5597911983083, 46.08735965910546
47.4974974974975, 27.72815717591308, 78.6923599015947, 34.52328374105257, 46.10362499598203
47.54754754754755, 27.718512185615772, 78.65777027821481, 34.48685454732067, 46.11987836414968
47.5975975975976, 27.708879226135966, 78.62321389696403, 34.45050336743446, 46.136119783840115
47.64764764764765, 27.699258270241184, 78.58869070023908, 34.41422995339486, 46.152349275201004
47.6976976976977, 27.68964929076008, 78.55420063060963, 34.378034058332794, 46.16856685832129
47.74774774774775, 27.680052260613387, 78.51974363079462, 34.34191543637681, 46.1847725532373
47.7977977977978, 27.670467152813448, 78.4853196436614, 34.30587384264369, 46.20096637993304
47.84784784784785, 27.660893940463684, 78.4509286122249, 34.26990903322902, 46.217148358340566
47.8978978978979, 27.651332596758106, 78.41657047964686, 34.23402076519783, 46.23331850834029
47.94794794794795, 27.641783094980816, 78.38224518923496, 34.198208796575166, 46.2494768497613
47.997997997998, 27.632245408505515, 78.34795268444192, 34.16247288633674, 46.26562340238171
48.048048048048045, 27.622719510794983, 78.31369290886481, 34.126812794399484, 46.281758185929014
48.098098098098106, 27.6132053754006, 78.27946580624412, 34.09122828161221, 46.29788122008036
48.14814814814815, 27.603702975961838, 78.24527132046296, 34.05571910974618, 46.31399252446292
48.1981981981982, 27.59421228620575, 78.21110939554626, 34.02028504148571, 46.33009211865418
48.248248248248245, 27.584733279946487, 78.17697997565988, 33.98492584041881, 46.34618002218237
48.298298298298306, 27.5752659310848, 78.14288300510981, 33.949641271027744, 46.36225625452666
48.34834834834835, 27.565810213607516, 78.10881842834137, 33.914431098679685, 46.378320835117606
48.3983983983984, 27.556366101587074, 78.07478618993834, 33.87929508961727, 46.394373783337386
48.44844844844845, 27.546933569180982, 78.04078623462216, 33.844233010949246, 46.41041511852022
48.4984984984985, 27.537512590631362, 78.00681850725105, 33.80924463064107, 46.42644485995262
48.54854854854855, 27.528103140264424, 77.97288295281928, 33.77432971750548, 46.442463026873796
48.5985985985986, 27.51870519243316, 77.93897951676118, 33.73948804463484, 46.45846963836084
48.64864864864865, 27.509318721536875, 77.90510814484323, 33.70471938818166, 46.474464713369585
48.6986986986987, 27.499943702124988, 77.87126878260258, 33.67002352102338, 46.49044827094639
48.74874874874875, 27.49058010882757, 77.83746137571687, 33.635400216935146, 46.50642033008863
48.7987987987988, 27.4812279163543, 77.8036858700062, 33.60084925061314, 46.52238090974402
48.84884884884885, 27.471887099493898, 77.76994221143278, 33.56637039766871, 46.53833002881071
48.8988988988989, 27.462557633113562, 77.73623034610027, 33.53196343462261, 46.55426770613758
48.94894894894895, 27.453239492158424, 77.70255022025337, 33.49762813889909, 46.57019396052442
48.99899899899901, 27.443932651650986, 77.66890178027722, 33.463364288820145, 46.586108810722145
49.04904904904905, 27.434637086690554, 77.63528497269695, 33.42917166359962, 46.602012275433005
49.0990990990991, 27.425352772452683, 77.60169974417713, 33.39505004333745, 46.61790437331079
49.149149149149146, 27.416079684188624, 77.56814604152129, 33.36099920901374, 46.63378512296108
49.19919919919921, 27.40681779722476, 77.53462381167138, 33.327018942483036, 46.6496545429414
49.24924924924925, 27.397567086962056, 77.50113300170727, 33.29310902646844, 46.66551265176146
49.2992992992993, 27.38832752887548, 77.46767355884622, 33.25926924455578, 46.68135946788339
49.349349349349346, 27.379099098513457, 77.43424543044237, 33.22549938118781, 46.69719500972188
49.39939939939941, 27.36988177149733, 77.40084856398627, 33.19179922165833, 46.7130192956445
49.44944944944945, 27.360675523520758, 77.36748290710432, 33.15816855210645, 46.728832343971796
49.4994994994995, 27.351480330349204, 77.33414840755822, 33.124607159510646, 46.744634172977584
49.54954954954955, 27.34229616781933, 77.30084501324457, 33.09111483168302, 46.760424800889126
49.5995995995996, 27.33312301183451, 77.26757267220569, 33.057691357352454, 46.77620424588496
49.64964964964965, 27.323960838300703, 77.23433133281094, 33.02433652757657, 46.791972526056945
49.6996996996997, 27.314809623224924, 77.20112094347287, 32.99105013352641, 46.80772965946994
49.74974974974975, 27.305669342704206, 77.16794145267652, 32.95783196671305, 46.82347566415578
49.7997997997998, 27.296539972902625, 77.13479280904319, 32.9246818194835, 46.839210558099914
49.84984984984985, 27.287421490050654, 77.10167496133013, 32.89159948501576, 46.8549343592417
49.89989989989991, 27.27831387044461, 77.06858785843008, 32.85858475731394, 46.87064708547448
49.94994994994995, 27.269217090446006, 77.0355314493709, 32.82563743120341, 46.88634875464586
50.0, 27.26013112648098, 77.00250568331518, 32.792757302325896, 46.902039384557845
