Initial conditions: Te0=800.0, Ti0=1200.0, rho0=43.47826086956521, Rh0=23.000000000000004
t (ps), Te (keV), Ti (keV), rho (g/cm^3), Rh (um)
0.0, 800.0, 1200.0, 43.47826086956521, 23.000000000000004
0.1001001001001001, 67.50070516021931, 1198.998652762612, 43.50226286627832, 23.000000000000004
0.2002002002002002, 52.05762779936427, 1196.9775603406715, 43.505108032487115, 23.000000000000004
0.3003003003003003, 45.6725482948853, 1194.332710147445, 43.50689820834216, 23.000000000000004
0.4004004004004004, 42.36372423650872, 1191.2749220566743, 43.50829662079195, 23.000000000000004
0.5005005005005005, 40.49682482297406, 1187.9490229333533, 43.50950711994661, 23.000000000000004
0.6006006006006006, 39.39878320855791, 1184.4541374020619, 43.51061676314184, 23.000000000000004
0.7007007007007008, 38.73637381718536, 1180.8559513575485, 43.51166886880264, 23.000000000000004
0.8008008008008008, 38.328621867347195, 1177.1967511326268, 43.512686848087846, 23.000000000000004
0.9009009009009009, 38.07231061189373, 1173.5032016558318, 43.513683969536174, 23.000000000000004
1.001001001001001, 37.90695934483111, 1169.7918905358076, 43.51466796912459, 23.000000000000004
1.1011011011011012, 37.79657408143529, 1166.073048868928, 43.515643435519266, 23.000000000000004
1.2012012012012012, 37.71953297028249, 1162.3529542782521, 43.516613119922994, 23.000000000000004
1.3013013013013013, 37.66277199989618, 1158.6354461614471, 43.51757868321686, 23.000000000000004
1.4014014014014016, 37.61836812105297, 1154.922867610375, 43.518541132631185, 23.000000000000004
1.5015015015015014, 37.581503427804314, 1151.2166460842493, 43.51950108101313, 23.000000000000004
1.6016016016016017, 37.549242838824284, 1147.517649397518, 43.52045890217483, 23.000000000000004
1.7017017017017018, 37.51979567528211, 1143.8264035417417, 43.52141482464252, 23.000000000000004
1.8018018018018018, 37.49206811847914, 1140.1432257355043, 43.522368988452556, 23.000000000000004
1.901901901901902, 37.465391449025574, 1136.468305606095, 43.52332147963925, 23.000000000000004
2.002002002002002, 37.43935618089902, 1132.801754883676, 43.52427235128936, 23.000000000000004
2.1021021021021022, 37.413711632194236, 1129.143637546677, 43.5252216362952, 23.000000000000004
2.2022022022022023, 37.38830407918361, 1125.493988407004, 43.52616935521241, 23.000000000000004
2.3023023023023024, 37.36303914453235, 1121.8528244205286, 43.527115521041175, 23.000000000000004
2.4024024024024024, 37.33785895438208, 1118.2201515597474, 43.52806014213183, 23.000000000000004
2.5025025025025025, 37.31272788833377, 1114.5959691023731, 43.529003223998686, 23.000000000000004
2.6026026026026026, 37.287624069457316, 1110.9802721929623, 43.52994477040373, 23.000000000000004
2.702702702702703, 37.26253393312219, 1107.3730534780418, 43.5308847840489, 23.000000000000004
2.802802802802803, 37.23744929579397, 1103.774303988686, 43.531823266949736, 23.000000000000004
2.9029029029029028, 37.21236502292328, 1100.1840138427929, 43.53276022073318, 23.000000000000004
3.003003003003003, 37.18727787342003, 1096.6021725930839, 43.53369564678504, 23.000000000000004
3.1031031031031033, 37.162185950458536, 1093.0287693927444, 43.534629546320176, 23.000000000000004
3.2032032032032034, 37.13708803913682, 1089.4637931943207, 43.5355619204671, 23.000000000000004
3.3033033033033035, 37.11198333626949, 1085.9072328315817, 43.5364927703027, 23.000000000000004
3.4034034034034035, 37.086871427171, 1082.359076716903, 43.537422096881635, 23.000000000000004
3.503503503503504, 37.06175206603839, 1078.8193139243992, 43.53834990117748, 23.000000000000004
3.6036036036036037, 37.0366250436291, 1075.287931936269, 43.539276184295844, 23.000000000000004
3.703703703703704, 37.0114902742754, 1071.7649233888835, 43.540200946882244, 23.000000000000004
3.803803803803804, 36.98634763017933, 1068.2502678355236, 43.541124190716474, 23.000000000000004
3.903903903903904, 36.961197123920336, 1064.7439656001645, 43.54204591577006, 23.000000000000004
4.004004004004004, 36.936038703963156, 1061.2460014275312, 43.54296612336848, 23.000000000000004
4.104104104104104, 36.91087231498309, 1057.756361611733, 43.54388481470287, 23.000000000000004
4.2042042042042045, 36.885697938553484, 1054.2750339041543, 43.54480199083575, 23.000000000000004
4.3043043043043046, 36.86051562179658, 1050.8020085473252, 43.54571765260976, 23.000000000000004
4.404404404404405, 36.83532537101675, 1047.3372742325184, 43.54663180100448, 23.000000000000004
4.504504504504505, 36.81012720178408, 1043.8808196098953, 43.5475444370046, 23.000000000000004
4.604604604604605, 36.78492114788161, 1040.432633340827, 43.54845556159648, 23.000000000000004
4.704704704704705, 36.759707231657224, 1036.9927040796456, 43.54936517576541, 23.000000000000004
4.804804804804805, 36.73448543774347, 1033.561001635309, 43.550273282156375, 23.000000000000004
4.904904904904906, 36.709255782236035, 1030.137568391791, 43.551179877057926, 23.000000000000004
5.005005005005005, 36.68401821084319, 1026.7223451422994, 43.552084965664605, 23.000000000000004
5.105105105105106, 36.65877264360262, 1023.315329400954, 43.55298854820971, 23.000000000000004
5.205205205205205, 36.63351897189602, 1019.9165142426695, 43.55389062532384, 23.000000000000004
5.305305305305305, 36.6082573304096, 1016.5258882463966, 43.55479119799385, 23.000000000000004
5.405405405405406, 36.58298778220243, 1013.1434399257694, 43.555690267225415, 23.000000000000004
5.505505505505505, 36.55771032635669, 1009.7691570235212, 43.55658783410449, 23.000000000000004
5.605605605605606, 36.532424952565705, 1006.4030304065384, 43.55748389944291, 23.000000000000004
5.705705705705706, 36.50713165620331, 1003.0450532048111, 43.55837846385052, 23.000000000000004
5.8058058058058055, 36.481830450675524, 999.6951967836537, 43.55927152987673, 23.000000000000004
5.9059059059059065, 36.45652132965908, 996.3534697939235, 43.56016309675248, 23.000000000000004
6.006006006006006, 36.43120428772177, 993.0198565020595, 43.56105316588676, 23.000000000000004
6.106106106106107, 36.405879323478125, 989.6943428068372, 43.56194173854026, 23.000000000000004
6.206206206206207, 36.380546436601165, 986.3769150339972, 43.56282881593489, 23.000000000000004
6.306306306306307, 36.35520565010674, 983.0675619674807, 43.56371439907595, 23.000000000000004
6.406406406406407, 36.32985700411315, 979.7662741922625, 43.56459848880995, 23.000000000000004
6.506506506506507, 36.30450052145228, 976.4730404729088, 43.56548108614389, 23.000000000000004
6.606606606606607, 36.27913621664658, 973.187849579351, 43.56636219208679, 23.000000000000004
6.706706706706707, 36.25376402832247, 969.9106903390552, 43.56724180766572, 23.000000000000004
6.806806806806807, 36.22838391923546, 966.6415515611955, 43.56811993390198, 23.000000000000004
6.906906906906907, 36.20299586457277, 963.3804220455222, 43.56899657181395, 23.000000000000004
7.007007007007008, 36.17759995627585, 960.1272905689633, 43.56987172240712, 23.000000000000004
7.107107107107107, 36.1521963410406, 956.8821459199331, 43.57074538668554, 23.000000000000004
7.207207207207207, 36.126784813593055, 953.6449763999507, 43.571617565751644, 23.000000000000004
7.307307307307307, 36.10136539976633, 950.4157722824025, 43.57248826049251, 23.000000000000004
7.407407407407408, 36.07593813347816, 947.1945195837129, 43.57335747218629, 23.000000000000004
7.507507507507508, 36.05050301293457, 943.9812090038702, 43.574225201689444, 23.000000000000004
7.607607607607608, 36.02506004803612, 940.7758301291169, 43.57509144996026, 23.000000000000004
7.707707707707708, 35.999609254654196, 937.5783716369172, 43.57595621804228, 23.000000000000004
7.807807807807808, 35.9741506282986, 934.3888250622338, 43.576819506723616, 23.000000000000004
7.907907907907909, 35.948684178335654, 931.2071768032655, 43.577681317262574, 23.000000000000004
8.008008008008009, 35.9232099156908, 928.0334137202956, 43.57854165087381, 23.000000000000004
8.108108108108109, 35.897727862433136, 924.867524338371, 43.57940050862232, 23.000000000000004
8.208208208208209, 35.8722380545181, 921.7094992570323, 43.580257891386616, 23.000000000000004
8.308308308308309, 35.84674051659828, 918.559327387279, 43.581113800196995, 23.000000000000004
8.408408408408409, 35.82123526831795, 915.4169976215207, 43.58196823608697, 23.000000000000004
8.508508508508509, 35.795722247711744, 912.2824989166501, 43.582821200109755, 23.000000000000004
8.608608608608609, 35.77020140706174, 909.1558202183023, 43.58367269331515, 23.000000000000004
8.70870870870871, 35.74467271811008, 906.0369504567369, 43.584522716748225, 23.000000000000004
8.80880880880881, 35.71913624735979, 902.9258785432822, 43.585371271443364, 23.000000000000004
8.90890890890891, 35.69359225849412, 899.8225933664418, 43.58621835841607, 23.000000000000004
9.00900900900901, 35.668040522756385, 896.7270828682917, 43.58706397884939, 23.000000000000004
9.10910910910911, 35.64248103616926, 893.6393391892354, 43.58790813349209, 23.000000000000004
9.20920920920921, 35.61691385377968, 890.55934624287, 43.58875082387017, 23.000000000000004
9.30930930930931, 35.59133897085812, 887.4870963732308, 43.58959205071749, 23.000000000000004
9.40940940940941, 35.5657563975846, 884.4225793764199, 43.59043181501025, 23.000000000000004
9.50950950950951, 35.54016616171512, 881.3657810285583, 43.59127011811099, 23.000000000000004
9.60960960960961, 35.51456825830198, 878.3166966646614, 43.59210696047431, 23.000000000000004
9.70970970970971, 35.48896270035698, 875.2753122221548, 43.592942343455356, 23.000000000000004
9.809809809809812, 35.46334950387244, 872.241614665316, 43.59377626830813, 23.000000000000004
9.90990990990991, 35.43772869018881, 869.2155917192865, 43.5946087362158, 23.000000000000004
10.01001001001001, 35.41210030294287, 866.1972342812705, 43.59543974806598, 23.000000000000004
10.11011011011011, 35.38646437452828, 863.1865316489325, 43.59626930489533, 23.000000000000004
10.210210210210212, 35.36082093543263, 860.183472856315, 43.59709740776508, 23.000000000000004
10.310310310310312, 35.33516995520862, 857.1880469900647, 43.59792405775224, 23.000000000000004
10.41041041041041, 35.30951137382089, 854.2002431623708, 43.59874925594148, 23.000000000000004
10.51051051051051, 35.28384516805353, 851.2200504536372, 43.59957300340794, 23.000000000000004
10.61061061061061, 35.258171345130705, 848.2474579388536, 43.600395301223415, 23.000000000000004
10.710710710710712, 35.23249019454143, 845.2824546502395, 43.60121615043016, 23.000000000000004
10.810810810810812, 35.20680157571343, 842.3250297502514, 43.60203555212876, 23.000000000000004
10.91091091091091, 35.18110544436787, 839.3751723725431, 43.60285350740766, 23.000000000000004
11.01101101101101, 35.15540185293137, 836.4328699937016, 43.60367001750801, 23.000000000000004
11.11111111111111, 35.12969080758436, 833.4981136469004, 43.604485083325855, 23.000000000000004
11.211211211211213, 35.10397231742839, 830.570895284187, 43.605298705665774, 23.000000000000004
11.311311311311313, 35.07824643581635, 827.6511940121533, 43.606110886621785, 23.000000000000004
11.411411411411413, 35.05251315053018, 824.7390121278443, 43.60692162596748, 23.000000000000004
11.511511511511511, 35.0267724816964, 821.8343348400988, 43.60773092519739, 23.000000000000004
11.611611611611611, 35.00102445325636, 818.9371491232763, 43.60853878562376, 23.000000000000004
11.711711711711713, 34.97526909025592, 816.0474421744002, 43.609345208536695, 23.000000000000004
11.811811811811813, 34.949506439178926, 813.1652043653075, 43.610150194918056, 23.000000000000004
11.911911911911913, 34.92373654458085, 810.2904257822589, 43.61095374577743, 23.000000000000004
12.012012012012011, 34.897959445060025, 807.4230956293023, 43.61175586221005, 23.000000000000004
12.112112112112113, 34.87217514791993, 804.563203139417, 43.6125565453198, 23.000000000000004
12.212212212212213, 34.84638358574081, 801.7107376146621, 43.6133557962311, 23.000000000000004
12.312312312312313, 34.82058473805093, 798.8656883136945, 43.61415361605545, 23.000000000000004
12.412412412412413, 34.794778593769564, 796.0280444913932, 43.61495000590285, 23.000000000000004
12.512512512512513, 34.76896539201906, 793.1977953668792, 43.61574496685728, 23.000000000000004
12.612612612612613, 34.743145125735666, 790.3749302505782, 43.61653850004003, 23.000000000000004
12.712712712712714, 34.71731771045636, 787.5594384314627, 43.61733060658669, 23.000000000000004
12.812812812812814, 34.69148320194431, 784.7513080626237, 43.61812128773279, 23.000000000000004
12.912912912912914, 34.66564161756762, 781.9505293670129, 43.61891054450549, 23.000000000000004
13.013013013013014, 34.639792983218406, 779.1570913308594, 43.61969837806527, 23.000000000000004
13.113113113113114, 34.61393732800091, 776.3709845935768, 43.620484789400045, 23.000000000000004
13.213213213213214, 34.58807468663111, 773.5921987117512, 43.621269779614714, 23.000000000000004
13.313313313313314, 34.56220507069647, 770.8207253851189, 43.62205334959912, 23.000000000000004
13.413413413413414, 34.53632851494356, 768.0565513176429, 43.6228355007669, 23.000000000000004
13.513513513513514, 34.51044505464356, 765.2996636800741, 43.62361623448082, 23.000000000000004
13.613613613613614, 34.48455474051064, 762.5500521698348, 43.62439555184621, 23.000000000000004
13.713713713713714, 34.45865763003452, 759.8077075929126, 43.62517345385543, 23.000000000000004
13.813813813813814, 34.432753772119106, 757.0726193505462, 43.62594994164399, 23.000000000000004
13.913913913913914, 34.40684319364524, 754.3447768656823, 43.626725016353866, 23.000000000000004
14.014014014014016, 34.380925835575844, 751.6241696459537, 43.627498679152275, 23.000000000000004
14.114114114114114, 34.355001682059985, 748.9107871564266, 43.62827093119377, 23.000000000000004
14.214214214214214, 34.32907072822137, 746.2046188552507, 43.62904177363051, 23.000000000000004
14.314314314314315, 34.303133196405334, 743.505654174958, 43.62981120759237, 23.000000000000004
14.414414414414415, 34.27718911065282, 740.8138826299046, 43.63057923424146, 23.000000000000004
14.514514514514516, 34.25123841318102, 738.1292937368758, 43.631345854752624, 23.000000000000004
14.614614614614615, 34.22528116469472, 735.4518755782174, 43.63211107044554, 23.000000000000004
14.714714714714717, 34.199317387899676, 732.7816190713821, 43.632874882333105, 23.000000000000004
14.814814814814817, 34.17334712254483, 730.1185130889473, 43.633637291659696, 23.000000000000004
14.914914914914917, 34.147370406339235, 727.4625488360243, 43.634398299411004, 23.000000000000004
15.015015015015017, 34.12138728982012, 724.8137153162011, 43.635157906822535, 23.000000000000004
15.115115115115117, 34.09539779118639, 722.172005277201, 43.635916114722455, 23.000000000000004
15.215215215215215, 34.06940196106602, 719.5374054004789, 43.63667292461652, 23.000000000000004
15.315315315315315, 34.04339984991879, 716.909902983461, 43.63742833793919, 23.000000000000004
15.415415415415415, 34.01739152182018, 714.2894881366672, 43.63818235582164, 23.000000000000004
15.515515515515515, 33.99137704464747, 711.6761517561008, 43.638934979310335, 23.000000000000004
15.615615615615615, 33.96535648013872, 709.0698834693557, 43.639686209588504, 23.000000000000004
15.715715715715717, 33.939329865811594, 706.4706729395016, 43.6404360478494, 23.000000000000004
15.815815815815817, 33.913297194239874, 703.8785098954397, 43.641184495304834, 23.000000000000004
15.915915915915917, 33.88725848764112, 701.2933840226505, 43.64193155315437, 23.000000000000004
16.016016016016017, 33.86121386026304, 698.7152482300329, 43.64267722693195, 23.000000000000004
16.116116116116117, 33.835163091161526, 696.1441929835527, 43.643421505995185, 23.000000000000004
16.216216216216218, 33.80910640808077, 693.5801258246997, 43.64416440123569, 23.000000000000004
16.316316316316318, 33.783043815121225, 691.0230465681598, 43.64490591267543, 23.000000000000004
16.416416416416418, 33.75697542639357, 688.4729500568527, 43.64564604092543, 23.000000000000004
16.516516516516518, 33.730901315740645, 685.9298300423444, 43.64638478673035, 23.000000000000004
16.616616616616618, 33.704821545863524, 683.393675361386, 43.64712215142564, 23.000000000000004
16.716716716716718, 33.678736165701764, 680.8644751982271, 43.647858136314994, 23.000000000000004
16.816816816816818, 33.6526452130753, 678.3422207798155, 43.64859274245988, 23.000000000000004
16.916916916916918, 33.626548735319346, 675.826900662062, 43.64932597125048, 23.000000000000004
17.017017017017018, 33.600446787082674, 673.318505109611, 43.65005782387471, 23.000000000000004
17.117117117117118, 33.57433939893138, 670.8170287650285, 43.65078830098429, 23.000000000000004
17.217217217217218, 33.54822670548592, 668.3224483805321, 43.651517405438156, 23.000000000000004
17.31731731731732, 33.522108672412564, 665.834769658109, 43.65224513653972, 23.000000000000004
17.41741741741742, 33.49598538017403, 663.353977813789, 43.652971496125204, 23.000000000000004
17.51751751751752, 33.46985690051029, 660.8800599235979, 43.65369648579486, 23.000000000000004
17.61761761761762, 33.44372330828374, 658.4130039649167, 43.65442010704083, 23.000000000000004
17.71771771771772, 33.41758469938981, 655.9528018502601, 43.655142360889506, 23.000000000000004
17.81781781781782, 33.391441161368185, 653.499443928835, 43.65586324855229, 23.000000000000004
17.91791791791792, 33.36529277332024, 651.052920171801, 43.65658277128906, 23.000000000000004
18.01801801801802, 33.339139546768706, 648.6132206450179, 43.657300930387926, 23.000000000000004
18.11811811811812, 33.312981509262514, 646.1803353918875, 43.658017727130286, 23.000000000000004
18.21821821821822, 33.28681889565588, 643.7542139056694, 43.65873316805677, 23.000000000000004
18.31831831831832, 33.26065122624056, 641.3349564641246, 43.65944724015428, 23.000000000000004
18.41841841841842, 33.2344789788738, 638.9224646224349, 43.660159956212034, 23.000000000000004
18.518518518518523, 33.20830215442768, 636.5167383457183, 43.66087131623462, 23.000000000000004
18.61861861861862, 33.182120866053424, 634.1177731081447, 43.6615813208162, 23.000000000000004
18.71871871871872, 33.15593520843608, 631.7255636186726, 43.662289970654044, 23.000000000000004
18.81881881881882, 33.12974526660042, 629.3400982909936, 43.66299726728352, 23.000000000000004
18.91891891891892, 33.10355110442985, 626.9613683572577, 43.663703211874264, 23.000000000000004
19.01901901901902, 33.07735279128139, 624.5893642685595, 43.66440780570351, 23.000000000000004
19.11911911911912, 33.051150411323675, 622.2240743245694, 43.66511105034804, 23.000000000000004
19.21921921921922, 33.02494402123948, 619.8654913713075, 43.66581294677588, 23.000000000000004
19.31931931931932, 32.9987336582554, 617.5136109163831, 43.66651349558825, 23.000000000000004
19.41941941941942, 32.97251957993839, 615.168402859412, 43.66721270090595, 23.000000000000004
19.519519519519523, 32.946301683720826, 612.8298791896688, 43.66791056108863, 23.000000000000004
19.619619619619623, 32.92008008828309, 610.498026124224, 43.66860707804179, 23.000000000000004
19.71971971971972, 32.89385490670572, 608.1728305213079, 43.669302253580184, 23.000000000000004
19.81981981981982, 32.86762624673455, 605.8542803192618, 43.66999608937, 23.000000000000004
19.91991991991992, 32.8413942224749, 603.5423673730397, 43.670688586564125, 23.000000000000004
20.02002002002002, 32.815158946580574, 601.2370826436751, 43.671379746432585, 23.000000000000004
20.12012012012012, 32.78892052172285, 598.9384164943128, 43.672069570329406, 23.000000000000004
20.22022022022022, 32.76267897902977, 596.6463593880674, 43.6727580596401, 23.000000000000004
20.32032032032032, 32.73643436968974, 594.3609017600221, 43.67344521574137, 23.000000000000004
20.420420420420424, 32.71018696134376, 592.0820109598345, 43.67413104336273, 23.000000000000004
20.520520520520524, 32.68393628675013, 589.8097419951142, 43.67481553452247, 23.000000000000004
20.620620620620624, 32.65768291557339, 587.5440302035147, 43.67549869862031, 23.000000000000004
20.720720720720724, 32.63142687872644, 585.2848743790681, 43.676180535834945, 23.000000000000004
20.82082082082082, 32.605168323709364, 583.0322687675288, 43.67686104701924, 23.000000000000004
20.92092092092092, 32.57890733428331, 580.7862060364854, 43.67754023326615, 23.000000000000004
21.02102102102102, 32.55264400402513, 578.5466767417435, 43.678218095985116, 23.000000000000004
21.12112112112112, 32.526378455855735, 576.3136699900798, 43.67889463681414, 23.000000000000004
21.22122122122122, 32.50011077066028, 574.0871784639211, 43.679569856859295, 23.000000000000004
21.32132132132132, 32.473841074345025, 571.8671904871408, 43.68024375789593, 23.000000000000004
21.421421421421424, 32.44756945521544, 569.6536989115311, 43.680916341019056, 23.000000000000004
21.521521521521525, 32.42129594398816, 567.4467012930746, 43.68158760658957, 23.000000000000004
21.621621621621625, 32.39502095576185, 565.2461647148077, 43.68225755971328, 23.000000000000004
21.721721721721725, 32.3687443053238, 563.0521038935351, 43.6829261981081, 23.000000000000004
21.82182182182182, 32.34246616862191, 560.8645055906824, 43.68359352384627, 23.000000000000004
21.92192192192192, 32.31618672338613, 558.6833564480435, 43.684259539019166, 23.000000000000004
22.02202202202202, 32.28990612551722, 556.5086450939929, 43.6849242454131, 23.000000000000004
22.12212212212212, 32.26362449965884, 554.3403641571449, 43.68558764422055, 23.000000000000004
22.22222222222222, 32.23734198300027, 552.1785046462693, 43.68624973687452, 23.000000000000004
22.322322322322325, 32.21105866523043, 550.0230574168367, 43.686910524862974, 23.000000000000004
22.422422422422425, 32.1847746079291, 547.8740133617814, 43.687570009686674, 23.000000000000004
22.522522522522525, 32.15848990315225, 545.7313633488261, 43.688228192837016, 23.000000000000004
22.622622622622625, 32.13220470294399, 543.5950983017494, 43.68888507581795, 23.000000000000004
22.722722722722725, 32.10591914700351, 541.4652091327947, 43.68954066013083, 23.000000000000004
22.822822822822825, 32.079633385676715, 539.3416867738283, 43.690194947282116, 23.000000000000004
22.922922922922922, 32.05334760282413, 537.2245222054918, 43.690847938790405, 23.000000000000004
23.023023023023022, 32.02706196300041, 535.1137063841959, 43.69149963616845, 23.000000000000004
23.123123123123122, 32.000776601075124, 533.009230342525, 43.69215004095324, 23.000000000000004
23.223223223223222, 31.974491648927973, 530.9110851209532, 43.692799154684245, 23.000000000000004
23.323323323323326, 31.948207412500448, 528.8192501623058, 43.69344698091851, 23.000000000000004
23.423423423423426, 31.9219235298455, 526.7337499566363, 43.69409351540975, 23.000000000000004
23.523523523523526, 31.89564057569798, 524.6545450436994, 43.694738765029186, 23.000000000000004
23.623623623623626, 31.869358618897852, 522.5816316356717, 43.695382730461425, 23.000000000000004
23.723723723723726, 31.84307774081229, 520.5150053008888, 43.69602541250547, 23.000000000000004
23.823823823823826, 31.816798146155772, 518.4546553253435, 43.69666681307433, 23.000000000000004
23.923923923923926, 31.79051993316478, 516.400576640014, 43.697306933077, 23.000000000000004
24.024024024024023, 31.76424339679109, 514.3527543687235, 43.6979457752, 23.000000000000004
24.124124124124123, 31.73796854354431, 512.3111882015675, 43.69858333951374, 23.000000000000004
24.224224224224226, 31.71169563551849, 510.2758649537674, 43.69921962842613, 23.000000000000004
24.324324324324326, 31.685424890495078, 508.2467737160467, 43.69985464393478, 23.000000000000004
24.424424424424426, 31.65915645645948, 506.22390728895465, 43.70048838739917, 23.000000000000004
24.524524524524526, 31.63289050290733, 504.2072571674702, 43.70112086040589, 23.000000000000004
24.624624624624627, 31.606627150218294, 502.19681473554107, 43.701752064602836, 23.000000000000004
24.724724724724727, 31.580366518770425, 500.192571377118, 43.70238200163793, 23.000000000000004
24.824824824824827, 31.55410877911503, 498.19451848979287, 43.70301067316099, 23.000000000000004
24.924924924924927, 31.52785414023133, 496.2026474979482, 43.7036380808288, 23.000000000000004
25.025025025025027, 31.50160279413523, 494.2169498209841, 43.70426422629738, 23.000000000000004
25.125125125125123, 31.475354962415878, 492.2374169296892, 43.70488911123849, 23.000000000000004
25.225225225225227, 31.449110838025764, 490.26404031147774, 43.705512737330984, 23.000000000000004
25.325325325325327, 31.42287057967186, 488.29681148967165, 43.706135106267666, 23.000000000000004
25.425425425425427, 31.39663436864683, 486.3357220062287, 43.706756219746744, 23.000000000000004
25.525525525525527, 31.37040239211415, 484.3807634185044, 43.70737607947148, 23.000000000000004
25.625625625625627, 31.344174851988132, 482.43192731372557, 43.70799468715499, 23.000000000000004
25.725725725725727, 31.317951948360957, 480.4892052922932, 43.70861204451511, 23.000000000000004
25.825825825825827, 31.291733879807985, 478.5525889879843, 43.70922815328164, 23.000000000000004
25.925925925925927, 31.26552084636428, 476.6220700539237, 43.70984301519129, 23.000000000000004
26.026026026026027, 31.23931304934208, 474.69764016459, 43.710456631988436, 23.000000000000004
26.126126126126128, 31.213110695270828, 472.77929102433336, 43.71106900542815, 23.000000000000004
26.226226226226228, 31.186913992076438, 470.867014349566, 43.711680137269944, 23.000000000000004
26.326326326326328, 31.160723151365193, 468.9608018917547, 43.712290029286144, 23.000000000000004
26.426426426426428, 31.134538385881623, 467.06064541687095, 43.71289868325458, 23.000000000000004
26.526526526526528, 31.10835991083983, 465.16653671868164, 43.713506100963414, 23.000000000000004
26.626626626626628, 31.082187943693857, 463.27846760910177, 43.714112284207765, 23.000000000000004
26.726726726726728, 31.056022704858638, 461.39642992708576, 43.71471723479295, 23.000000000000004
26.826826826826828, 31.029864417149412, 459.5204155334251, 43.71532095453281, 23.000000000000004
26.926926926926928, 31.003713305654163, 457.65041630965635, 43.71592344524916, 23.000000000000004
27.027027027027028, 30.977569598291108, 455.786424164798, 43.71652470877474, 23.000000000000004
27.127127127127128, 30.951433524614107, 453.92843102339816, 43.717124746948386, 23.000000000000004
27.227227227227228, 30.925305317761502, 452.07642884288396, 43.71772356162218, 23.000000000000004
27.32732732732733, 30.899185211879225, 450.23040958989867, 43.71832115465193, 23.000000000000004
27.42742742742743, 30.873073445283556, 448.3903652671608, 43.718917527908246, 23.000000000000004
27.52752752752753, 30.846970257340075, 446.5562878866086, 43.71951268326555, 23.000000000000004
27.62762762762763, 30.82087589138304, 444.72816949557733, 43.72010662261314, 23.000000000000004
27.72772772772773, 30.794790591741116, 442.90600215023426, 43.72069934784402, 23.000000000000004
27.82782782782783, 30.768714606737, 441.0897779421274, 43.72129086086643, 23.000000000000004
27.92792792792793, 30.742648185658624, 439.2794889713038, 43.72188116359225, 23.000000000000004
28.028028028028032, 30.716591581937717, 437.47512737333034, 43.72247025794906, 23.000000000000004
28.128128128128132, 30.690545049883447, 435.67668529129577, 43.723058145867704, 23.000000000000004
28.22822822822823, 30.664508848003486, 433.8841549033159, 43.723644829294884, 23.000000000000004
28.32832832832833, 30.638483235851826, 432.09752839628726, 43.72423031018124, 23.000000000000004
28.42842842842843, 30.612468476935096, 430.3167979901552, 43.72481459049279, 23.000000000000004
28.52852852852853, 30.58646483595049, 428.5419559148123, 43.72539767220012, 23.000000000000004
28.62862862862863, 30.560472581395924, 426.77299443139503, 43.72597955728876, 23.000000000000004
28.72872872872873, 30.534491983122113, 425.00990581218684, 43.72656024774954, 23.000000000000004
28.82882882882883, 30.508523314662767, 423.25268235908425, 43.727139745587856, 23.000000000000004
28.92892892892893, 30.482566851028515, 421.5013163859194, 43.72771805281493, 23.000000000000004
29.029029029029033, 30.456622870688584, 419.7558002334612, 43.72829517145566, 23.000000000000004
29.129129129129133, 30.430691654041045, 418.01612625765233, 43.7288711035426, 23.000000000000004
29.22922922922923, 30.404773484423465, 416.2822868372344, 43.729445851120275, 23.000000000000004
29.32932932932933, 30.37886864751991, 414.554274369231, 43.7300194162427, 23.000000000000004
29.429429429429433, 30.352977431493084, 412.8320812694553, 43.73059180097419, 23.000000000000004
29.52952952952953, 30.327100127307666, 411.11569997518353, 43.73116300739054, 23.000000000000004
29.629629629629633, 30.30123702795069, 409.4051229385639, 43.73173303757608, 23.000000000000004
29.72972972972973, 30.27538842968633, 407.70034263629066, 43.73230189362876, 23.000000000000004
29.829829829829833, 30.249554630153195, 406.00135155460197, 43.7328695776523, 23.000000000000004
29.92992992992993, 30.223735931091348, 404.30814220947724, 43.733436091767594, 23.000000000000004
30.030030030030034, 30.197932634841788, 402.6207071209805, 43.73400143809829, 23.000000000000004
30.13013013013013, 30.172145048373753, 400.93903884224613, 43.73456561878791, 23.000000000000004
30.230230230230234, 30.14637347875061, 399.2631299267502, 43.735128635980566, 23.000000000000004
30.33033033033033, 30.120618238048436, 397.59297296299167, 43.73569049184227, 23.000000000000004
30.43043043043043, 30.09487963809886, 395.92856053742514, 43.73625118853813, 23.000000000000004
30.530530530530534, 30.069157996006766, 394.2698852722904, 43.73681072825666, 23.000000000000004
30.63063063063063, 30.043453628304515, 392.6169397856167, 43.73736911318394, 23.000000000000004
30.730730730730734, 30.017766857075465, 390.9697167316408, 43.737926345530944, 23.000000000000004
30.83083083083083, 29.992098003725786, 389.3282087600509, 43.73848242750573, 23.000000000000004
30.930930930930934, 29.966447395019852, 387.69240855468064, 43.7390373613412, 23.000000000000004
31.03103103103103, 29.940815357232758, 386.06230879613446, 43.73959114926801, 23.000000000000004
31.131131131131134, 29.91520222164257, 384.43790219584406, 43.74014379354064, 23.000000000000004
31.23123123123123, 29.889608319411114, 382.8191814644481, 43.74069529641301, 23.000000000000004
31.331331331331334, 29.864033986209545, 381.20613933920197, 43.74124566016099, 23.000000000000004
31.431431431431434, 29.838479558073004, 379.5987685594876, 43.74179488706221, 23.000000000000004
31.53153153153153, 29.81294537484294, 377.99706188590477, 43.742342979413124, 23.000000000000004
31.631631631631635, 29.787431777610603, 376.4010120861035, 43.74288993951632, 23.000000000000004
31.73173173173173, 29.761939110154735, 374.81061194205176, 43.74343576968834, 23.000000000000004
31.831831831831835, 29.736467718522842, 373.22585424802764, 43.74398047225728, 23.000000000000004
31.93193193193193, 29.711017950269092, 371.64673180567587, 43.74452404955941, 23.000000000000004
32.032032032032035, 29.68559015628837, 370.0732374338624, 43.74506650394859, 23.000000000000004
32.13213213213213, 29.660184687921593, 368.50536395305903, 43.745607837781364, 23.000000000000004
32.232232232232235, 29.634801900664065, 366.9431042038308, 43.74614805343679, 23.000000000000004
32.332332332332335, 29.609442149653358, 365.38645102447737, 43.74668715329221, 23.000000000000004
32.432432432432435, 29.584105794733826, 363.8353972743223, 43.74722513975115, 23.000000000000004
32.532532532532535, 29.55879319500138, 362.2899358090449, 43.74776201521321, 23.000000000000004
32.632632632632635, 29.533504714215088, 360.75005950353733, 43.74829778210514, 23.000000000000004
32.732732732732735, 29.50824071547308, 359.2157612297713, 43.748832442849924, 23.000000000000004
32.832832832832835, 29.4830015661359, 357.687033875493, 43.74936599989651, 23.000000000000004
32.932932932932935, 29.457787633319924, 356.16387032744143, 43.749898455692374, 23.000000000000004
33.033033033033036, 29.432599287725544, 354.6462634838208, 43.750429812707786, 23.000000000000004
33.133133133133136, 29.407436900462315, 353.1342062441485, 43.75096007341558, 23.000000000000004
33.233233233233236, 29.38230084528513, 351.6276915148061, 43.75148924030626, 23.000000000000004
33.333333333333336, 29.357191497293126, 350.1267122058758, 43.75201731587918, 23.000000000000004
33.433433433433436, 29.332109233045255, 348.6312612300234, 43.752544302644274, 23.000000000000004
33.533533533533536, 29.307054431442513, 347.14133150503557, 43.753070203127784, 23.000000000000004
33.633633633633636, 29.28202747175399, 345.6569159483908, 43.75359501985923, 23.000000000000004
33.733733733733736, 29.257028736346886, 344.1780074822884, 43.75411875539099, 23.000000000000004
33.833833833833836, 29.23205860724654, 342.7045990275994, 43.75464141227338, 23.000000000000004
33.933933933933936, 29.20711746986107, 341.2366835076921, 43.755162993083175, 23.000000000000004
34.034034034034036, 29.182205709064792, 339.77425384497326, 43.75568350039342, 23.000000000000004
34.13413413413413, 29.157323712878796, 338.3173029612232, 43.756202936803874, 23.000000000000004
34.234234234234236, 29.132471868882657, 336.8658237779195, 43.7567213049108, 23.000000000000004
34.334334334334336, 29.10765056746986, 335.4198092127898, 43.7572386073362, 23.000000000000004
34.434434434434436, 29.082860198828993, 333.97925218360217, 43.75775484670037, 23.000000000000004
34.53453453453454, 29.05810115544604, 332.54414560176764, 43.758270025646674, 23.000000000000004
34.63463463463464, 29.033373829956638, 331.11448237822424, 43.75878414682001, 23.000000000000004
34.73473473473474, 29.00867861665589, 329.69025541619595, 43.75929721288391, 23.000000000000004
34.83483483483484, 28.98401591044638, 328.2714576162947, 43.75980922650855, 23.000000000000004
34.93493493493494, 28.95938610731561, 326.85808187073593, 43.760320190379, 23.000000000000004
35.03503503503504, 28.934789603899215, 325.45012106744264, 43.76083010718858, 23.000000000000004
35.13513513513514, 28.910226797709853, 324.0475680850665, 43.76133897964378, 23.000000000000004
35.23523523523524, 28.885698086992853, 322.6504157955298, 43.76184681046146, 23.000000000000004
35.33533533533534, 28.86120387057267, 321.2586570613803, 43.76235360236928, 23.000000000000004
35.43543543543544, 28.836744548028264, 319.87228473532065, 43.762859358107455, 23.000000000000004
35.53553553553554, 28.812320519233772, 318.491291662117, 43.7633640804237, 23.000000000000004
35.63563563563564, 28.78793218482003, 317.11567067229333, 43.763867772081134, 23.000000000000004
35.73573573573574, 28.7635799456022, 315.74541458499584, 43.76437043585258, 23.000000000000004
35.83583583583584, 28.73926420265722, 314.3805162101449, 43.764872074519324, 23.000000000000004
35.93593593593594, 28.714985357438692, 313.0209683388671, 43.76537269087775, 23.000000000000004
36.03603603603604, 28.69074381150572, 311.6667637558347, 43.76587228772924, 23.000000000000004
36.13613613613614, 28.666539966642986, 310.3178952215126, 43.76637086789277, 23.000000000000004
36.23623623623624, 28.642374224607508, 308.97435549060083, 43.76686843419097, 23.000000000000004
36.33633633633634, 28.618246987100203, 307.63613728747845, 43.76736498946633, 23.000000000000004
36.43643643643644, 28.594158655802133, 306.3032333423889, 43.7678605365572, 23.000000000000004
36.53653653653654, 28.57010963209252, 304.9756363417182, 43.76835507832797, 23.000000000000004
36.63663663663664, 28.546100317362956, 303.65333897495896, 43.76884861764115, 23.000000000000004
36.73673673673674, 28.52213111237409, 302.3363338957971, 43.76934115737785, 23.000000000000004
36.83683683683684, 28.498202417695783, 301.02461374597686, 43.76983270042557, 23.000000000000004
36.93693693693694, 28.474314633314535, 299.7181711458132, 43.77032324968138, 23.000000000000004
37.037037037037045, 28.450468158609958, 298.41699868945665, 43.77081280805485, 23.000000000000004
37.13713713713714, 28.426663392346182, 297.12108894995794, 43.771301378462255, 23.000000000000004
37.23723723723724, 28.40290073163398, 295.8304344414849, 43.771788963840244, 23.000000000000004
37.33733733733734, 28.37918057429313, 294.54502770002654, 43.77227556712051, 23.000000000000004
37.43743743743744, 28.35550331760318, 293.2648612386502, 43.772761191245465, 23.000000000000004
37.53753753753754, 28.331869358220622, 291.98992754453405, 43.773245839169306, 23.000000000000004
37.63763763763764, 28.308279092178875, 290.72021907896675, 43.77372951385796, 23.000000000000004
37.73773773773774, 28.284732914888288, 289.45572827734793, 43.77421221828913, 23.000000000000004
37.83783783783784, 28.261231220768014, 288.19644754820473, 43.774693955452136, 23.000000000000004
37.93793793793794, 28.237774390971996, 286.94236924042536, 43.77517472834272, 23.000000000000004
38.03803803803804, 28.214362796531606, 285.693485649173, 43.77565453996343, 23.000000000000004
38.138138138138146, 28.190996833188255, 284.44978907122567, 43.77613339332443, 23.000000000000004
38.23823823823824, 28.167676906172577, 283.2112717832936, 43.77661129144349, 23.000000000000004
38.33833833833834, 28.14440340034654, 281.97792601806464, 43.77708823734926, 23.000000000000004
38.43843843843844, 28.121176696297262, 280.74974397667273, 43.77756423407953, 23.000000000000004
38.53853853853854, 28.097997171008018, 279.52671782682665, 43.77803928468054, 23.000000000000004
38.63863863863864, 28.074865199254543, 278.30883970402977, 43.77851339220652, 23.000000000000004
38.73873873873874, 28.051781162113766, 277.0961016952549, 43.77898655972013, 23.000000000000004
38.83883883883884, 28.028745436410684, 275.8884958575467, 43.779458790290974, 23.000000000000004
38.93893893893894, 28.005758394844, 274.6860142050009, 43.77993008699791, 23.000000000000004
39.03903903903905, 27.98282041064934, 273.48864873991147, 43.78040045292196, 23.000000000000004
39.13913913913914, 27.959931848709694, 272.2963913767581, 43.780869891161544, 23.000000000000004
39.23923923923925, 27.93709307607335, 271.10923405004183, 43.78133840481097, 23.000000000000004
39.33933933933934, 27.91430445476853, 269.927168594704, 43.78180599698201, 23.000000000000004
39.43943943943944, 27.89156634670623, 268.7501868434757, 43.78227267078686, 23.000000000000004
39.53953953953954, 27.868879110326514, 267.5782805715459, 43.78273842934664, 23.000000000000004
39.63963963963964, 27.846243100674883, 266.41144149599256, 43.78320327579191, 23.000000000000004
39.73973973973974, 27.823658672287056, 265.2496613306679, 43.78366721325316, 23.000000000000004
39.83983983983984, 27.801126172247884, 264.0929316769975, 43.78413024487747, 23.000000000000004
39.93993993993995, 27.778645950349503, 262.9412441773982, 43.78459237380576, 23.000000000000004
40.04004004004004, 27.75621834767025, 261.79459034529617, 43.78505360319613, 23.000000000000004
40.14014014014015, 27.7338437053062, 260.65296169438045, 43.78551393620666, 23.000000000000004
40.24024024024024, 27.711522361451003, 259.51634969469774, 43.78597337600024, 23.000000000000004
40.34034034034035, 27.689254647187745, 258.3847457099847, 43.78643192575242, 23.000000000000004
40.44044044044044, 27.667040896257, 257.25814114418125, 43.78688958863373, 23.000000000000004
40.54054054054054, 27.64488143211669, 256.13652725151695, 43.787346367830615, 23.000000000000004
40.64064064064064, 27.622776580120682, 255.01989531381903, 43.78780226652659, 23.000000000000004
40.74074074074074, 27.60072665715982, 253.90823647651314, 43.78825728791724, 23.000000000000004
40.84084084084085, 27.57873197588076, 252.80154181747818, 43.78871143520427, 23.000000000000004
40.94094094094094, 27.556792855094347, 251.6998025126968, 43.78916471158051, 23.000000000000004
41.04104104104105, 27.53490961360176, 250.60300973802768, 43.78961712023879, 23.000000000000004
41.14114114114114, 27.5130825490103, 249.5111543987999, 43.790068664393765, 23.000000000000004
41.24124124124125, 27.49131194902152, 248.4242272739001, 43.79051934727035, 23.000000000000004
41.34134134134134, 27.469598115163755, 247.3422193187076, 43.79096917207915, 23.000000000000004
41.44144144144145, 27.447941348960715, 246.2651214885437, 43.791418142030835, 23.000000000000004
41.54154154154154, 27.426341929801705, 245.19292446252422, 43.79186626035344, 23.000000000000004
41.64164164164164, 27.404800126013328, 244.125618781718, 43.792313530283714, 23.000000000000004
41.74174174174174, 27.383316220796047, 243.0631951727987, 43.79275995504672, 23.000000000000004
41.84184184184184, 27.361890497349215, 242.0056443624235, 43.7932055378675, 23.000000000000004
41.94194194194195, 27.340523219296525, 240.9529567919946, 43.79365028198383, 23.000000000000004
42.04204204204204, 27.31921463981684, 239.90512275071265, 43.79409419064026, 23.000000000000004
42.14214214214215, 27.297965025643283, 238.86213272528977, 43.79453726707252, 23.000000000000004
42.24224224224224, 27.276774643508965, 237.82397720243839, 43.794979514516356, 23.000000000000004
42.34234234234235, 27.255643739782503, 236.79064642688388, 43.795420936215585, 23.000000000000004
42.44244244244244, 27.23457254591127, 235.7621304660455, 43.79586153541987, 23.000000000000004
42.54254254254254, 27.213561306200646, 234.73841954006957, 43.79630131537383, 23.000000000000004
42.64264264264264, 27.19261025589032, 233.71950370034415, 43.7967402793241, 23.000000000000004
42.74274274274274, 27.17171962502365, 232.70537290152734, 43.797178430518464, 23.000000000000004
42.84284284284285, 27.150889648574168, 231.69601719053728, 43.79761577220363, 23.000000000000004
42.94294294294294, 27.130120543833048, 230.6914264126056, 43.7980523076283, 23.000000000000004
43.04304304304305, 27.1094125203136, 229.6915903242494, 43.798488040042116, 23.000000000000004
43.14314314314314, 27.088765795923855, 228.6964987778521, 43.798922972693695, 23.000000000000004
43.24324324324325, 27.068180568285964, 227.70614140865413, 43.799357108831934, 23.000000000000004
43.34334334334334, 27.047657028396014, 226.72050778096977, 43.79979045170582, 23.000000000000004
43.44344344344345, 27.02719537566432, 225.73958754856002, 43.800223004564174, 23.000000000000004
43.54354354354354, 27.006795791381283, 224.76337012669543, 43.80065477065311, 23.000000000000004
43.64364364364364, 26.9864584530151, 223.7918448803395, 43.80108575321816, 23.000000000000004
43.74374374374375, 26.96618354493415, 222.82500126531647, 43.80151595550588, 23.000000000000004
43.84384384384384, 26.945971233320382, 221.86282850917365, 43.80194538075824, 23.000000000000004
43.94394394394395, 26.92582167668216, 220.90531574313908, 43.80237403221528, 23.000000000000004
44.04404404404404, 26.905735042490765, 219.95245221094387, 43.80280191311932, 23.000000000000004
44.14414414414415, 26.88571148132512, 219.00422695641186, 43.803229026706866, 23.000000000000004
44.24424424424424, 26.865751131669835, 218.06062888024076, 43.803655376210344, 23.000000000000004
44.34434434434435, 26.845854142903107, 217.1216470120449, 43.804080964865875, 23.000000000000004
44.44444444444444, 26.826020650167308, 216.18727021006035, 43.80450579590302, 23.000000000000004
44.54454454454455, 26.806250772904058, 215.25748714350902, 43.80492987254405, 23.000000000000004
44.64464464464465, 26.786544642455695, 214.3322866248803, 43.80535319801678, 23.000000000000004
44.74474474474474, 26.766902377327288, 213.4116573041012, 43.805775775541065, 23.000000000000004
44.84484484484485, 26.747324077176845, 212.49558759249888, 43.80619760832512, 23.000000000000004
44.94494494494494, 26.727809856251127, 211.5840660860912, 43.806618699586195, 23.000000000000004
45.04504504504505, 26.708359827998002, 210.67708137247715, 43.807039052541015, 23.000000000000004
45.14514514514514, 26.68897407111829, 209.77462165218122, 43.80745867038455, 23.000000000000004
45.24524524524525, 26.669652665587993, 208.87667513993253, 43.8078775563126, 23.000000000000004
45.34534534534534, 26.650395702421772, 207.98323017342918, 43.80829571352785, 23.000000000000004
45.44544544544545, 26.631203264775614, 207.0942749988374, 43.80871314522677, 23.000000000000004
45.545545545545544, 26.612075401218956, 206.20979745948785, 43.809129854578444, 23.000000000000004
45.64564564564565, 26.593012177532184, 205.32978559916998, 43.80954584476559, 23.000000000000004
45.74574574574575, 26.574013662569783, 204.45422749747806, 43.80996111897333, 23.000000000000004
45.845845845845844, 26.555079904768093, 203.58311097866923, 43.81037568036642, 23.000000000000004
45.94594594594595, 26.536210936185576, 202.71642366218853, 43.8107895320933, 23.000000000000004
46.046046046046044, 26.51740680505038, 201.85415336968958, 43.81120267731849, 23.000000000000004
46.14614614614615, 26.49866755737062, 200.9962878975201, 43.81161511920429, 23.000000000000004
46.246246246246244, 26.47999320543152, 200.1428146572069, 43.81202686087851, 23.000000000000004
46.34634634634635, 26.46138376745718, 199.29372112804734, 43.81243790547506, 23.000000000000004
46.446446446446444, 26.442839268997968, 198.44899487294043, 43.81284825613532, 23.000000000000004
46.54654654654655, 26.424359717077362, 197.60862323168348, 43.813257915977935, 23.000000000000004
46.64664664664665, 26.40594510524926, 196.77259338187224, 43.81366688810506, 23.000000000000004
46.74674674674675, 26.387595440067038, 195.94089265764302, 43.814075175634784, 23.000000000000004
46.84684684684685, 26.369310720440648, 195.1135083042838, 43.814482781675245, 23.000000000000004
46.946946946946944, 26.351090916932453, 194.29042723756197, 43.814889709297695, 23.000000000000004
47.04704704704705, 26.332936014420675, 193.47163653965643, 43.81529596159206, 23.000000000000004
47.147147147147145, 26.314845998216065, 192.65712329826837, 43.81570154164862, 23.000000000000004
47.24724724724725, 26.296820824669886, 191.8468742737795, 43.816106452517495, 23.000000000000004
47.347347347347345, 26.278860453656655, 191.0408762663935, 43.81651069725367, 23.000000000000004
47.44744744744745, 26.26096485214569, 190.23911615650434, 43.816914278921985, 23.000000000000004
47.54754754754755, 26.24313396919313, 189.44158060639307, 43.817317200557575, 23.000000000000004
47.64764764764765, 26.22536773878451, 188.64825609483958, 43.817719465170605, 23.000000000000004
47.74774774774775, 26.207666110136408, 187.85912928607829, 43.818121075796434, 23.000000000000004
47.84784784784785, 26.19002903230225, 187.07418684260557, 43.81852203547024, 23.000000000000004
47.94794794794795, 26.172456423821544, 186.29341509213484, 43.81892234717778, 23.000000000000004
48.048048048048045, 26.154948196086657, 185.51680028396493, 43.81932201389326, 23.000000000000004
48.14814814814815, 26.137504275599667, 184.7443288331703, 43.81972103861537, 23.000000000000004
48.248248248248245, 26.120124587641747, 183.9759871408262, 43.82011942434043, 23.000000000000004
48.34834834834835, 26.102809025049606, 183.21176123598377, 43.820517174003804, 23.000000000000004
48.44844844844845, 26.08555748375851, 182.45163718322374, 43.820914290546675, 23.000000000000004
48.54854854854855, 26.068369869619087, 181.6956011608212, 43.82131077692884, 23.000000000000004
48.64864864864865, 26.051246085602532, 180.94363931166913, 43.8217066361037, 23.000000000000004
48.74874874874875, 26.03418600356791, 180.19573739636027, 43.82210187095516, 23.000000000000004
48.84884884884885, 26.017189504937964, 179.4518812930039, 43.822496484388495, 23.000000000000004
48.94894894894895, 26.00025647707723, 178.71205695272133, 43.82289047932223, 23.000000000000004
49.04904904904905, 25.983386801698828, 177.97625026126295, 43.82328385866185, 23.000000000000004
49.149149149149146, 25.96658032935694, 177.24444674395997, 43.82367662524079, 23.000000000000004
49.24924924924925, 25.949836925205958, 176.51663209502598, 43.824068781926215, 23.000000000000004
49.349349349349346, 25.933156457974825, 175.7927920500221, 43.824460331593606, 23.000000000000004
49.44944944944945, 25.916538787605848, 175.07291224658815, 43.8248512770968, 23.000000000000004
49.54954954954955, 25.89998374576804, 174.35697800727877, 43.8252416212202, 23.000000000000004
49.64964964964965, 25.88349118099037, 173.64497484254045, 43.82563136678962, 23.000000000000004
49.74974974974975, 25.86706094366128, 172.93688828354232, 43.826020516635445, 23.000000000000004
49.84984984984985, 25.85069287258257, 172.23270372765194, 43.82640907355527, 23.000000000000004
49.94994994994995, 25.83438678510634, 171.53240632453804, 43.82679704028606, 23.000000000000004
50.050050050050054, 25.81814251441924, 170.8359814067251, 43.82718441960953, 23.000000000000004
50.150150150150154, 25.801959894343238, 170.1434143140741, 43.82757121430923, 23.000000000000004
50.25025025025025, 25.785838744003442, 169.45469021500904, 43.827957427121895, 23.000000000000004
50.350350350350354, 25.76977886846055, 168.76979411389425, 43.828343060739506, 23.000000000000004
50.450450450450454, 25.753780086254434, 168.08871117232724, 43.82872811789696, 23.000000000000004
50.550550550550554, 25.737842215948465, 167.41142655217106, 43.829112601329186, 23.000000000000004
50.650650650650654, 25.72196505710617, 166.73792519065842, 43.8294965137021, 23.000000000000004
50.750750750750754, 25.706148403667644, 166.06819195853743, 43.82987985766121, 23.000000000000004
50.850850850850854, 25.690392060762978, 165.40221185885287, 43.83026263589266, 23.000000000000004
50.950950950950954, 25.67469583352226, 164.73996989464953, 43.83064485108258, 23.000000000000004
51.051051051051054, 25.659059517981788, 164.08145097422968, 43.83102650588432, 23.000000000000004
51.15115115115115, 25.643482883802417, 163.4266397311062, 43.83140760285606, 23.000000000000004
51.251251251251254, 25.62796571833413, 162.77552098308394, 43.83178814461982, 23.000000000000004
51.351351351351354, 25.612507810603258, 162.1280795654327, 43.83216813380365, 23.000000000000004
51.451451451451454, 25.597108948209435, 161.48430029763946, 43.8325475730292, 23.000000000000004
51.551551551551555, 25.58176889508393, 160.84416773736072, 43.8329264648119, 23.000000000000004
51.651651651651655, 25.566487421064544, 160.2076665075941, 43.833304811693694, 23.000000000000004
51.751751751751755, 25.55126430210348, 159.57478129897706, 43.83368261624395, 23.000000000000004
51.851851851851855, 25.53609931415292, 158.94549680214735, 43.83405988103206, 23.000000000000004
51.951951951951955, 25.520992221983132, 158.31979757296372, 43.83443660856229, 23.000000000000004
52.052052052052055, 25.505942780726812, 157.6976680511213, 43.83481280128278, 23.000000000000004
52.152152152152155, 25.49095075601825, 157.0790928028932, 43.835188461702835, 23.000000000000004
52.252252252252255, 25.47601591354078, 156.46405639514387, 43.83556359233203, 23.000000000000004
52.352352352352355, 25.46113801542147, 155.852543358195, 43.83593819565838, 23.000000000000004
52.452452452452455, 25.446316806272236, 155.24453804238902, 43.83631227406363, 23.000000000000004
52.552552552552555, 25.431552039883016, 154.6400248923785, 43.83668582998519, 23.000000000000004
52.652652652652655, 25.416843471941775, 154.038988372319, 43.837058865872024, 23.000000000000004
52.752752752752755, 25.402190856948266, 153.4414129349905, 43.83743138416441, 23.000000000000004
52.852852852852855, 25.387593935255087, 152.84728289772679, 43.837803387199855, 23.000000000000004
52.952952952952955, 25.373052451649116, 152.256582620316, 43.83817487734807, 23.000000000000004
53.053053053053056, 25.358566153899336, 151.669296491097, 43.83854585700043, 23.000000000000004
53.153153153153156, 25.344134789565118, 151.08540889650152, 43.83891632854639, 23.000000000000004
53.253253253253256, 25.329758096361402, 150.50490413338983, 43.83928629428288, 23.000000000000004
53.353353353353356, 25.315435812039134, 149.92776649894964, 43.83965575650723, 23.000000000000004
53.453453453453456, 25.301167678169705, 149.35398032512992, 43.840024717552616, 23.000000000000004
53.553553553553556, 25.286953436324502, 148.7835299438795, 43.84039317975223, 23.000000000000004
53.653653653653656, 25.272792822387558, 148.21639964476805, 43.84076114537069, 23.000000000000004
53.753753753753756, 25.2586855687607, 147.65257369141756, 43.84112861663064, 23.000000000000004
53.853853853853856, 25.244631412193378, 147.0920363798462, 43.84149559580713, 23.000000000000004
53.953953953953956, 25.230630089435916, 146.53477200607892, 43.84186208517523, 23.000000000000004
54.054054054054056, 25.216681334692705, 145.98076485526855, 43.84222808697131, 23.000000000000004
54.154154154154156, 25.202784877274425, 145.42999919167022, 43.84259360335739, 23.000000000000004
54.254254254254256, 25.188940449857082, 144.8824592939102, 43.842958636546626, 23.000000000000004
54.354354354354356, 25.175147785197154, 144.33812944138998, 43.84332318875177, 23.000000000000004
54.454454454454456, 25.16140661441466, 143.79699391836786, 43.84368726211664, 23.000000000000004
54.55455455455456, 25.14771666872345, 143.25903700882367, 43.844050858789025, 23.000000000000004
54.65465465465466, 25.134077679827023, 142.72424299528402, 43.84441398093731, 23.000000000000004
54.75475475475476, 25.120489378903518, 142.19259616825158, 43.844776630707216, 23.000000000000004
54.85485485485486, 25.1069514955224, 141.66408084265325, 43.84513881017497, 23.000000000000004
54.95495495495496, 25.093463760176327, 141.13868131939947, 43.84550052145668, 23.000000000000004
55.05505505505506, 25.080025903444927, 140.6163818984575, 43.84586176667174, 23.000000000000004
55.155155155155164, 25.06663765538115, 140.097166920581, 43.846222547876934, 23.000000000000004
55.25525525525526, 25.053298745942683, 139.58102073390128, 43.84658286711773, 23.000000000000004
55.35535535535536, 25.040008905313794, 139.06792766900278, 43.84694272646652, 23.000000000000004
55.45545545545546, 25.026767863903288, 138.55787206907138, 43.84730212798224, 23.000000000000004
55.55555555555556, 25.013575353251102, 138.05083834076999, 43.84766107365603, 23.000000000000004
55.65565565565566, 25.00043110445972, 137.54681086621252, 43.84801956550522, 23.000000000000004
55.75575575575576, 24.987334848974285, 137.04577403651817, 43.8483776055414, 23.000000000000004
55.85585585585586, 24.974286320127625, 136.54771230511025, 43.848735195726114, 23.000000000000004
55.95595595595596, 24.961285250452686, 136.05261009901199, 43.849092338042084, 23.000000000000004
56.056056056056065, 24.948331372928493, 135.56045186132775, 43.84944903446182, 23.000000000000004
56.15615615615616, 24.935424422655053, 135.0712221100879, 43.84980528690727, 23.000000000000004
56.256256256256265, 24.922564133757383, 134.5849053288802, 43.850161097323635, 23.000000000000004
56.35635635635636, 24.90975024190881, 134.10148604803786, 43.85051646762968, 23.000000000000004
56.45645645645646, 24.89698248244981, 133.6209487877134, 43.85087139975005, 23.000000000000004
56.55655655655656, 24.88426059378195, 133.14327816168844, 43.851225895555494, 23.000000000000004
56.65665665665666, 24.871584312810302, 132.66845873432106, 43.85157995695033, 23.000000000000004
56.75675675675676, 24.858953380256025, 132.19647517814388, 43.851933585788586, 23.000000000000004
56.85685685685686, 24.846367535577603, 131.72731213255423, 43.852286783935696, 23.000000000000004
56.956956956956965, 24.833826519100068, 131.26095426305827, 43.85263955324262, 23.000000000000004
57.05705705705706, 24.82133007215741, 130.79738626523135, 43.852991895544136, 23.000000000000004
57.157157157157165, 24.80887793709252, 130.3365928647181, 43.85334381265884, 23.000000000000004
57.25725725725726, 24.796469857257247, 129.8785588172327, 43.853695306389156, 23.000000000000004
57.357357357357365, 24.784105579028335, 129.4232689328849, 43.854046378538854, 23.000000000000004
57.45745745745746, 24.771784851060797, 128.97070806717116, 43.85439703090662, 23.000000000000004
57.55755755755756, 24.75950742168074, 128.52086108951332, 43.85474726526328, 23.000000000000004
57.65765765765766, 24.74727304045924, 128.07371290225112, 43.85509708336551, 23.000000000000004
57.75775775775776, 24.735081458212644, 127.62924844064531, 43.855446486955884, 23.000000000000004
57.85785785785786, 24.72293242700256, 127.1874526728779, 43.855795477762854, 23.000000000000004
57.95795795795796, 24.71082570019917, 126.74831060110644, 43.85614405750184, 23.000000000000004
58.058058058058066, 24.698761034167035, 126.31180728953893, 43.856492227904475, 23.000000000000004
58.15815815815816, 24.686738186360362, 125.87792783271313, 43.85683999068563, 23.000000000000004
58.258258258258266, 24.67475691505135, 125.44665735097195, 43.85718734753857, 23.000000000000004
58.35835835835836, 24.662816979902317, 125.01798099999202, 43.857534300145, 23.000000000000004
58.45845845845846, 24.650918141965718, 124.59188397078371, 43.85788085017495, 23.000000000000004
58.558558558558566, 24.63906016368413, 124.16835148969103, 43.858226999286906, 23.000000000000004
58.65865865865866, 24.62724280910529, 123.74736882861124, 43.858572749128825, 23.000000000000004
58.75875875875876, 24.61546584512723, 123.32892136417672, 43.85891810134471, 23.000000000000004
58.858858858858866, 24.603729039444225, 122.91299448012566, 43.859263057563844, 23.000000000000004
58.958958958958966, 24.59203216104267, 122.49957359087196, 43.85960761940338, 23.000000000000004
59.05905905905906, 24.58037498041164, 122.08864415151288, 43.85995178846943, 23.000000000000004
59.15915915915916, 24.568757269542914, 121.68019165782934, 43.860295566357124, 23.000000000000004
59.25925925925927, 24.557178801930938, 121.2742016462857, 43.86063895465056, 23.000000000000004
59.35935935935937, 24.54563935344635, 120.87065971529636, 43.860981954925464, 23.000000000000004
59.45945945945946, 24.53413870356626, 120.46955155518005, 43.86132456875295, 23.000000000000004
59.55955955955956, 24.522676631933635, 120.070862864391, 43.86166679768907, 23.000000000000004
59.65965965965967, 24.511252919786163, 119.67457938430795, 43.86200864327908, 23.000000000000004
59.75975975975976, 24.499867350057055, 119.28068690168837, 43.86235010705787, 23.000000000000004
59.85985985985986, 24.488519707375065, 118.88917124866812, 43.86269119054984, 23.000000000000004
59.95995995995997, 24.477209778064466, 118.50001830276165, 43.863031895268975, 23.000000000000004
60.06006006006007, 24.465937351961184, 118.1132140147596, 43.863372222722745, 23.000000000000004
60.16016016016016, 24.45470222208014, 117.72874440361902, 43.86371217441136, 23.000000000000004
60.26026026026026, 24.443504182134472, 117.34659551835539, 43.864051751822466, 23.000000000000004
60.36036036036037, 24.432343027872843, 116.96675345858587, 43.864390956434, 23.000000000000004
60.46046046046047, 24.421218557080085, 116.58920437453845, 43.8647297897142, 23.000000000000004
60.56056056056056, 24.410130568926327, 116.21393447200691, 43.86506825312266, 23.000000000000004
60.66066066066066, 24.399078862700307, 115.8409300219954, 43.865406348112394, 23.000000000000004
60.76076076076077, 24.38806324058778, 115.4701773395641, 43.865744076125345, 23.000000000000004
60.86086086086086, 24.377083506657506, 115.10166279155008, 43.86608143859396, 23.000000000000004
60.96096096096096, 24.36613946676565, 114.73537279729462, 43.866418436941416, 23.000000000000004
61.06106106106107, 24.355230928545396, 114.37129383100556, 43.86675507258205, 23.000000000000004
61.16116116116117, 24.344357701320767, 114.00941244133791, 43.86709134692518, 23.000000000000004
61.26126126126126, 24.33351959622437, 113.6497152246442, 43.86742726136987, 23.000000000000004
61.36136136136136, 24.32271642618031, 113.2921888288482, 43.867762817305746, 23.000000000000004
61.46146146146147, 24.311948005888784, 112.93681995695502, 43.8680980161136, 23.000000000000004
61.56156156156157, 24.30121415185741, 112.58359536726086, 43.8684328591655, 23.000000000000004
61.66166166166166, 24.290514684438488, 112.23250188696936, 43.86876734782759, 23.000000000000004
61.76176176176177, 24.279849426205093, 111.88352640133782, 43.86910148345784, 23.000000000000004
61.86186186186187, 24.269218200974, 111.53665584714689, 43.8694352674047, 23.000000000000004
61.96196196196196, 24.258620834628562, 111.19187721820008, 43.86976870100819, 23.000000000000004
62.06206206206206, 24.24805715511868, 110.84917756532401, 43.870101785600006, 23.000000000000004
62.16216216216217, 24.2375269615644, 110.50854308343138, 43.87043452262933, 23.000000000000004
62.26226226226227, 24.227030165011243, 110.1699633866276, 43.87076691308818, 23.000000000000004
62.36236236236236, 24.216566537465905, 109.83342385148826, 43.87109895853645, 23.000000000000004
62.46246246246246, 24.20613591979351, 109.49891194058922, 43.871430660252884, 23.000000000000004
62.56256256256257, 24.195738152859185, 109.16641511650626, 43.87176201951623, 23.000000000000004
62.66266266266267, 24.18537307716159, 108.8359208536948, 43.87209303760488, 23.000000000000004
62.76276276276276, 24.175040531539025, 108.50741668043142, 43.872423715795485, 23.000000000000004
62.86286286286287, 24.164740355539198, 108.18089010199722, 43.872754055365455, 23.000000000000004
62.96296296296297, 24.154472390256377, 107.85632865446253, 43.87308405758817, 23.000000000000004
63.06306306306306, 24.14423648584527, 107.53372009973849, 43.87341372371037, 23.000000000000004
63.16316316316316, 24.134032489309526, 107.2130521211929, 43.87374305498804, 23.000000000000004
63.26326326326327, 24.123860247465117, 106.89431240559965, 43.87407205267695, 23.000000000000004
63.36336336336337, 24.11371961505421, 106.57748891308078, 43.87440071800227, 23.000000000000004
63.46346346346346, 24.10361044477037, 106.26256953310852, 43.87472905219707, 23.000000000000004
63.56356356356356, 24.09353259240276, 105.9495422776184, 43.87505705648155, 23.000000000000004
63.66366366366367, 24.083485906084956, 105.63839486667129, 43.875384732107094, 23.000000000000004
63.76376376376377, 24.073470253373493, 105.32911576084122, 43.875712080245926, 23.000000000000004
63.86386386386386, 24.06348548901815, 105.0216929312721, 43.87603910212266, 23.000000000000004
63.96396396396397, 24.053531476052378, 104.7161146375766, 43.876365798932696, 23.000000000000004
64.06406406406407, 24.043608078343127, 104.41236917439436, 43.876692171867504, 23.000000000000004
64.16416416416416, 24.033715159916053, 104.1104448484377, 43.877018222116874, 23.000000000000004
64.26426426426426, 24.02385258697812, 103.81033004729704, 43.877343950862105, 23.000000000000004
64.36436436436438, 24.01402022791764, 103.51201323944075, 43.877669359276, 23.000000000000004
64.46446446446447, 24.004217953304227, 103.21548297421538, 43.87799444852281, 23.000000000000004
64.56456456456456, 23.994445634992424, 102.92072785755828, 43.878319219762275, 23.000000000000004
64.66466466466467, 23.984703143245493, 102.62773647407178, 43.878643674162355, 23.000000000000004
64.76476476476478, 23.97499035241559, 102.33649754091907, 43.87896781287404, 23.000000000000004
64.86486486486487, 23.965307139075048, 102.04699985719421, 43.87929163703961, 23.000000000000004
64.96496496496496, 23.955653381666657, 101.7592322944464, 43.87961514779423, 23.000000000000004
65.06506506506507, 23.94602896050362, 101.47318379667975, 43.87993834626595, 23.000000000000004
65.16516516516516, 23.936433757769596, 101.18884338035349, 43.88026123357565, 23.000000000000004
65.26526526526527, 23.926867655584044, 100.90620006050808, 43.8805838108483, 23.000000000000004
65.36536536536536, 23.917330536217595, 100.62524285898803, 43.880906079211655, 23.000000000000004
65.46546546546547, 23.907822285355557, 100.34596092906082, 43.88122803977744, 23.000000000000004
65.56556556556556, 23.898342790301403, 100.06834348681471, 43.881549693651664, 23.000000000000004
65.66566566566567, 23.888891939969394, 99.79237981087924, 43.88187104193476, 23.000000000000004
65.76576576576578, 23.879469624884624, 99.51805924242545, 43.88219208572146, 23.000000000000004
65.86586586586587, 23.870075737109378, 99.2453711850661, 43.88251282610116, 23.000000000000004
65.96596596596596, 23.860710168820155, 98.97430510292655, 43.88283326416257, 23.000000000000004
66.06606606606607, 23.851372814030828, 98.70485052298065, 43.88315340098798, 23.000000000000004
66.16616616616618, 23.84206356866795, 98.43699703515297, 43.88347323765308, 23.000000000000004
66.26626626626627, 23.832782330145427, 98.17073429174219, 43.883792775228336, 23.000000000000004
66.36636636636636, 23.82352899736452, 97.90605200742095, 43.884112014778985, 23.000000000000004
66.46646646646647, 23.814303470713828, 97.64293995923602, 43.88443095736505, 23.000000000000004
66.56656656656658, 23.8051055831095, 97.38138455246359, 43.88474960430925, 23.000000000000004
66.66666666666667, 23.795935405429354, 97.1213843140457, 43.88506795599684, 23.000000000000004
66.76676676676676, 23.786792721271695, 96.86292321185456, 43.8853860139413, 23.000000000000004
66.86686686686687, 23.777677440274804, 96.60599154864663, 43.88570377916361, 23.000000000000004
66.96696696696698, 23.768589472076947, 96.35057962717848, 43.88602125268475, 23.000000000000004
67.06706706706707, 23.759528726316407, 96.09667775020658, 43.88633843552571, 23.000000000000004
67.16716716716716, 23.750495112631448, 95.84427622048744, 43.88665532870747, 23.000000000000004
67.26726726726727, 23.741488541107344, 95.5933653731699, 43.88697193325051, 23.000000000000004
67.36736736736736, 23.732508922192512, 95.34393556972029, 43.887288250174834, 23.000000000000004
67.46746746746747, 23.72355616597218, 95.09597714528398, 43.88760428050092, 23.000000000000004
67.56756756756758, 23.714630182849042, 94.84948044520813, 43.887920025248484, 23.000000000000004
67.66766766766767, 23.70573089199887, 94.60443609753155, 43.88823548541674, 23.000000000000004
67.76776776776777, 23.696858211950193, 94.36083470943814, 43.888550662006416, 23.000000000000004
67.86786786786787, 23.688012058549194, 94.11866680167805, 43.88886555602451, 23.000000000000004
67.96796796796798, 23.679192348339303, 93.87792295567367, 43.88918016847398, 23.000000000000004
68.06806806806807, 23.67039900203523, 93.63859411579773, 43.88949450033366, 23.000000000000004
68.16816816816817, 23.661631938536917, 93.40067106851701, 43.88980855259288, 23.000000000000004
68.26826826826826, 23.652891076241772, 93.16414455657126, 43.89012232624389, 23.000000000000004
68.36836836836838, 23.644176338514605, 92.9290056497905, 43.89043582225749, 23.000000000000004
68.46846846846847, 23.635487642584994, 92.69524501401695, 43.890749041630954, 23.000000000000004
68.56856856856857, 23.626824916941008, 92.46285405643343, 43.89106198531299, 23.000000000000004
68.66866866866867, 23.618188082056083, 92.23182365605108, 43.89137465428691, 23.000000000000004
68.76876876876878, 23.609577063940687, 92.00214496379647, 43.89168704951843, 23.000000000000004
68.86886886886887, 23.600991790887658, 91.7738092531681, 43.891999171965296, 23.000000000000004
68.96896896896897, 23.59243219005067, 91.54680776323414, 43.89231102258741, 23.000000000000004
69.06906906906907, 23.58389818997891, 91.32113181494174, 43.89262260233932, 23.000000000000004
69.16916916916917, 23.575389720617146, 91.09677281111709, 43.89293391217027, 23.000000000000004
69.26926926926927, 23.566906713305684, 90.87372223646518, 43.89324495302414, 23.000000000000004
69.36936936936938, 23.55844909913655, 90.65197161204945, 43.89355572584311, 23.000000000000004
69.46946946946947, 23.550016804804226, 90.43151238039083, 43.89386623157682, 23.000000000000004
69.56956956956957, 23.54160976144904, 90.21233615035742, 43.89417647116288, 23.000000000000004
69.66966966966967, 23.53322790151775, 89.99443461022875, 43.89448644553368, 23.000000000000004
69.76976976976978, 23.52487115833094, 89.77779951571516, 43.89479615561748, 23.000000000000004
69.86986986986987, 23.51653946608297, 89.5624226899579, 43.89510560233832, 23.000000000000004
69.96996996996997, 23.508232759890575, 89.34829601976371, 43.895414786616335, 23.000000000000004
70.07007007007007, 23.49995097743849, 89.1354113279821, 43.89572370937648, 23.000000000000004
70.17017017017018, 23.491694057256687, 88.92376050710746, 43.89603237153942, 23.000000000000004
70.27027027027027, 23.483461938309546, 88.71333555114232, 43.89634077401922, 23.000000000000004
70.37037037037037, 23.47525456059178, 88.50412850937992, 43.896648917726644, 23.000000000000004
70.47047047047047, 23.467071865128446, 88.2961314864043, 43.8969568035691, 23.000000000000004
70.57057057057058, 23.45891379397496, 88.08933664209047, 43.89726443245061, 23.000000000000004
70.67067067067067, 23.450780289277194, 87.8837361845769, 43.89757180527289, 23.000000000000004
70.77077077077077, 23.442671292281, 87.67932236286, 43.89787892293628, 23.000000000000004
70.87087087087087, 23.434586746503435, 87.47608749050461, 43.89818578633649, 23.000000000000004
70.97097097097098, 23.426526596358507, 87.27402393536912, 43.89849239636602, 23.000000000000004
71.07107107107107, 23.418490787088157, 87.07312411908924, 43.898798753914214, 23.000000000000004
71.17117117117117, 23.41047926476224, 86.87338051707816, 43.8991048598673, 23.000000000000004
71.27127127127127, 23.402491975778908, 86.67478565721845, 43.899410715108594, 23.000000000000004
71.37137137137137, 23.39452886033678, 86.47733210277417, 43.89971632052179, 23.000000000000004
71.47147147147147, 23.38658986101037, 86.28101247483892, 43.90002167698664, 23.000000000000004
71.57157157157158, 23.378674922228548, 86.08581945097056, 43.900326785379285, 23.000000000000004
71.67167167167167, 23.370783988649517, 85.89174576093745, 43.900631646573, 23.000000000000004
71.77177177177177, 23.36291700516079, 85.6987841867183, 43.90093626143822, 23.000000000000004
71.87187187187187, 23.35507391687919, 85.50692756250224, 43.90124063084255, 23.000000000000004
71.97197197197198, 23.347254671609928, 85.31616876260317, 43.90154475565118, 23.000000000000004
72.07207207207207, 23.339459220101702, 85.12650070020602, 43.901848636726946, 23.000000000000004
72.17217217217217, 23.331687511167317, 84.93791635134751, 43.902152274929456, 23.000000000000004
72.27227227227228, 23.323939494205728, 84.75040874252109, 43.902455671115526, 23.000000000000004
72.37237237237238, 23.31621511922589, 84.5639709505597, 43.90275882613923, 23.000000000000004
72.47247247247248, 23.308514336846756, 84.37859610263573, 43.90306174085184, 23.000000000000004
72.57257257257257, 23.300837098778864, 84.19427737320959, 43.90336441610198, 23.000000000000004
72.67267267267268, 23.293183360874448, 84.01100796470323, 43.90366685273627, 23.000000000000004
72.77277277277278, 23.285553078295983, 83.8287811381139, 43.90396905159831, 23.000000000000004
72.87287287287288, 23.277946206583305, 83.64759020625227, 43.90427101352883, 23.000000000000004
72.97297297297297, 23.270362702181462, 83.46742853039794, 43.90457273936588, 23.000000000000004
73.07307307307308, 23.2628025224407, 83.28828952029951, 43.90487422994478, 23.000000000000004
73.17317317317318, 23.255265614244202, 83.11016335676646, 43.905175486268156, 23.000000000000004
73.27327327327328, 23.247751958709795, 82.93305170369615, 43.90547650874449, 23.000000000000004
73.37337337337338, 23.240261487282208, 82.75694251526156, 43.90577729849392, 23.000000000000004
73.47347347347348, 23.23279415581053, 82.58182961195962, 43.90607785633124, 23.000000000000004
73.57357357357357, 23.22534992014386, 82.40770681428722, 43.906378183071226, 23.000000000000004
73.67367367367368, 23.217928736131288, 82.23456794274126, 43.906678279528684, 23.000000000000004
73.77377377377378, 23.210530559621905, 82.06240681781858, 43.90697814651842, 23.000000000000004
73.87387387387388, 23.20315534535676, 81.89121726510353, 43.90727778485525, 23.000000000000004
73.97397397397397, 23.195803043236623, 81.72099313240315, 43.90757719535415, 23.000000000000004
74.07407407407409, 23.188473605460473, 81.5517282569729, 43.90787637883001, 23.000000000000004
74.17417417417418, 23.181166984925376, 81.38341647816588, 43.90817533609747, 23.000000000000004
74.27427427427428, 23.173883146598207, 81.21605180094933, 43.90847406795992, 23.000000000000004
74.37437437437437, 23.16662205608815, 81.04962823910314, 43.908772575220176, 23.000000000000004
74.47447447447448, 23.15938367486049, 80.88413974954794, 43.90907085868489, 23.000000000000004
74.57457457457458, 23.152167963369305, 80.71958037780907, 43.90936891915646, 23.000000000000004
74.67467467467468, 23.144974880000866, 80.55594435059209, 43.90966675742851, 23.000000000000004
74.77477477477477, 23.137804384489066, 80.39322577652544, 43.909964374300394, 23.000000000000004
74.87487487487488, 23.130656436554734, 80.23141877741551, 43.91026177057077, 23.000000000000004
74.97497497497498, 23.123530995032613, 80.07051769343917, 43.91055894702739, 23.000000000000004
75.07507507507508, 23.116428018973092, 79.91051681162443, 43.91085590446068, 23.000000000000004
75.17517517517518, 23.109347467593953, 79.75141037775151, 43.91115264366309, 23.000000000000004
75.27527527527528, 23.102289301799832, 79.59319277181639, 43.91144916541984, 23.000000000000004
75.37537537537538, 23.09525348382318, 79.4358584794635, 43.91174547051045, 23.000000000000004
75.47547547547548, 23.088239974623086, 79.27940188502166, 43.91204155971992, 23.000000000000004
75.57557557557558, 23.081248735378914, 79.12381740678002, 43.912337433831425, 23.000000000000004
75.67567567567568, 23.074279728674068, 78.9690996789167, 43.912633093616726, 23.000000000000004
75.77577577577577, 23.067332916537445, 78.81524325034825, 43.91292853985213, 23.000000000000004
75.87587587587588, 23.06040826082848, 78.66224264404077, 43.91322377331528, 23.000000000000004
75.97597597597598, 23.05350572397387, 78.5100925355806, 43.91351879477581, 23.000000000000004
76.07607607607608, 23.04662526865649, 78.35878766947813, 43.91381360499973, 23.000000000000004
76.17617617617617, 23.039766857236568, 78.2083227034382, 43.91410820475764, 23.000000000000004
76.27627627627629, 23.032930452863614, 78.05869244729877, 43.91440259481199, 23.000000000000004
76.37637637637638, 23.026116017568505, 77.90989149528218, 43.91469677593675, 23.000000000000004
76.47647647647648, 23.019323515882324, 77.76191492352659, 43.91499074888022, 23.000000000000004
76.57657657657657, 23.01255291059388, 77.61475747058647, 43.91528451440867, 23.000000000000004
76.67667667667668, 23.005804166301733, 77.46841405980226, 43.915578073278176, 23.000000000000004
76.77677677677679, 22.99907724793441, 77.32287966462768, 43.91587142624214, 23.000000000000004
76.87687687687688, 22.992372119926547, 77.17814923365427, 43.916164574055436, 23.000000000000004
76.97697697697699, 22.985688747022895, 77.03421776378069, 43.91645751747032, 23.000000000000004
77.07707707707708, 22.979027094278308, 76.89108030021286, 43.916750257236465, 23.000000000000004
77.17717717717719, 22.97238712705776, 76.74873193646381, 43.917042794100965, 23.000000000000004
77.27727727727728, 22.96576881103633, 76.60716781435376, 43.91733512880827, 23.000000000000004
77.37737737737739, 22.959172111950597, 76.4663831199594, 43.91762726210054, 23.000000000000004
77.47747747747748, 22.95259698933961, 76.32637298163428, 43.917919194723744, 23.000000000000004
77.57757757757759, 22.946043404119404, 76.18713259342148, 43.9182109274202, 23.000000000000004
77.67767767767768, 22.93951131930688, 76.04865722684892, 43.91850246092787, 23.000000000000004
77.77777777777779, 22.93300069782383, 75.91094219514919, 43.91879379598252, 23.000000000000004
77.87787787787788, 22.926511502496936, 75.77398285325971, 43.91908493331773, 23.000000000000004
77.97797797797797, 22.92004369605776, 75.63777459782257, 43.91937587366485, 23.000000000000004
78.0780780780781, 22.913597241142746, 75.50231286718456, 43.91966661775307, 23.000000000000004
78.17817817817819, 22.907172100894904, 75.36759313017166, 43.91995716630978, 23.000000000000004
78.27827827827828, 22.90076824568971, 75.23361076060313, 43.92024752006503, 23.000000000000004
78.37837837837837, 22.89438564334219, 75.1003612199988, 43.92053767974504, 23.000000000000004
78.4784784784785, 22.888024260312942, 74.96784003507845, 43.920827646073, 23.000000000000004
78.57857857857859, 22.88168406339914, 74.83604276621256, 43.921117419770184, 23.000000000000004
78.67867867867868, 22.87536501973453, 74.70496500742206, 43.92140700155598, 23.000000000000004
78.77877877877879, 22.869067096789447, 74.57460238637844, 43.92169639214785, 23.000000000000004
78.87887887887888, 22.862790262370797, 74.44495056440385, 43.92198559226136, 23.000000000000004
78.97897897897899, 22.85653448488942, 74.316005231787, 43.92227460261019, 23.000000000000004
79.07907907907908, 22.850299734906084, 74.18776208069809, 43.922563423906404, 23.000000000000004
79.17917917917919, 22.844085982463163, 74.06021685193653, 43.92285205686004, 23.000000000000004
79.27927927927928, 22.837893197764842, 73.93336532301439, 43.923140502179166, 23.000000000000004
79.37937937937939, 22.831721351458476, 73.80720330322661, 43.92342876056999, 23.000000000000004
79.47947947947948, 22.8255704146346, 73.68172663365115, 43.92371683273682, 23.000000000000004
79.57957957957959, 22.81944035882694, 73.55693118714886, 43.92400471938207, 23.000000000000004
79.67967967967968, 22.813331156012385, 73.43281286836364, 43.92429242120626, 23.000000000000004
79.77977977977979, 22.80724285743989, 73.3093640559147, 43.92457993909533, 23.000000000000004
79.8798798798799, 22.801175208747573, 73.18658937564794, 43.92486727329694, 23.000000000000004
79.97997997997999, 22.795128305749962, 73.06447907516117, 43.92515442480975, 23.000000000000004
80.08008008008008, 22.7891021065677, 72.94302934632773, 43.925441394320565, 23.000000000000004
80.18018018018017, 22.783096569321433, 72.82223638102107, 43.92572818251622, 23.000000000000004
80.2802802802803, 22.777111652131804, 72.70209637111456, 43.926014790083535, 23.000000000000004
80.38038038038039, 22.771147313119453, 72.58260550848169, 43.92630121770934, 23.000000000000004
80.48048048048048, 22.765203510405026, 72.4637599849958, 43.92658746608046, 23.000000000000004
80.58058058058057, 22.759280211282466, 72.34555599323839, 43.92687353588124, 23.000000000000004
80.6806806806807, 22.75337740681757, 72.22798972762574, 43.92715942778961, 23.000000000000004
80.78078078078079, 22.7474950721559, 72.11105738134535, 43.92744514248782, 23.000000000000004
80.88088088088088, 22.741633181207895, 71.99475514748939, 43.92773068065841, 23.000000000000004
80.98098098098099, 22.735791704306127, 71.87907926446123, 43.92801604298201, 23.000000000000004
81.08108108108108, 22.729970599898927, 71.7640261211711, 43.92830123013277, 23.000000000000004
81.18118118118119, 22.724169833653914, 71.64959201510125, 43.928586242788775, 23.000000000000004
81.28128128128128, 22.718389372079137, 71.5357732330904, 43.928871081628564, 23.000000000000004
81.38138138138139, 22.71262918121593, 71.42256610432248, 43.92915574732815, 23.000000000000004
81.48148148148148, 22.706889225122506, 71.30996713791006, 43.92944024055269, 23.000000000000004
81.58158158158159, 22.701169468943636, 71.19797274438338, 43.92972456197328, 23.000000000000004
81.6816816816817, 22.695469878006932, 71.08657931768131, 43.93000871226202, 23.000000000000004
81.78178178178179, 22.689790418627826, 70.97578328427737, 43.93029269208871, 23.000000000000004
81.88188188188188, 22.684131062514055, 70.86558124824862, 43.93057650211051, 23.000000000000004
81.98198198198199, 22.678491778740728, 70.75596972696275, 43.93086014299073, 23.000000000000004
82.0820820820821, 22.672872535752806, 70.6469452170325, 43.93114361539418, 23.000000000000004
82.18218218218219, 22.66727330202094, 70.5385042401742, 43.931426919984, 23.000000000000004
82.28228228228228, 22.661694046197525, 70.43064349562563, 43.931710057411784, 23.000000000000004
82.38238238238237, 22.65613473685653, 70.32335960603439, 43.93199302833411, 23.000000000000004
82.4824824824825, 22.650595342545405, 70.21664916813515, 43.932275833409214, 23.000000000000004
82.58258258258259, 22.645075831718643, 70.11050879267344, 43.93255847329447, 23.000000000000004
82.68268268268268, 22.63957617167513, 70.0049352645511, 43.93284094863597, 23.000000000000004
82.78278278278279, 22.634096330056945, 69.89992531695161, 43.93312326008316, 23.000000000000004
82.8828828828829, 22.628636274754165, 69.79547564568041, 43.93340540828789, 23.000000000000004
82.98298298298299, 22.623195973676914, 69.69158295268383, 43.9336873939016, 23.000000000000004
83.08308308308308, 22.617775395253137, 69.58824409852052, 43.933969217564915, 23.000000000000004
83.18318318318319, 22.612374507845473, 69.48545592374964, 43.93425087991981, 23.000000000000004
83.28328328328328, 22.606993279656013, 69.3832152197482, 43.934532381611625, 23.000000000000004
83.38338338338339, 22.60163167979586, 69.28151901623245, 43.934813723269116, 23.000000000000004
83.48348348348348, 22.596289674573327, 69.18036360804356, 43.93509490557215, 23.000000000000004
83.58358358358359, 22.59096723469153, 69.07974644231356, 43.93537592912046, 23.000000000000004
83.68368368368368, 22.585664328492516, 68.979664347115, 43.93565679455684, 23.000000000000004
83.78378378378379, 22.580380924404345, 68.88011417305289, 43.93593750252249, 23.000000000000004
83.8838838838839, 22.57511699173291, 68.78109288713851, 43.93621805365024, 23.000000000000004
83.98398398398399, 22.569872500185596, 68.68259751631753, 43.93649844856856, 23.000000000000004
84.08408408408408, 22.56464741902399, 68.5846250470179, 43.936778687909, 23.000000000000004
84.18418418418419, 22.559441717653552, 68.48717249505856, 43.93705877230103, 23.000000000000004
84.2842842842843, 22.5542553656236, 68.39023690564937, 43.93733870237207, 23.000000000000004
84.38438438438439, 22.549088332627324, 68.29381535339118, 43.937618478747424, 23.000000000000004
84.48448448448448, 22.54394058850178, 68.1979049422757, 43.93789810205038, 23.000000000000004
84.58458458458459, 22.5388121032279, 68.1025028056856, 43.93817757290214, 23.000000000000004
84.6846846846847, 22.53370284557628, 68.00760608506067, 43.93845689192344, 23.000000000000004
84.78478478478479, 22.528612779024876, 67.91321186558491, 43.938736059739405, 23.000000000000004
84.88488488488488, 22.523541870571016, 67.81931731501095, 43.93901507696911, 23.000000000000004
84.98498498498499, 22.518490087607166, 67.72591963444084, 43.939293944229235, 23.000000000000004
85.08508508508508, 22.51345739736876, 67.6330160496271, 43.939572662134765, 23.000000000000004
85.18518518518519, 22.508443766934178, 67.54060381097263, 43.93985123129896, 23.000000000000004
85.28528528528528, 22.503449163224765, 67.44868019353072, 43.940129652333404, 23.000000000000004
85.38538538538539, 22.49847355300482, 67.35724249700506, 43.94040792584793, 23.000000000000004
85.48548548548548, 22.493516903139955, 67.26628804379042, 43.940686052450744, 23.000000000000004
85.58558558558559, 22.488579192013944, 67.1758140923886, 43.94096403275126, 23.000000000000004
85.6856856856857, 22.483660396976987, 67.08581793259921, 43.941241867356965, 23.000000000000004
85.78578578578579, 22.47876049100552, 66.9962969108515, 43.94151955687257, 23.000000000000004
85.88588588588588, 22.473879447596453, 66.90724839308689, 43.94179710190126, 23.000000000000004
85.98598598598599, 22.46901724076716, 66.81866976475901, 43.942074503044665, 23.000000000000004
86.0860860860861, 22.464173845055498, 66.7305584308337, 43.94235176090288, 23.000000000000004
86.18618618618619, 22.45934923551979, 66.642911815789, 43.94262887607447, 23.000000000000004
86.28628628628628, 22.45454338773884, 66.55572736361516, 43.94290584915645, 23.000000000000004
86.38638638638639, 22.4497562711124, 66.46900253194696, 43.94318268074627, 23.000000000000004
86.4864864864865, 22.444987842197495, 66.38273478622746, 43.94345937144379, 23.000000000000004
86.58658658658659, 22.44023806882294, 66.29692162082826, 43.943735921844144, 23.000000000000004
86.68668668668668, 22.435506919035543, 66.21156054936824, 43.94401233254103, 23.000000000000004
86.78678678678679, 22.430794360502226, 66.12664910418994, 43.944288604126875, 23.000000000000004
86.8868868868869, 22.426100360510027, 66.04218483635954, 43.9445647371928, 23.000000000000004
86.98698698698699, 22.421424885966086, 65.95816531566683, 43.94484073232869, 23.000000000000004
87.08708708708708, 22.416767903397666, 65.87458813062526, 43.945116590123135, 23.000000000000004
87.18718718718719, 22.412129193333033, 65.79144778806882, 43.94539231142629, 23.000000000000004
87.28728728728728, 22.407509203392877, 65.70874935786027, 43.94566789618558, 23.000000000000004
87.38738738738739, 22.402907627761923, 65.6264856572296, 43.94594334539134, 23.000000000000004
87.4874874874875, 22.3983244531619, 65.54465445164931, 43.946218659615155, 23.000000000000004
87.58758758758759, 22.393759666314537, 65.46325350659194, 43.94649383942861, 23.000000000000004
87.68768768768768, 22.389213253941552, 65.38228058753002, 43.9467688854033, 23.000000000000004
87.78778778778779, 22.38468520276468, 65.30173345993606, 43.947043798110826, 23.000000000000004
87.8878878878879, 22.380175499505636, 65.22160988928256, 43.94731857812277, 23.000000000000004
87.98798798798799, 22.37568413088615, 65.14190764104208, 43.94759322601072, 23.000000000000004
88.08808808808809, 22.371211062818677, 65.06262449372379, 43.947867742351825, 23.000000000000004
88.18818818818819, 22.366756241411526, 64.98375823824387, 43.94814212772855, 23.000000000000004
88.2882882882883, 22.362319632665542, 64.90530665305607, 43.948416382718044, 23.000000000000004
88.38838838838839, 22.35790120270691, 64.82726751653576, 43.948690507897396, 23.000000000000004
88.48848848848849, 22.35350093293654, 64.74963864761455, 43.94896450383841, 23.000000000000004
88.58858858858859, 22.349118833117195, 64.67241794052862, 43.949238371103135, 23.000000000000004
88.6886886886887, 22.34475489122169, 64.59560323165896, 43.94951211026111, 23.000000000000004
88.78878878878879, 22.34040909431373, 64.51919235497272, 43.9497857218822, 23.000000000000004
88.88888888888889, 22.336081434644704, 64.44318318252695, 43.95005920653468, 23.000000000000004
88.988988988989, 22.331771921311503, 64.36757371006532, 43.950332564781576, 23.000000000000004
89.0890890890891, 22.327480552970293, 64.29236185667139, 43.950605797189176, 23.000000000000004
89.1891891891892, 22.32320732710233, 64.21754553280212, 43.95087890432413, 23.000000000000004
89.2892892892893, 22.318952241411022, 64.14312267238898, 43.95115188675266, 23.000000000000004
89.3893893893894, 22.314715294844145, 64.06909134086119, 43.95142474503886, 23.000000000000004
89.48948948948949, 22.310496485741922, 63.995449539445254, 43.95169747974783, 23.000000000000004
89.5895895895896, 22.306295812294383, 63.922195253496156, 43.95197009144496, 23.000000000000004
89.6896896896897, 22.30211326321468, 63.84932647145373, 43.952242580694715, 23.000000000000004
89.7897897897898, 22.297948730390928, 63.77684121327468, 43.95251494805177, 23.000000000000004
89.88988988988989, 22.293802139509324, 63.704737487914315, 43.95278719407425, 23.000000000000004
89.98998998999, 22.289673434771608, 63.63301329830105, 43.953059319322115, 23.000000000000004
90.0900900900901, 22.285562558846596, 63.56166664845001, 43.95333132435488, 23.000000000000004
90.1901901901902, 22.281469405051848, 63.49069557736173, 43.95360320971726, 23.000000000000004
90.29029029029029, 22.27739387078481, 63.42009812114445, 43.953874975955216, 23.000000000000004
90.3903903903904, 22.27333587024756, 63.34987230399352, 43.95414662361973, 23.000000000000004
90.4904904904905, 22.26929531764311, 63.280016150138906, 43.954418153261756, 23.000000000000004
90.5905905905906, 22.26527212800932, 63.21052771460532, 43.954689565414725, 23.000000000000004
90.69069069069069, 22.261266216712702, 63.141405064540315, 43.95496086060511, 23.000000000000004
90.7907907907908, 22.257277498595215, 63.07264624774258, 43.95523203937045, 23.000000000000004
90.8908908908909, 22.253305888498822, 63.00424931201081, 43.95550310224827, 23.000000000000004
90.990990990991, 22.24935130275971, 62.936212329732385, 43.95577404976523, 23.000000000000004
91.09109109109109, 22.24541365973455, 62.868533406542745, 43.95604488243327, 23.000000000000004
91.1911911911912, 22.241492876012476, 62.8012106189916, 43.9563156007772, 23.000000000000004
91.2912912912913, 22.237588868147018, 62.734242043042784, 43.9565862053221, 23.000000000000004
91.3913913913914, 22.233701552873573, 62.667625771410734, 43.956856696586996, 23.000000000000004
91.4914914914915, 22.229830847475142, 62.60135994725144, 43.95712707507273, 23.000000000000004
91.5915915915916, 22.225976668881103, 62.53544268114765, 43.95739734129189, 23.000000000000004
91.69169169169169, 22.222138933985427, 62.46987208042153, 43.957667495758244, 23.000000000000004
91.7917917917918, 22.218317560500182, 62.40464626055523, 43.9579375389827, 23.000000000000004
91.8918918918919, 22.21451247204946, 62.33976339600056, 43.95820747145551, 23.000000000000004
91.991991991992, 22.21072358969222, 62.27522163562337, 43.95847729367589, 23.000000000000004
92.09209209209209, 22.206950833600146, 62.21101911943938, 43.95874700614614, 23.000000000000004
92.19219219219221, 22.20319412424565, 62.147153990010345, 43.95901660936777, 23.000000000000004
92.2922922922923, 22.199453388904512, 62.08362444749945, 43.959286103823246, 23.000000000000004
92.3923923923924, 22.195728553735957, 62.020428682616284, 43.959555489998195, 23.000000000000004
92.49249249249249, 22.192019542890034, 61.95756486905963, 43.959824768383825, 23.000000000000004
92.5925925925926, 22.188326289654782, 61.89503128273259, 43.9600939394405, 23.000000000000004
92.6926926926927, 22.1846486980393, 61.8328258720668, 43.960363003727466, 23.000000000000004
92.7927927927928, 22.180986716718216, 61.770947085057124, 43.9606319616531, 23.000000000000004
92.89289289289289, 22.17734027098823, 61.70939310822716, 43.96090081370473, 23.000000000000004
92.992992992993, 22.17370928688326, 61.64816213634588, 43.96116956036724, 23.000000000000004
93.0930930930931, 22.170093693078233, 61.58725239926367, 43.961438202115694, 23.000000000000004
93.1931931931932, 22.166493421439856, 61.5266621696756, 43.96170673941329, 23.000000000000004
93.2932932932933, 22.162908402208288, 61.466389695202665, 43.961975172729794, 23.000000000000004
93.3933933933934, 22.159338566501436, 61.40643323369226, 43.962243502531926, 23.000000000000004
93.4934934934935, 22.15578384636945, 61.346791053986266, 43.962511729283186, 23.000000000000004
93.5935935935936, 22.152244174794728, 61.2874614359211, 43.96277985344381, 23.000000000000004
93.6936936936937, 22.148719485691906, 61.22844267032765, 43.96304787547083, 23.000000000000004
93.7937937937938, 22.14520971390787, 61.16973305903136, 43.963315795818026, 23.000000000000004
93.89389389389389, 22.141714795074023, 61.11133091392106, 43.963583614936375, 23.000000000000004
93.99399399399401, 22.13823466217057, 61.05323453529314, 43.96385133328418, 23.000000000000004
94.0940940940941, 22.134769249871685, 60.99544223923978, 43.96411895131428, 23.000000000000004
94.1941941941942, 22.131318494798254, 60.937952359241976, 43.96438646947326, 23.000000000000004
94.29429429429429, 22.127882334314478, 60.88076323858443, 43.96465388820505, 23.000000000000004
94.39439439439441, 22.124460706527888, 60.82387323035559, 43.964921207950894, 23.000000000000004
94.4944944944945, 22.121053550289336, 60.767280697447596, 43.96518842914935, 23.000000000000004
94.5945945945946, 22.117660805192994, 60.7109840125563, 43.965455552236286, 23.000000000000004
94.69469469469469, 22.114282411576358, 60.654981558181305, 43.96572257764492, 23.000000000000004
94.7947947947948, 22.11091830858973, 60.599271719121205, 43.9659895058091, 23.000000000000004
94.8948948948949, 22.107568429935778, 60.54385286591167, 43.9662563371706, 23.000000000000004
94.994994994995, 22.104232714304466, 60.4887233953901, 43.96652307216125, 23.000000000000004
95.0950950950951, 22.100911101288805, 60.43388171481847, 43.96678971120994, 23.000000000000004
95.1951951951952, 22.097603530879216, 60.37932623991782, 43.96705625474344, 23.000000000000004
95.2952952952953, 22.094309943463564, 60.325055394868286, 43.967322703186454, 23.000000000000004
95.3953953953954, 22.091030279827123, 60.271067612309075, 43.9675890569616, 23.000000000000004
95.4954954954955, 22.087764481152604, 60.21736133333847, 43.96785531648941, 23.000000000000004
95.5955955955956, 22.084512489018664, 60.16393500751071, 43.96812148218834, 23.000000000000004
95.6956956956957, 22.081274244635946, 60.11078709120345, 43.968387554476514, 23.000000000000004
95.7957957957958, 22.078049689413547, 60.05791604882831, 43.968653533770464, 23.000000000000004
95.8958958958959, 22.07483876561081, 60.005320354223564, 43.968919420483545, 23.000000000000004
95.995995995996, 22.07164141583394, 59.952998489578526, 43.969185215027174, 23.000000000000004
96.09609609609609, 22.068457583036015, 59.90094894543356, 43.969450917810796, 23.000000000000004
96.19619619619621, 22.065287210516978, 59.84917022068008, 43.969716529241886, 23.000000000000004
96.2962962962963, 22.062130241923654, 59.79766082256058, 43.96998204972596, 23.000000000000004
96.3963963963964, 22.058986621249723, 59.74641926666856, 43.970247479666526, 23.000000000000004
96.49649649649649, 22.055856208924414, 59.69544258269627, 43.97051281981432, 23.000000000000004
96.59659659659661, 22.05273915486139, 59.644732893843084, 43.9707780697304, 23.000000000000004
96.6966966966967, 22.049635275279165, 59.59428642698757, 43.97104323035317, 23.000000000000004
96.7967967967968, 22.04654451977402, 59.54410178271451, 43.97130830206644, 23.000000000000004
96.8968968968969, 22.043466837942226, 59.49417756160864, 43.971573285253996, 23.000000000000004
96.996996996997, 22.040402179380056, 59.44451236425471, 43.97183818029963, 23.000000000000004
97.0970970970971, 22.037350493683782, 59.3951047912375, 43.972102987587135, 23.000000000000004
97.1971971971972, 22.03431173044968, 59.34595344314175, 43.972367707500304, 23.000000000000004
97.2972972972973, 22.031285839274023, 59.29705692055222, 43.97263234042295, 23.000000000000004
97.3973973973974, 22.028272768970975, 59.24841382714323, 43.97289688673869, 23.000000000000004
97.4974974974975, 22.02527246724877, 59.20002277095785, 43.97316134683091, 23.000000000000004
97.5975975975976, 22.022284882761614, 59.15188235630228, 43.97342572108324, 23.000000000000004
97.6976976976977, 22.019309964184963, 59.1039911873988, 43.973690009879256, 23.000000000000004
97.7977977977978, 22.016347659220756, 59.05634788406789, 43.97395421359954, 23.000000000000004
97.8978978978979, 22.013397912907887, 59.00895110879898, 43.974218332616395, 23.000000000000004
97.99799799799801, 22.010460672055007, 58.96179949572539, 43.9744823673076, 23.000000000000004
98.0980980980981, 22.0075358836219, 58.91489167655893, 43.974746318051444, 23.000000000000004
98.1981981981982, 22.004623495424124, 58.86822629379846, 43.97501018522366, 23.000000000000004
98.29829829829829, 22.00172345958921, 58.82180204429538, 43.97527396918736, 23.000000000000004
98.39839839839841, 21.99883572602449, 58.77561759691537, 43.97553767031217, 23.000000000000004
98.4984984984985, 21.99596024416287, 58.72967161454401, 43.97580128896909, 23.000000000000004
98.5985985985986, 21.993096963716987, 58.68396276567772, 43.97606482552787, 23.000000000000004
98.69869869869869, 21.990245837143302, 58.63848977384766, 43.976328280345975, 23.000000000000004
98.79879879879881, 21.987406815921098, 58.593251342984885, 43.97659165378522, 23.000000000000004
98.8988988988989, 21.98457985102065, 58.548246166811346, 43.97685494620972, 23.000000000000004
98.998998998999, 21.981764893452493, 58.50347294130232, 43.97711815798312, 23.000000000000004
99.0990990990991, 21.97896189516487, 58.458930414945954, 43.9773812894578, 23.000000000000004
99.1991991991992, 21.976170807952567, 58.4146173276372, 43.97764434098801, 23.000000000000004
99.2992992992993, 21.973391583327853, 58.37053240344908, 43.97790731293136, 23.000000000000004
99.3993993993994, 21.970624172802996, 58.326674366454625, 43.97817020564547, 23.000000000000004
99.4994994994995, 21.9678685289123, 58.28304197701133, 43.9784330194801, 23.000000000000004
99.5995995995996, 21.96512460486443, 58.23963401941744, 43.97869575477982, 23.000000000000004
99.6996996996997, 21.96239235304476, 58.19644924874284, 43.978958411895555, 23.000000000000004
99.79979979979981, 21.95967172583805, 58.15348642003606, 43.97922099117819, 23.000000000000004
99.8998998998999, 21.956962676196017, 58.11074430541506, 43.97948349297492, 23.000000000000004
100.0, 21.95426515867514, 58.06822172531348, 43.97974591762241, 23.000000000000004
