Initial conditions: Te0=5.6, Ti0=8.4, rho0=1000.0, Rh0=15.0
t (ps), Te (keV), Ti (keV), rho (g/cm^3), Rh (um)
0.0, 5.6, 8.4, 1000.0, 15.0
0.05005005005005005, 6.528401011503744, 7.577114852934174, 993.6776655885739, 15.031757287523844
0.1001001001001001, 6.8576737390653415, 7.300451440467821, 987.4118584989702, 15.063497062419193
0.15015015015015015, 6.999573295887046, 7.193649731753203, 981.2088363575632, 15.095184259517598
0.2002002002002002, 7.068014252950093, 7.15356365695193, 975.0701617375497, 15.126806727008097
0.2502502502502503, 7.105311632349185, 7.142015014129746, 968.99582781599, 15.15836009300289
0.3003003003003003, 7.129000465831844, 7.143216523436557, 962.985218280598, 15.189843094490131
0.3503503503503504, 7.14671479554566, 7.15030932853914, 957.0374704131539, 15.221255798278406
0.4004004004004004, 7.161864562763513, 7.160239413235959, 951.151625157864, 15.25259885901794
0.45045045045045046, 7.175997721131543, 7.171628747000175, 945.3266917149246, 15.283873196022544
0.5005005005005005, 7.189826376087179, 7.1838513538022575, 939.5616758223372, 15.315079849337023
0.5505505505505506, 7.203683086122238, 7.19662276784245, 933.855592156504, 15.346219914845145
0.6006006006006006, 7.217726639533962, 7.209815018032375, 928.2074696708273, 15.37729451484668
0.6506506506506506, 7.232035735118911, 7.223372459253206, 922.6163537617566, 15.408304784736984
0.7007007007007008, 7.246651994119171, 7.237273160013778, 917.0813070028743, 15.43925186705573
0.7507507507507507, 7.261599856370146, 7.251511062439171, 911.6014092310614, 15.47013690893574
0.8008008008008008, 7.276895836991612, 7.266087697685638, 906.1757573405414, 15.500961061137453
0.8508508508508509, 7.29255282177669, 7.2810083517777, 900.8034648533584, 15.531725477810006
0.9009009009009009, 7.308582168254922, 7.2962802228775585, 895.4836620737067, 15.56243131674191
0.950950950950951, 7.324994664341094, 7.3119115539390265, 890.2154947520727, 15.593079739475451
1.001001001001001, 7.341800990486658, 7.3279112557902994, 884.9981241308869, 15.62367191176693
1.0510510510510511, 7.359011943799227, 7.3442887435458655, 879.8307268400773, 15.65420900413394
1.1011011011011012, 7.376638593558722, 7.361053815779629, 874.7124942811372, 15.684692192281569
1.1511511511511512, 7.39469232052802, 7.378216621961969, 869.642631707459, 15.715122657372664
1.2012012012012012, 7.413184869751243, 7.395787680758685, 864.6203587055622, 15.745501586851622
1.2512512512512513, 7.432128369283027, 7.4137778537615455, 859.6449079887662, 15.775830174623367
1.3013013013013013, 7.451535371237126, 7.432198376934762, 854.715525554676, 15.806109621975269
1.3513513513513515, 7.4714188605718315, 7.451060866689643, 849.831470922697, 15.836341137720861
1.4014014014014016, 7.491792288294794, 7.4703773292449345, 844.9920152340987, 15.86652593925184
1.4514514514514514, 7.51266961525029, 7.490160210210586, 840.1964436886283, 15.896665253170397
1.5015015015015014, 7.534065264421534, 7.510422351593392, 835.4440510835663, 15.926760315159498
1.5515515515515517, 7.555994180450551, 7.531177044504823, 830.7341445555841, 15.956812370783673
1.6016016016016017, 7.5784718725041555, 7.552438067790635, 826.0660422808179, 15.98682267682681
1.6516516516516517, 7.601514417818163, 7.574219675705764, 821.4390734891927, 16.01679250115914
1.7017017017017018, 7.625138512305107, 7.596536632463305, 816.8525778665773, 16.046723123946244
1.751751751751752, 7.649361495260054, 7.6194042442900916, 812.3059052851355, 16.07661583838084
1.8018018018018018, 7.674201351681586, 7.642838357914863, 807.7984157779766, 16.106471950706
1.851851851851852, 7.699676747289934, 7.666855397153299, 803.329479203463, 16.136292781132727
1.901901901901902, 7.725807119100915, 7.691472445801891, 798.8984743066749, 16.16607966614139
1.951951951951952, 7.75261259844417, 7.716707170313868, 794.5047895995762, 16.19583395640031
2.002002002002002, 7.7801142016298455, 7.7425779767680885, 790.1478217581764, 16.225557021181377
2.052052052052052, 7.808333698135243, 7.769103904007044, 785.8269766979084, 16.255250245342783
2.1021021021021022, 7.837293838012518, 7.796304781413273, 781.5416680912497, 16.28491503396465
2.1521521521521523, 7.867018241088809, 7.8242011546749675, 777.2913180579184, 16.314552810142796
2.2022022022022023, 7.897531539560418, 7.852814409892077, 773.075356321211, 16.344165018063844
2.2522522522522523, 7.928859394633903, 7.882166783998762, 768.8932201009986, 16.373753123332456
2.3023023023023024, 7.961028493386022, 7.912281374384587, 764.7443541810062, 16.403318612970413
2.3523523523523524, 7.99406672848669, 7.943182307889057, 760.6282099036533, 16.432862999349222
2.4024024024024024, 8.02800306555805, 7.974894596190209, 756.544245985272, 16.462387817028105
2.452452452452453, 8.062867883055292, 8.00744438805987, 752.4919270715508, 16.491894629103662
2.5025025025025025, 8.098692741186102, 8.040858807795138, 748.4707246739665, 16.521385023028923
2.552552552552553, 8.13551075410725, 8.075166197581025, 744.4801159068462, 16.55086061688721
2.6026026026026026, 8.173356432837174, 8.110396017126696, 740.5195839997126, 16.580323056786483
2.6526526526526526, 8.21226586324118, 8.14657903753003, 736.5886176610442, 16.609774020545792
2.702702702702703, 8.252276780881603, 8.183747400198344, 732.6867108234264, 16.639215219042303
2.7527527527527527, 8.293428516328069, 8.221934558438702, 728.8133629033514, 16.668648394986942
2.802802802802803, 8.335762351328418, 8.2611756146449, 724.9680776988705, 16.698075329621464
2.852852852852853, 8.379321425355576, 8.30150714040924, 721.1503638861144, 16.72749783991445
2.9029029029029028, 8.424151002341233, 8.34296732272937, 717.35973446661, 16.7569177823086
2.9529529529529532, 8.470298470193182, 8.385596065711121, 713.5957066616282, 16.786337053633513
3.003003003003003, 8.51781351272546, 8.429435108945754, 709.8578015615144, 16.81575759367887
3.0530530530530533, 8.566748191316051, 8.474528172212384, 706.145543916855, 16.845181387147104
3.1031031031031033, 8.61715702728959, 8.520921020234702, 702.4584619725176, 16.87461046493376
3.1531531531531534, 8.669097333929361, 8.568661607196216, 698.7960870556398, 16.90404690789333
3.2032032032032034, 8.722629187779564, 8.617800084239805, 695.1579535898703, 16.93349284669878
3.2532532532532534, 8.777815843736596, 8.668389085605709, 691.5435985133508, 16.96295046739774
3.3033033033033035, 8.834723617286645, 8.720483673221317, 687.9525614290848, 16.99242201003879
3.3533533533533535, 8.893422326083384, 8.774141794086406, 684.384383899063, 17.021909775782593
3.4034034034034035, 8.953985181010138, 8.8294241206843, 680.8386096771666, 17.051416124673697
3.4534534534534536, 9.016489388393047, 8.88639452331557, 677.3147839482732, 17.080943483766408
3.503503503503504, 9.081015965008055, 8.945119902282206, 673.8124536039195, 17.110494344334946
3.5535535535535536, 9.14765047582816, 9.005670691977032, 670.3311664471971, 17.140071270879574
3.6036036036036037, 9.216482934781569, 9.068120936007489, 666.8704712344548, 17.169676900964472
3.6536536536536537, 9.287608069685342, 9.132548488238715, 663.4299174086194, 17.199313948474526
3.703703703703704, 9.361125791708698, 9.199035357311674, 660.0090546679646, 17.2289852091362
3.753753753753754, 9.437141431875252, 9.267667865129576, 656.6074327873037, 17.258693563049558
3.803803803803804, 9.51576604212015, 9.338536894639082, 653.2246013475617, 17.28844197832978
3.853853853853854, 9.597116846097078, 9.411738324377316, 649.8601093283777, 17.31823351686559
3.903903903903904, 9.681317452768814, 9.487373186849553, 646.5135049659519, 17.348071336545402
3.9539539539539543, 9.768498413860533, 9.56554814557765, 643.1843352995659, 17.37795869782189
4.004004004004004, 9.858797554790394, 9.646375751744996, 639.872145970554, 17.407898967100813
4.054054054054054, 9.952360564943277, 9.72997495954231, 636.5764807584901, 17.437895623630585
4.104104104104104, 10.049341236249488, 9.816471380101559, 633.2968814748118, 17.46795226196248
4.1541541541541545, 10.149902096277597, 9.905997826571005, 630.0328875024336, 17.49807259906916
4.2042042042042045, 10.254214929230832, 9.99869480140694, 626.7840354986885, 17.528260479823576
4.2542542542542545, 10.362461325716417, 10.094710994030894, 623.5498590538291, 17.558519882882816
4.3043043043043046, 10.47483327106302, 10.19420383002721, 620.3298883536929, 17.58885492686039
4.354354354354355, 10.591533752518519, 10.297340113202578, 617.1236498432513, 17.619269876862543
4.404404404404405, 10.712777371853035, 10.40429662398332, 613.9306658851065, 17.649769150925756
4.454454454454455, 10.838791061825308, 10.515260882934678, 610.7504544082648, 17.68035732740192
4.504504504504505, 10.96981468959429, 10.630431762534021, 607.5825285723745, 17.71103915136848
4.554554554554555, 11.106101895895048, 10.750020494455459, 604.4263964201849, 17.741819543169214
4.604604604604605, 11.247920707966767, 10.874251310169074, 601.2815605390484, 17.772703604978023
4.654654654654655, 11.395554379967848, 11.003362608281973, 598.1475177301835, 17.803696629767632
4.704704704704705, 11.549302073250198, 11.137607702504916, 595.02375867296, 17.834804108416666
4.754754754754755, 11.709479697168833, 11.277256158439625, 591.909767635388, 17.86603173896617
4.804804804804805, 11.87642061385198, 11.422594661280561, 588.8050221420771, 17.897385434196707
4.854854854854855, 12.050476405464705, 11.573928554176808, 585.708992739992, 17.92887133104178
4.904904904904906, 12.232017600787358, 11.731582833993736, 582.6211426851418, 17.96049579854638
4.954954954954955, 12.421434288138016, 11.895903902609039, 579.5409277956236, 17.99226544711283
5.005005005005005, 12.619136841909658, 12.06726068965908, 576.4677961586917, 18.024187136779123
5.055055055055055, 12.825556263866932, 12.246046631454199, 573.4011881078754, 18.05626798592979
5.105105105105106, 13.041144728563799, 12.432681125258716, 570.3405360652454, 18.088515379508866
5.155155155155156, 13.266375905934078, 12.627611254448981, 567.285264505266, 18.120936976971812
5.205205205205205, 13.501744865822072, 12.83131379533309, 564.2347900486933, 18.153540719673764
5.255255255255255, 13.747768075678763, 13.044297067291215, 561.1885215399807, 18.186334838042853
5.305305305305305, 14.00498285247686, 13.267102972481176, 558.1458603353132, 18.219327857268606
5.355355355355356, 14.273946693071208, 13.500308960820425, 555.1062006343158, 18.252528602372635
5.405405405405406, 14.555236240111165, 13.744530077630856, 552.0689299400264, 18.285946202268075
5.455455455455455, 14.849445357937169, 14.000420995490105, 549.0334297847673, 18.319590091131932
5.505505505505505, 15.15718327938424, 14.268677915730027, 545.9990764551479, 18.353470009578338
5.555555555555555, 15.47907165039597, 14.550040380418556, 542.965242073547, 18.38759600218833
5.605605605605606, 15.815740851240685, 14.845292751438029, 539.9312958907725, 18.42197841228805
5.655655655655656, 16.167826180875274, 15.155265655268002, 536.8966056231669, 18.456627876246106
5.705705705705706, 16.535961630015017, 15.48083650321815, 533.8605395231791, 18.49155530879834
5.7557557557557555, 16.920774219954865, 15.82292989003638, 530.8224683138077, 18.526771889570366
5.8058058058058055, 17.322876384517283, 16.18251706964054, 527.7817676798875, 18.562289042389292
5.855855855855856, 17.74285712831203, 16.560614534398063, 524.7378211352734, 18.59811840928805
5.9059059059059065, 18.18127197387291, 16.958281350903633, 521.6900233142104, 18.634271818173737
5.9559559559559565, 18.63863163098066, 17.3766152117469, 518.637783660181, 18.670761244356292
6.006006006006006, 19.115389298862688, 17.816746886955283, 515.5805305848413, 18.707598764620208
6.056056056056057, 19.61192667302951, 18.279832859741333, 512.5177160971481, 18.7447965034809
6.106106106106107, 20.12853863534725, 18.767045620894308, 509.4488209687288, 18.782366570024646
6.156156156156157, 20.66541713958151, 19.279561827428907, 506.3733603114188, 18.820320986766834
6.206206206206207, 21.2226344012051, 19.818548045732964, 503.2908895950623, 18.858671609613168
6.256256256256257, 21.80012573117688, 20.385143951122156, 500.20101106909175, 18.89743003882589
6.306306306306307, 22.397672556982073, 20.98044275732916, 497.10338054344305, 18.93660752058017
6.356356356356357, 23.014886448150435, 21.60546947175538, 493.99771434536086, 18.97621484138334
6.406406406406407, 23.651194625197586, 22.261157283684117, 490.88379636115917, 19.016262216256603
6.456456456456457, 24.30582769532652, 22.948322316077288, 487.76148504699484, 19.056759171404217
6.506506506506507, 24.97781066909418, 23.66763745627925, 484.6307201970751, 19.097714423525968
6.556556556556557, 25.665958141895718, 24.41960649979828, 481.4915292130674, 19.139135759285384
6.606606606606607, 26.368873786073422, 25.204539469909925, 478.34403274970623, 19.181029917266688
6.656656656656657, 27.084955870132784, 26.02253022371658, 475.18844935545945, 19.22340247563057
6.706706706706707, 27.81240718716065, 26.87343750174488, 472.0250991551613, 19.266257748794335
6.756756756756757, 28.549252141711193, 27.756870670292763, 468.854406069681, 19.309598696360812
6.806806806806807, 29.293358660263475, 28.672181095680454, 465.6768985905327, 19.353426848189486
6.856856856856857, 30.04246543736741, 29.618459799926953, 462.49320894392923, 19.397742247492758
6.906906906906907, 30.79421352800464, 30.594541980128795, 459.3040705468902, 19.4425434150179
6.956956956956957, 31.546181079895547, 31.59901812526475, 456.1103138324895, 19.487827334671874
7.007007007007008, 32.29592043809057, 32.63025239281976, 452.9128602571575, 19.533589464649822
7.057057057057057, 33.04099526797946, 33.68640563847182, 449.71271507095355, 19.57982376799354
7.107107107107107, 33.77901723766004, 34.76546372632715, 446.5109586762195, 19.626522766075418
7.157157157157157, 34.50768076900785, 35.86526951208556, 443.30873688490203, 19.673677612229465
7.207207207207207, 35.22479463229154, 36.98355700433022, 440.1072503221175, 19.72127818343139
7.257257257257258, 35.92830941035956, 38.11798619512972, 436.90774336878985, 19.769313185412877
7.307307307307307, 36.61634039532124, 39.2661775551725, 433.71149281055193, 19.817770269654588
7.357357357357358, 37.28718541795575, 40.42574489759186, 430.5197965171357, 19.866636158185177
7.407407407407408, 37.93933753458485, 41.594325768961795, 427.33396237363127, 19.915896773256247
7.457457457457458, 38.571492618683024, 42.76960823116689, 424.1552977966269, 19.965537367282327
7.507507507507508, 39.18255249247345, 43.94935464542891, 420.98509976362345, 20.015542653332655
7.557557557557558, 39.77162354318488, 45.13142096618471, 417.8246457747779, 20.065896930463
7.607607607607608, 40.33801182699006, 46.313772418133986, 414.6751856533956, 20.116584204042276
7.657657657657658, 40.88121496468802, 47.49449524093361, 411.53793435312826, 20.16758829830016
7.707707707707708, 41.40091155207565, 48.671804879472425, 408.41406575671505, 20.218892960488922
7.757757757757758, 41.89694872265766, 49.84405104612963, 405.30470746163144, 20.27048195582013
7.807807807807808, 42.36932836536643, 51.009719994439585, 402.2109365274571, 20.32233915278486
7.857857857857859, 42.81819250313555, 52.16743440033277, 399.13377614366124, 20.374448598701587
7.907907907907909, 43.24380826122408, 53.31595130006655, 396.07419314184676, 20.426794585811763
7.957957957957959, 43.646553104844536, 54.45415844092468, 393.03309636696446, 20.47936170685848
8.008008008008009, 44.02689986891746, 55.581069500619364, 390.0113356137056, 20.53213490420795
8.058058058058059, 44.3854029617045, 56.695818534181704, 387.0097013078976, 20.58509950860372
8.108108108108109, 44.72268482381315, 57.79765364463615, 384.0289246844844, 20.638241271636517
8.158158158158159, 45.03942375888884, 58.88593068210945, 381.0696784345093, 20.69154639081242
8.208208208208209, 45.33634251583694, 59.96010667852535, 378.13257776764203, 20.74500152872904
8.258258258258259, 45.61419825335838, 61.01973371447378, 375.2181817572193, 20.798593827019612
8.308308308308309, 45.87377381755193, 62.064453450219816, 372.3269949714985, 20.85231091571793
8.358358358358359, 46.11587046317628, 63.09399252384924, 369.4594692538231, 20.906140919115227
8.408408408408409, 46.341304406142456, 64.1081626839193, 366.61600560115704, 20.960072459742985
8.458458458458459, 46.550904888680336, 65.10686228846694, 363.796956074468, 21.01409466063903
8.508508508508509, 46.74548335135253, 66.09003474406354, 361.0026258666982, 21.0681971441815
8.558558558558559, 46.92579316951073, 67.05760739601025, 358.23327670047377, 21.122370003569433
8.608608608608609, 47.092545210643586, 68.00950969986242, 355.48913033287994, 21.176603769130786
8.65865865865866, 47.24641605552385, 68.94568273244688, 352.770371428906, 21.230889384537768
8.70870870870871, 47.38805214059837, 69.86608323387698, 350.07715013101296, 21.285218186707965
8.75875875875876, 47.51807228757226, 70.77068555404745, 347.409584394775, 21.339581888233017
8.80880880880881, 47.63706953472422, 71.65948267081814, 344.7677621857852, 21.393972561153397
8.85885885885886, 47.74561223774042, 72.5324861984095, 342.1517434621846, 21.44838262259334
8.90890890890891, 47.8442451601065, 73.38972635266651, 339.56156212545204, 21.502804820556754
8.95895895895896, 47.933489997956556, 74.23125105201332, 336.99722771686066, 21.557232221597644
9.00900900900901, 48.013846236269764, 75.057125435511, 334.45872715367926, 21.61165819795635
9.05905905905906, 48.08579168297087, 75.86743089473669, 331.9460263121098, 21.666076415808305
9.10910910910911, 48.14978302120225, 76.66226406252203, 329.45907147845855, 21.720480824178395
9.15915915915916, 48.206256398224696, 77.44173585585683, 326.99779080058903, 21.774865643797817
9.20920920920921, 48.25562796478566, 78.20597038770357, 324.5620955801621, 21.829225356827457
9.259259259259261, 48.29829445252084, 78.95510392023743, 322.1518814735774, 21.88355469700204
9.30930930930931, 48.33463372882227, 79.68928390044994, 319.76703009069627, 21.937848637784462
9.35935935935936, 48.36500542108866, 80.40866787843301, 317.40740955319177, 21.992102385758034
9.40940940940941, 48.38975149117993, 81.11342247549265, 315.0728757119602, 22.046311370699225
9.45945945945946, 48.40919680123954, 81.80372243523851, 312.7632736097211, 22.100471234416858
9.50950950950951, 48.42364984569993, 82.47974994064327, 310.4784375653286, 22.154577826537068
9.55955955955956, 48.43340325215091, 83.14169339573614, 308.2181928826264, 22.208627192097904
9.60960960960961, 48.438734441011995, 83.78974682911323, 305.9823563197106, 22.2626155655211
9.65965965965966, 48.43990627380642, 84.42410923479399, 303.7707366614898, 22.316539364043628
9.70970970970971, 48.437167615877684, 85.04498339513643, 301.58313608223807, 22.370395176996748
9.759759759759762, 48.43075395538727, 85.65257580217622, 299.41935012028813, 22.42417976265633
9.809809809809812, 48.42088802268147, 86.24709556067643, 297.27916883023454, 22.477890038532887
9.85985985985986, 48.40778036021919, 86.8287538632765, 295.1623773352044, 22.531523075136455
9.90990990990991, 48.39162985025479, 87.39776381998323, 293.06875601916084, 22.585076091859754
9.95995995995996, 48.37262438310341, 87.95433934362845, 290.9980816489458, 22.638546447307142
10.01001001001001, 48.3509412689826, 88.49869519683759, 288.95012740063396, 22.69193163641698
10.06006006006006, 48.326747828132724, 89.03104638005637, 286.92466349052086, 22.7452292837343
10.11011011011011, 48.30020195532019, 89.55160759559575, 284.9214577379601, 22.798437137133078
10.16016016016016, 48.27145249354054, 90.06059304746142, 282.9402758527889, 22.85155306360367
10.210210210210212, 48.24063974271078, 90.55821618688807, 280.9808817322538, 22.90457504460447
10.260260260260262, 48.20789592514599, 91.04468949887416, 279.0430377291996, 22.957501171700482
10.310310310310312, 48.1733456524478, 91.52022373984742, 277.126505460577, 23.010329639275316
10.360360360360362, 48.137106311301295, 91.98502805239409, 275.23104577255515, 23.063058742056207
10.41041041041041, 48.099288453278085, 92.43930985114112, 273.35641892777784, 23.1156868714281
10.46046046046046, 48.059996181792265, 92.88327434886665, 271.5023851378103, 23.168212509863245
10.51051051051051, 48.01932750975939, 93.31712454830001, 269.6687046553978, 23.22063422786801
10.56056056056056, 47.977374701016174, 93.74106111322914, 267.8551379813844, 23.272950680354302
10.61061061061061, 47.93422460217812, 94.15528212532227, 266.0614461648423, 23.32516060260781
10.66066066066066, 47.88995894259812, 94.55998304943762, 264.2873909334252, 23.377262807170258
10.710710710710712, 47.84465462692782, 94.95535663793412, 262.53273486814646, 23.42925618057321
10.760760760760762, 47.79838404164864, 95.34159276574758, 260.7972416245974, 23.481139679872328
10.810810810810812, 47.75121529296841, 95.71887843048286, 259.0806760308374, 23.532912329930078
10.860860860860862, 47.70321245713671, 96.08739768979427, 257.38280422754616, 23.58457322051452
10.91091091091091, 47.65443583087432, 96.44733155477662, 255.70339384089948, 23.636121503255712
10.96096096096096, 47.60494213520126, 96.79885801256032, 254.04221405012717, 23.68755638928058
11.01101101101101, 47.55478472755722, 97.14215199023836, 252.3990356987502, 23.738877146634763
11.06106106106106, 47.50401382801744, 97.47738528347837, 250.77363142855896, 23.790083097601308
11.11111111111111, 47.45267667190525, 97.80472660429045, 249.16577572153258, 23.841173616657514
11.161161161161163, 47.400817692250165, 98.12434156564746, 247.57524498573943, 23.8921481281889
11.211211211211213, 47.348478716012096, 98.4363926369069, 246.00181766088846, 23.943006104105567
11.261261261261263, 47.295699085751124, 98.74103920385652, 244.44527424053592, 23.993747062071726
11.311311311311313, 47.24251581280855, 99.03843757221554, 242.90539733528183, 24.044370563490165
11.361361361361363, 47.18896373934456, 99.32874095096322, 241.38197175036825, 24.094876211416533
11.411411411411413, 47.135075639672934, 99.61209951401445, 239.87478449654472, 24.145263648994092
11.461461461461461, 47.08088234801352, 99.88866041865766, 238.38362483393328, 24.195532557681226
11.511511511511511, 47.02641289987911, 100.15856780514532, 236.9082843289091, 24.24568265540619
11.561561561561561, 46.97169460984363, 100.4219628625178, 235.44855685395427, 24.295713695200067
11.611611611611611, 46.916753179032746, 100.67898385698622, 234.00423861623298, 24.345625463634065
11.661661661661663, 46.8616128121611, 100.92976614636555, 232.57512819662523, 24.395417779198564
11.711711711711713, 46.80629628226865, 101.17444224497645, 231.1610265419086, 24.445090491096483
11.761761761761763, 46.750825019778404, 101.41314185948112, 229.7617369807889, 24.494643477867417
11.811811811811813, 46.69521921025579, 101.64599191348319, 228.37706524868338, 24.544076645960804
11.861861861861863, 46.63949784678423, 101.87311661130347, 227.0068194736996, 24.59338992867318
11.911911911911913, 46.58367880533948, 102.09463747814237, 225.65081018344662, 24.642583284922516
11.961961961961963, 46.52777892166857, 102.3106733931028, 224.3088503145172, 24.691656698053347
12.012012012012011, 46.471814044630385, 102.52134064774839, 222.98075520135316, 24.74061017477565
12.062062062062061, 46.415799087806725, 102.72675299167346, 221.66634256789993, 24.789443744209006
12.112112112112113, 46.3597481040098, 102.92702166579781, 220.36543253653267, 24.83815745671011
12.162162162162163, 46.303674310596705, 103.1222554698033, 219.0778475973452, 24.886751383117865
12.212212212212213, 46.247590141867256, 103.31256080739331, 217.8034126004859, 24.93522561378912
12.262262262262263, 46.19150731148214, 103.49804170899701, 216.54195476123093, 24.983580257662755
12.312312312312313, 46.13543685198046, 103.67879989509021, 215.29330363915503, 25.031815441339507
12.362362362362363, 46.079389159388825, 103.85493483026889, 214.05729112312503, 25.079931308159978
12.412412412412413, 46.02337401050069, 104.02654376041544, 212.83375140714523, 25.12792801774298
12.462462462462463, 45.96740057714913, 104.19372175485941, 211.62252096291942, 25.175805745528265
12.512512512512513, 45.91147752682058, 104.35656176318997, 210.42343855419023, 25.22356468112677
12.562562562562562, 45.8556130294911, 104.51515465679276, 209.23634520548762, 25.271205027963607
12.612612612612613, 45.79981471528335, 104.66958926548615, 208.06108414592137, 25.318727003587316
12.662662662662663, 45.744089786866894, 104.81995243290348, 206.89750083037885, 25.366130837870234
12.712712712712714, 45.68844504167313, 104.96632906083167, 205.74544291562776, 25.413416772439337
12.762762762762764, 45.63288684436384, 105.10880213885751, 204.60476021289108, 25.46058506088392
12.812812812812814, 45.57742117058837, 105.24745279302842, 203.4753046744576, 25.507635967873313
12.862862862862864, 45.5220536633973, 105.3823603380887, 202.35693038630427, 25.554569768078782
12.912912912912914, 45.46678962518887, 105.5136023097228, 201.24949353220055, 25.601386746090522
12.962962962962964, 45.41163400173882, 105.64125449258452, 200.1528523563878, 25.648087196454586
13.013013013013014, 45.35659146235479, 105.76539098373337, 199.06686716217132, 25.694671422233203
13.063063063063064, 45.301666398827614, 105.88608422511338, 197.9914002805522, 25.741139734822667
13.113113113113114, 45.246862891091816, 106.00340501383896, 196.92631603000635, 25.78749245437887
13.163163163163164, 45.19218478306029, 106.11742257458128, 195.87148070965756, 25.83372990834179
13.213213213213214, 45.137635699827506, 106.22820459878673, 194.8267625747225, 25.87985243097284
13.263263263263264, 45.08321905882603, 106.33581728047523, 193.79203181012724, 25.925860362996627
13.313313313313314, 45.02893802294832, 106.44032531354127, 192.7671604912493, 25.971754052271734
13.363363363363364, 44.97479550373133, 106.54179192163203, 191.7520225562869, 26.01753385357676
13.413413413413414, 44.92079426884799, 106.64027895590011, 190.7464938028534, 26.063200126553212
13.463463463463464, 44.8669369142454, 106.73584690467904, 189.7504518531359, 26.10875323604017
13.513513513513514, 44.81322586703232, 106.8285549191257, 188.7637761280791, 26.154193551902928
13.563563563563564, 44.759663335063586, 106.91846078595341, 187.78634781768093, 26.199521449971655
13.613613613613614, 44.706251397935354, 107.00562104049301, 186.8180498616212, 26.244737310035504
13.663663663663664, 44.65299200258024, 107.09009098508429, 185.85876692291865, 26.289841515823205
13.713713713713714, 44.599886967859504, 107.17192471630919, 184.90838536230078, 26.334834454797026
13.763763763763764, 44.54693795272303, 107.2511751040614, 183.9667932174874, 26.37971651880057
13.813813813813814, 44.4941464817996, 107.32789384362896, 183.03388017656331, 26.424488103383695
13.863863863863864, 44.441513983981714, 107.40213152429764, 182.10953755001415, 26.469149606828008
13.913913913913914, 44.38904178434065, 107.47393763862115, 181.193658247565, 26.51370143024751
13.963963963963964, 44.33673109999495, 107.54336059620732, 180.2861367569915, 26.55814397758267
14.014014014014016, 44.28458301025065, 107.6104477037951, 179.38686913024364, 26.60247765615684
14.064064064064066, 44.23259852069013, 107.67524526842372, 178.49575294286657, 26.646702875179237
14.114114114114114, 44.18077855282766, 107.7377986030786, 177.6126872745775, 26.690820045874815
14.164164164164164, 44.12912394754279, 107.79815204972125, 176.73757268626025, 26.734829581319506
14.214214214214214, 44.07763544431128, 107.85634895104133, 175.87031121361704, 26.77873189699528
14.264264264264265, 44.02631370615364, 107.91243171572198, 175.0108063310289, 26.822527410018147
14.314314314314315, 43.97515933274284, 107.96644185948561, 174.15896292313212, 26.86621653870988
14.364364364364365, 43.92417285866129, 108.01842001576281, 173.31468726607184, 26.909799702600814
14.414414414414415, 43.873354747995556, 108.06840593648661, 172.4778870142025, 26.953277322546963
14.464464464464465, 43.82270538517812, 108.11643848437878, 171.6484711903007, 26.996649820958964
14.514514514514516, 43.772225109774304, 108.1625557248556, 170.82635013464952, 27.039917620722445
14.564564564564566, 43.72191420917455, 108.20679492250932, 170.01143549351954, 27.08308114537183
14.614614614614615, 43.67177292242681, 108.24919256284092, 169.20364019722746, 27.12614081893243
14.664664664664665, 43.62180142391291, 108.28978432554823, 168.40287846179442, 27.169097066363065
14.714714714714717, 43.57199983045623, 108.32860511405259, 167.60906576330427, 27.21195031330057
14.764764764764765, 43.52236822540256, 108.36568912576413, 166.82211879248544, 27.254700985298637
14.814814814814817, 43.47290665095937, 108.40106984616195, 166.04195544627572, 27.297349508012356
14.864864864864865, 43.42361511078059, 108.43478006678332, 165.2684948079705, 27.339896307082924
14.914914914914917, 43.374493557234565, 108.46685185050292, 164.5016571573749, 27.382341808607038
14.964964964964965, 43.32554190709497, 108.49731659462402, 163.74136392527768, 27.424686438521395
15.015015015015017, 43.27676004741922, 108.52620506020202, 162.9875376671469, 27.466930622361772
15.065065065065065, 43.22814783416463, 108.553547376376, 162.24010205105213, 27.50907478529925
15.115115115115117, 43.17970509267253, 108.57937305074056, 161.49898184267911, 27.551119352104937
15.165165165165165, 43.13143160631862, 108.60371093680556, 160.76410291776259, 27.593064747565204
15.215215215215215, 43.08332713542593, 108.6265893111943, 160.03539220440362, 27.634911395744837
15.265265265265267, 43.035391416407265, 108.64803587914962, 159.31277767119383, 27.676659720002842
15.315315315315315, 42.98762416206103, 108.66807778422275, 158.5961883126663, 27.718310142964334
15.365365365365367, 42.940025059604736, 108.68674160899461, 157.88555414159762, 27.759863086577834
15.415415415415415, 42.892593764037485, 108.70405335796458, 157.1808061940173, 27.801318972349428
15.465465465465467, 42.84532991464118, 108.72003852877603, 156.48187647127008, 27.842678220700535
15.515515515515515, 42.798233131449194, 108.73472210696363, 155.78869793657546, 27.883941251084387
15.565565565565567, 42.751303016339264, 108.74812857835431, 155.10120449900666, 27.925108481927452
15.615615615615615, 42.70453914994814, 108.76028191811994, 154.41933101550302, 27.966180330782542
15.665665665665667, 42.65794109192028, 108.77120559787741, 153.74301327901807, 28.007157214317196
15.715715715715717, 42.611508389296304, 108.78092263685251, 153.07218797282093, 28.048039547899812
15.765765765765765, 42.565240574459196, 108.78945559651575, 152.40679266821869, 28.088827745701835
15.815815815815817, 42.51913716625622, 108.79682659241875, 151.74676580911066, 28.129522220642606
15.865865865865866, 42.473197665289874, 108.80305727485752, 151.0920467225665, 28.170123384605645
15.915915915915917, 42.427421558676926, 108.80816886015337, 150.44257558715213, 28.21063164821422
15.965965965965966, 42.381808323512004, 108.81218215500735, 149.79829340703756, 28.251047420667156
16.016016016016017, 42.33635742596721, 108.8151175575256, 149.15914200557796, 28.29137110977786
16.066066066066064, 42.291068321547286, 108.8169950638808, 148.52506401446777, 28.3316031219619
16.116116116116117, 42.245940451491975, 108.81783425149584, 147.89600288396568, 28.37174386241688
16.166166166166168, 42.20097324911322, 108.81765432276755, 147.27190283878437, 28.411793734806572
16.216216216216218, 42.156166139588095, 108.81647410891134, 146.652708869772, 28.451753141271627
16.266266266266268, 42.11151854020268, 108.81431207655397, 146.03836672312752, 28.491622482417757
16.316316316316318, 42.06702985952325, 108.81118632580983, 145.42882289783546, 28.53140215736806
16.366366366366368, 42.0226994962831, 108.80711458627528, 144.82402464507066, 28.571092563831495
16.416416416416418, 41.97852684418945, 108.80211425636874, 144.22391992658527, 28.610694097836745
16.466466466466468, 41.93451129092188, 108.79620240014185, 143.62845741334039, 28.65020715379437
16.516516516516518, 41.8906522186732, 108.78939575537753, 143.03758647347425, 28.68963212447171
16.566566566566568, 41.84694900211557, 108.78171072232347, 142.4512571797903, 28.728969401109484
16.616616616616618, 41.803401010376, 108.77316338256233, 141.86942028690478, 28.768219373317645
16.666666666666668, 41.76000760893056, 108.7637695172711, 141.292027209009, 28.807382428975657
16.716716716716718, 41.71676815917511, 108.75354460801624, 140.71903001521412, 28.846458954260797
16.766766766766768, 41.67368201862387, 108.74250384187278, 140.150381420681, 28.88544933364349
16.816816816816818, 41.63074853912718, 108.73066209912272, 139.5860347961768, 28.924353950002853
16.866866866866868, 41.58796706993189, 108.71803398354643, 139.02594413257853, 28.96317318444853
16.916916916916918, 41.54533695771233, 108.70463382606927, 138.47006403356022, 29.001907416326276
16.966966966966968, 41.50285754668026, 108.690475689102, 137.91834970754633, 29.040557023218707
17.017017017017018, 41.46052817822407, 108.6755733661617, 137.37075696504624, 29.079122380975782
17.067067067067065, 41.41834819018543, 108.65994037803068, 136.82724221983406, 29.117603863767773
17.117117117117118, 41.376316919446154, 108.64359000052028, 136.28776245502655, 29.15600184393259
17.167167167167168, 41.33443370141506, 108.62653526263665, 135.75227522203403, 29.19431669201573
17.217217217217218, 41.29269787030005, 108.6087889522108, 135.22073863123276, 29.232548776761526
17.26726726726727, 41.25110875747058, 108.59036359977401, 134.69311136804976, 29.270698465237153
17.31731731731732, 41.20966569323797, 108.57127150123654, 134.1693526637596, 29.30876612271959
17.36736736736737, 41.16836800829645, 108.55152473671548, 133.6494222707756, 29.346752112606175
17.41741741741742, 41.12721503309856, 108.53113516590965, 133.13328046531336, 29.384656796468317
17.46746746746747, 41.086206098156715, 108.51011443399028, 132.6208880377809, 29.42248053404105
17.51751751751752, 41.04534053434476, 108.48847397749167, 132.11220628316957, 29.460223683212543
17.56756756756757, 41.00461767319956, 108.46622503020171, 131.60719699144397, 29.497886600013636
17.61761761761762, 40.96403684291548, 108.44337858568791, 131.10582248993933, 29.53546963886044
17.66766766766767, 40.923597368822364, 108.41994540496444, 130.60804563162114, 29.572973152533528
17.71771771771772, 40.88329858053246, 108.39593609130236, 130.11382970282165, 29.610397491765188
17.76776776776777, 40.843139808403464, 108.37136105747348, 129.6231384599789, 29.647743005454515
17.81781781781782, 40.803120383738275, 108.34623053061603, 129.135936121256, 29.685010040662934
17.86786786786787, 40.76323963899715, 108.32055455722455, 128.65218735801216, 29.722198942608962
17.91791791791792, 40.72349690800978, 108.29434300813979, 128.17185728627308, 29.759310054663015
17.96796796796797, 40.68389152434317, 108.26760555942354, 127.694911489002, 29.796343718470634
18.01801801801802, 40.64442281939962, 108.24035166970499, 127.22131604287682, 29.83330027409458
18.06806806806807, 40.60509012864503, 108.21259066383658, 126.75103740928776, 29.87018005959048
18.11811811811812, 40.56589278916097, 108.18433170310186, 126.28404247023177, 29.906983411186943
18.16816816816817, 40.52683013966745, 108.15558378773008, 125.82029852294494, 29.943710663293512
18.21821821821822, 40.48790152067658, 108.12635576112095, 125.3597732723505, 29.98036214849953
18.26826826826827, 40.44910627464612, 108.09665631406952, 124.90243482350613, 30.016938197573015
18.31831831831832, 40.41044374560225, 108.06649397679502, 124.44825169036855, 30.053439139516062
18.36836836836837, 40.371913277567394, 108.03587708351846, 123.99719284128214, 30.089865301747714
18.41841841841842, 40.333514217872704, 108.00481384925902, 123.54922759433857, 30.126217009766062
18.46846846846847, 40.29524591624859, 107.97331234963532, 123.10432564249912, 30.16249458726044
18.518518518518523, 40.25710772476006, 107.94138052007627, 122.6624570527503, 30.198698356133544
18.56856856856857, 40.21909899793198, 107.90902615939433, 122.22359225942354, 30.234828636503316
18.61861861861862, 40.18121909287423, 107.87625693335825, 121.78770205751513, 30.270885746704828
18.66866866866867, 40.14346736889581, 107.84308037324215, 121.35475760321886, 30.306870003313637
18.71871871871872, 40.10584318366623, 107.80950384044459, 120.92473046316773, 30.342781721314168
18.76876876876877, 40.068345898949225, 107.77553458517865, 120.49759252862829, 30.378621213865994
18.81881881881882, 40.030974879654075, 107.74117973949096, 120.0733160239708, 30.41438879235088
18.86886886886887, 39.99372949318592, 107.70644631321932, 119.65187351092284, 30.450084766407155
18.91891891891892, 39.95660910951668, 107.67134119703242, 119.23323788265388, 30.485709443933928
18.96896896896897, 39.91961310125617, 107.63587116546998, 118.81738235786061, 30.521263131095214
19.01901901901902, 39.882740843654176, 107.60004287844029, 118.404280477153, 30.556746132329582
19.069069069069073, 39.845991713183935, 107.56386285091352, 117.99390614688788, 30.59215875047283
19.11911911911912, 39.80936508923279, 107.52733749227022, 117.58623357908691, 30.62750128663311
19.16916916916917, 39.7728603543072, 107.49047311234443, 117.18123728104122, 30.662774040184406
19.21921921921922, 39.73647689364439, 107.45327591416665, 116.77889206475831, 30.69797730880732
19.26926926926927, 39.70021409526316, 107.41575199655273, 116.37917304171991, 30.733111388494816
19.31931931931932, 39.664071350014865, 107.37790735669275, 115.98205561764038, 30.768176573557962
19.36936936936937, 39.62804805162993, 107.33974789254607, 115.587515487526, 30.803173156632326
19.41941941941942, 39.5921435961613, 107.30127937752243, 115.19552867388765, 30.83810142876593
19.46946946946947, 39.55635738249247, 107.26250748407418, 114.80607148879491, 30.87296167936317
19.519519519519523, 39.52068881276895, 107.22343780376613, 114.41912050141558, 30.907754196139013
19.56956956956957, 39.48513729212692, 107.1840758350644, 114.03465255581813, 30.942479265168394
19.619619619619623, 39.449702228737344, 107.14442698561416, 113.65264476621407, 30.977137170892895
19.66966966966967, 39.41438303385005, 107.10449657451738, 113.27307451220067, 31.01172819612744
19.71971971971972, 39.37917912183786, 107.06428983461063, 112.89591943400306, 31.04625262206697
19.76976976976977, 39.344089910239184, 107.02381191472242, 112.52115742775048, 31.080710728293163
19.81981981981982, 39.30911481754943, 106.98306785058323, 112.14876669196214, 31.115102792860306
19.86986986986987, 39.274253264427884, 106.94206258329426, 111.77872569633962, 31.14942909226108
19.91991991991992, 39.239504675957434, 106.90080099245705, 111.41101312660801, 31.18368990135542
19.969969969969974, 39.20486848016917, 106.85928787729267, 111.04560791432452, 31.217885493430558
20.02002002002002, 39.17034410805851, 106.81752795852982, 110.682489232757, 31.252016140208703
20.070070070070074, 39.13593099360127, 106.7755258802931, 110.3216364927629, 31.286082111854714
20.12012012012012, 39.10162857376989, 106.73328621199144, 109.96302933866797, 31.320083676983764
20.170170170170174, 39.06743628854943, 106.69081345020618, 109.60664764414491, 31.354021102668973
20.22022022022022, 39.033353580559066, 106.64811200041092, 109.25247154266697, 31.387894654484537
20.27027027027027, 38.999379895146326, 106.60518618285485, 108.90048141653743, 31.421704596506373
20.32032032032032, 38.96551468098574, 106.56204026421115, 108.55065784175189, 31.45545119126747
20.37037037037037, 38.93175738974999, 106.51867844183988, 108.20298161409129, 31.489134699796562
20.420420420420424, 38.89810747611975, 106.47510484535641, 107.85743374554926, 31.52275538162631
20.47047047047047, 38.86456439779418, 106.43132353823023, 107.51399546070712, 31.556313494801522
20.520520520520524, 38.83112761550136, 106.38733851938385, 107.17264819310847, 31.589809295887274
20.57057057057057, 38.79779659300877, 106.34315372479176, 106.8333735816342, 31.62324303997714
20.620620620620624, 38.76457079706542, 106.29877301412401, 106.49615349335144, 31.65661498071595
20.67067067067067, 38.731449697399476, 106.25420016953018, 106.16097002487163, 31.689925370310775
20.720720720720724, 38.69843276686939, 106.20943892804023, 105.82780544419856, 31.723174459508908
20.77077077077077, 38.66551948139969, 106.16449296680717, 105.49664221605795, 31.75636249762203
20.82082082082082, 38.632709319989395, 106.1193659042625, 105.16746299905672, 31.78948973253487
20.87087087087087, 38.6000017647213, 106.074061301464, 104.84025064250287, 31.82255641071359
20.92092092092092, 38.56739630077134, 106.02858266344313, 104.514988183225, 31.85556277721422
20.970970970970974, 38.5348924164179, 105.98293344055287, 104.19165884239214, 31.888509075691037
21.02102102102102, 38.50248960210581, 105.9371170196935, 103.8702460415687, 31.921395548409492
21.071071071071074, 38.470187349834184, 105.89113671900488, 103.5507334121824, 31.954222436257457
21.12112112112112, 38.43798515576332, 105.8449958170287, 103.23310473948409, 31.986989978741523
21.171171171171174, 38.405882518968845, 105.7986975406165, 102.91734398490854, 32.019698414001304
21.22122122122122, 38.37387894139447, 105.75224506567086, 102.60343528404641, 32.05234797881808
21.27127127127127, 38.34197392784244, 105.70564151829149, 102.29136294384686, 32.08493890862333
21.32132132132132, 38.310166985964024, 105.65888997592131, 101.98111143982047, 32.11747143750725
21.37137137137137, 38.278457626250024, 105.61199346849246, 101.67266541324172, 32.149945798227236
21.421421421421424, 38.24684536211481, 105.56495497234995, 101.36600968225223, 32.18236222221294
21.47147147147147, 38.215329710002685, 105.51777740245564, 101.06112925627356, 32.21472093957042
21.521521521521525, 38.18391018904416, 105.47046363932961, 100.75800928356357, 32.24702217910313
21.57157157157157, 38.15258632119373, 105.42301651883051, 100.45663507029423, 32.27926616831494
21.621621621621625, 38.1213576312311, 105.37543883246846, 100.15699207935732, 32.311453133418205
21.67167167167167, 38.09022364675398, 105.32773332837832, 99.85906592789999, 32.34358329934221
21.721721721721725, 38.05918389817074, 105.27990271229291, 99.56284238485999, 32.375656889741634
21.77177177177177, 38.02823791869324, 105.23194964851622, 99.26830736850117, 32.40767412700489
21.82182182182182, 37.997385244381285, 105.1838767550198, 98.9754469557417, 32.43963523225548
21.871871871871875, 37.96662541423101, 105.13568659357065, 98.68424740145338, 32.471540425347165
21.92192192192192, 37.93595796992718, 105.08738169797789, 98.39469508126649, 32.50338992490559
21.971971971971975, 37.90538245593491, 105.03896456382789, 98.1067765116568, 32.535183948323066
22.02202202202202, 37.87489841950304, 104.99043764826123, 97.82047834988172, 32.566922711765486
22.072072072072075, 37.844505410657796, 104.94180337083291, 97.53578739174228, 32.598606430180666
22.12212212212212, 37.81420298219655, 104.89306411437254, 97.25269056934526, 32.63023531730657
22.172172172172175, 37.783990689681524, 104.84422222584459, 96.9711749488653, 32.66180958567966
22.22222222222222, 37.75386809143354, 104.79528001720865, 96.69122772830701, 32.69332944664314
22.272272272272275, 37.723834748387915, 104.74623976414031, 96.41283623976382, 32.724795110351195
22.322322322322325, 37.693890222587164, 104.69710368358999, 96.13598799616108, 32.75620678573309
22.37237237237237, 37.66403407932308, 104.64787396799323, 95.86067061891431, 32.7875646805647
22.422422422422425, 37.63426588683774, 104.59855278158744, 95.58687184524233, 32.8188690014682
22.47247247247247, 37.60458521594086, 104.54914225542873, 95.31457953821217, 32.85011995390922
22.522522522522525, 37.57499163999374, 104.49964448810057, 95.04378168481972, 32.88131774220491
22.57257257257257, 37.54548473489321, 104.45006154642252, 94.77446639407052, 32.912462569531876
22.622622622622625, 37.51606407905562, 104.40039546615884, 94.50662189506029, 32.94355463793424
22.67267267267267, 37.48672925340076, 104.35064825272725, 94.2402365350558, 32.97459414833156
22.722722722722725, 37.45747984133646, 104.30082188188584, 93.97529877762227, 33.00558130052686
22.772772772772772, 37.42831542911477, 104.25091828641617, 93.71179723113327, 33.0365162931744
22.822822822822825, 37.39923560557271, 104.20093936599528, 93.4497206269711, 33.067399323813916
22.872872872872875, 37.37023996178885, 104.15088700024089, 93.18905779084324, 33.098230588913985
22.922922922922922, 37.34132809131271, 104.1007630401701, 92.9297976609307, 33.12901028385351
22.972972972972975, 37.31249959015174, 104.05056930879594, 92.6719292862121, 33.1597386029294
23.023023023023022, 37.28375405675825, 104.00030760172405, 92.41544182478773, 33.19041573936424
23.073073073073076, 37.25509109201636, 103.94997968774886, 92.16032454220338, 33.22104188531399
23.123123123123122, 37.22651029922892, 103.89958730945048, 91.90656680977455, 33.25161723187566
23.173173173173176, 37.19801128410447, 103.84913218379091, 91.65415810291027, 33.28214196909495
23.223223223223222, 37.169593654970456, 103.79861599707532, 91.40308801197838, 33.31261628595156
23.273273273273276, 37.141257023085736, 103.74804039744177, 91.15334625866996, 33.34304037033454
23.323323323323326, 37.11300100170772, 103.69740701836234, 90.90492264335165, 33.37341440914116
23.373373373373376, 37.08482520647921, 103.64671746928187, 90.65780706554962, 33.40373858824499
23.423423423423426, 37.056729255448516, 103.59597333538666, 90.41198952411558, 33.43401309250021
23.473473473473472, 37.02871276906041, 103.54517617810374, 90.16746011576748, 33.46423810574894
23.523523523523526, 37.00077537014685, 103.49432753560033, 89.92420903362928, 33.494413810828554
23.573573573573572, 36.97291668391788, 103.44342892328311, 89.68222656577159, 33.52454038957892
23.623623623623626, 36.94513633795248, 103.39248183429748, 89.44150309375162, 33.55461802284972
23.673673673673672, 36.917433962026244, 103.34148773872644, 89.20202909431531, 33.58464689050132
23.723723723723726, 36.889809186660905, 103.29044807259957, 88.96379516586624, 33.614627171355046
23.773773773773776, 36.86226164528758, 103.23936425571085, 88.72679198491049, 33.64455904328637
23.823823823823826, 36.83479097384188, 103.18823768896341, 88.49101031226465, 33.67444268321655
23.873873873873876, 36.807396810426916, 103.13706975225514, 88.25644099794901, 33.70427826710694
23.923923923923926, 36.78007879529462, 103.08586180490236, 88.02307497991202, 33.73406596996594
23.973973973973976, 36.75283657082713, 103.03461518606348, 87.79090328275444, 33.763805965855894
24.024024024024023, 36.725669781518064, 102.9833312151625, 87.55991701645378, 33.7934984279
24.074074074074076, 36.698578073953946, 102.9320111923127, 87.33010737508857, 33.82314352828926
24.124124124124123, 36.67156109679865, 102.88065639869667, 87.10146563566684, 33.852741438289065
24.174174174174176, 36.64461850141245, 102.8292680882178, 86.87398317780544, 33.88229232819314
24.224224224224226, 36.617749941337564, 102.77784749474468, 86.64765146616078, 33.911796367371615
24.274274274274276, 36.59095507184212, 102.7263958385503, 86.42246203478282, 33.9412537243144
24.324324324324326, 36.564233550271204, 102.67491432165045, 86.19840649798707, 33.97066456660734
24.374374374374376, 36.53758503603302, 102.62340412816116, 85.97547654923713, 34.000029060938694
24.424424424424426, 36.51100919058506, 102.57186642465591, 85.75366396002744, 34.02934737310568
24.474474474474476, 36.484505677420216, 102.52030236052312, 85.5329605787659, 34.05861966802095
24.524524524524526, 36.458074162053, 102.46871306832334, 85.31335832965647, 34.08784610971917
24.574574574574573, 36.43171431200566, 102.41709966414668, 85.09484921158183, 34.11702686136348
24.624624624624627, 36.405425797050796, 102.36546324387497, 84.87742530716267, 34.14616208522276
24.674674674674673, 36.3792082894537, 102.31380487944776, 84.6610787918077, 34.17525194264891
24.724724724724727, 36.35306146304211, 102.2621256338544, 84.44580189622778, 34.204296594187966
24.774774774774777, 36.32698499362217, 102.2104265546276, 84.23158692237583, 34.233296199537506
24.824824824824827, 36.30097855899043, 102.15870867378831, 84.01842624335431, 34.26225091755029
24.874874874874877, 36.275041838922796, 102.10697300815835, 83.80631230240876, 34.29116090624041
24.924924924924927, 36.24917451516345, 102.05522055967329, 83.59523761192128, 34.32002632278948
24.974974974974977, 36.22337627141387, 102.00345231569503, 83.38519475240405, 34.348847323552874
25.025025025025027, 36.19764679332172, 101.9516692493246, 83.17617637149293, 34.377624064065884
25.075075075075077, 36.17198576846981, 101.89987231971485, 82.96817518294085, 34.40635669904995
25.125125125125123, 36.14639288632776, 101.84806247196244, 82.76118396672999, 34.43504538241526
25.175175175175177, 36.12086783720193, 101.79624062571736, 82.55519559917764, 34.46369026716877
25.225225225225227, 36.095410313475945, 101.74440768959367, 82.35020301445071, 34.492291505538724
25.275275275275277, 36.07002000972897, 101.69256456293863, 82.14619919968759, 34.520849248993045
25.325325325325327, 36.04469662233258, 101.64071213172932, 81.94317720573149, 34.54936364820853
25.375375375375377, 36.01943984943492, 101.58885126883075, 81.74113014626947, 34.5778348530765
25.425425425425427, 35.99424939094471, 101.53698283425372, 81.5400511969712, 34.606263012708624
25.475475475475477, 35.96912494851546, 101.4851076754131, 81.33993359462801, 34.63464827544259
25.525525525525527, 35.944066225529454, 101.43322662738574, 81.14077063629152, 34.66299078884787
25.575575575575574, 35.919072927081956, 101.3813405131684, 80.9425556784128, 34.69129069973145
25.625625625625627, 35.89414475996523, 101.32945014393601, 80.74528213598097, 34.71954815414357
25.675675675675677, 35.86928143291955, 101.2775563161401, 80.54894349009977, 34.74776329735329
25.725725725725727, 35.84448265705954, 101.22565980653131, 80.35353330110686, 34.77593627380426
25.775775775775777, 35.8197481446447, 101.17376138678436, 80.15904516934741, 34.80406722725761
25.825825825825827, 35.79507760958303, 101.12186181760585, 79.96547275073658, 34.832156300738944
25.875875875875877, 35.770470767464865, 101.06996184840358, 79.77280975747054, 34.86020363653851
25.925925925925927, 35.74592733555043, 101.01806221750313, 79.58104995727626, 34.88820937621648
25.975975975975977, 35.72144703275748, 100.9661636523643, 79.39018717266097, 34.91617366060835
26.026026026026027, 35.69702957964894, 100.91426686979784, 79.20021528016197, 34.94409662983023
26.076076076076077, 35.672674698420415, 100.86237257618191, 79.01112820959617, 34.971978423284206
26.126126126126128, 35.64838211288787, 100.81048146767867, 78.82291994330986, 34.9998191796637
26.176176176176178, 35.62415154849046, 100.75859423031095, 78.63558451580855, 35.02761903695722
26.226226226226228, 35.5999827330844, 100.70671153277773, 78.44911603312957, 35.05537813237171
26.276276276276278, 35.575875396078956, 100.65483403448819, 78.26350865083707, 35.0830966024245
26.326326326326328, 35.551829268155586, 100.60296238824193, 78.07875656657232, 35.110774582975964
26.376376376376378, 35.5278440816246, 100.55109723705833, 77.89485402851376, 35.13841220919736
26.426426426426428, 35.50391957041671, 100.49923921435685, 77.71179533472441, 35.166009615575696
26.476476476476478, 35.480055470074504, 100.44738894413774, 77.52957483249973, 35.19356693591875
26.526526526526528, 35.456251517744036, 100.39554704116247, 77.34818691771503, 35.221084303359945
26.576576576576578, 35.43250745216631, 100.34371411113429, 77.16762603417318, 35.248561850363316
26.626626626626628, 35.40882301366884, 100.29189075087876, 76.98788667295227, 35.27599970872848
26.676676676676678, 35.385197944157134, 100.24007754852433, 76.80896337175311, 35.30339800959551
26.726726726726728, 35.36163198675845, 100.18827508201586, 76.63085071940763, 35.33075688342787
26.776776776776778, 35.33812488494488, 100.13648391513433, 76.453543368109, 35.358076459962106
26.826826826826828, 35.31467638452368, 100.08470460725474, 76.27703600310703, 35.38535686833982
26.876876876876878, 35.2912862328564, 100.03293770982594, 76.10132335351341, 35.41259823706351
26.926926926926928, 35.26795417873707, 99.98118376600775, 75.92640019333192, 35.43980069399432
26.976976976976978, 35.24467997237808, 99.92944331082445, 75.75226134088919, 35.46696436635664
27.027027027027028, 35.22146336539616, 99.87771687131877, 75.57890165826547, 35.49408938074267
27.077077077077078, 35.19830411079824, 99.82600496670526, 75.40631605072512, 35.52117586311701
27.127127127127128, 35.175201962967435, 99.7743081085242, 75.23449946614765, 35.54822393882126
27.177177177177178, 35.15215667764895, 99.72262680079524, 75.06344689445817, 35.575233732578596
27.227227227227228, 35.129168011941175, 99.67096154013721, 74.89315336715615, 35.60220536849787
27.27727727727728, 35.10623572500467, 99.61931281119789, 74.72361397043068, 35.62913897001199
27.32732732732733, 35.083359577409475, 99.56768109097996, 74.55482383250458, 35.65603465994096
27.37737737737738, 35.060539330691554, 99.51606685180082, 74.38677811493676, 35.68289256053587
27.42742742742743, 35.03777474774598, 99.46447055878546, 74.21947201976056, 35.70971279344614
27.47747747747748, 35.01506559281664, 99.4128926699955, 74.05290078898584, 35.736495479723715
27.52752752752753, 34.9924116314859, 99.36133363655831, 73.8870597041009, 35.76324073982742
27.577577577577582, 34.96981263066433, 99.30979390279612, 73.72194408557455, 35.78994869362708
27.62762762762763, 34.94726835858036, 99.25827390635507, 73.55754929235799, 35.81661946040785
27.67767767767768, 34.92477858477002, 99.20677407833435, 73.39387072138678, 35.843253158874404
27.72772772772773, 34.90234308006658, 99.1552948434152, 73.23090380708291, 35.86984990715519
27.77777777777778, 34.87996161674763, 99.1038366189614, 73.0686440239358, 35.896409822790595
27.82782782782783, 34.85763396908901, 99.05239981145898, 72.90708689704738, 35.92293302267949
27.87787787787788, 34.83535991221129, 99.00098482411983, 72.74622797926092, 35.949419623200335
27.92792792792793, 34.813139222461025, 98.94959205445112, 72.58606285832519, 35.975869740175426
27.97797797797798, 34.79097167748732, 98.89822189381569, 72.42658715809792, 36.00228348886621
28.028028028028032, 34.76885705623466, 98.84687472754138, 72.26779653810772, 36.02866098397724
28.07807807807808, 34.7467951389356, 98.79555093502987, 72.10968669311615, 36.055002339660064
28.128128128128132, 34.72478570710359, 98.7442508898658, 71.95225335267952, 36.08130766951721
28.17817817817818, 34.70282854352566, 98.69297495992588, 71.79549228071093, 36.10757708660607
28.22822822822823, 34.680923432255256, 98.64172350748787, 71.6393992750422, 36.13381070344284
28.27827827827828, 34.65907015860492, 98.59049688933965, 71.4839701669858, 36.16000863200646
28.32832832832833, 34.63726850862284, 98.53929545475069, 71.32920082831612, 36.186170983702056
28.37837837837838, 34.615518269113394, 98.4881195456963, 71.17508717043191, 36.21229786936711
28.42842842842843, 34.59381922863664, 98.43696950113494, 71.02162512945004, 36.23838939935419
28.478478478478483, 34.572171176920584, 98.38584565471385, 70.86881067410997, 36.26444568348947
28.52852852852853, 34.55057390484496, 98.33474833484087, 70.71663980546461, 36.29046683107586
28.578578578578583, 34.52902720443022, 98.28367786477803, 70.56510855649645, 36.31645295089675
28.62862862862863, 34.50753086882654, 98.2326345627348, 70.41421299173363, 36.34240415121956
28.678678678678683, 34.48608469230279, 98.18161874196176, 70.26394920686595, 36.36832053979939
28.72872872872873, 34.46468847023552, 98.13063071084385, 70.11431332836113, 36.39420222388268
28.77877877877878, 34.443341999097974, 98.07967077299398, 69.96530151308076, 36.420049310210814
28.82882882882883, 34.422045076475946, 98.02873922721197, 69.81690994832171, 36.445861905021204
28.87887887887888, 34.400797501703494, 97.9778363643444, 69.66913486165825, 36.47164011398953
28.92892892892893, 34.37959907504532, 97.92696247141112, 69.52197250780392, 36.49738404230991
28.97897897897898, 34.35844959763898, 97.87611783193267, 69.37541916748727, 36.52309379470306
29.029029029029033, 34.3373488717165, 97.82530272486053, 69.22947115074737, 36.54876947539778
29.07907907907908, 34.31629670059632, 97.77451742465588, 69.08412479659567, 36.574411188134306
29.129129129129133, 34.29529288867514, 97.7237622013686, 68.93937647267798, 36.60001903616771
29.17917917917918, 34.27433724141985, 97.67303732071623, 68.79522257493643, 36.62559312227119
29.22922922922923, 34.25342956535938, 97.62234304416305, 68.6516595272714, 36.65113354873949
29.279279279279283, 34.232569668076614, 97.57167962899875, 68.50868378120344, 36.67664041739223
29.32932932932933, 34.21175735820028, 97.52104732841765, 68.36629181553529, 36.70211382957725
29.37937937937938, 34.190992445516684, 97.47044639092738, 68.22448013821602, 36.72755388615991
29.429429429429433, 34.17027474134659, 97.41987705827539, 68.08324529307538, 36.75296068748115
29.479479479479483, 34.14960405772717, 97.36933957005635, 67.9425838446061, 36.778334333456066
29.52952952952953, 34.12898020769295, 97.31883416217502, 67.80249238293611, 36.80367492354335
29.57957957957958, 34.10840300532408, 97.26836106660986, 67.66296752452617, 36.82898255674192
29.629629629629633, 34.087872265740366, 97.21792051147996, 67.5240059118719, 36.85425733159411
29.679679679679683, 34.06738780509539, 97.16751272111182, 67.38560421320555, 36.87949934618871
29.72972972972973, 34.04694944057053, 97.11713791610622, 67.24775912219785, 36.90470869816409
29.77977977977978, 34.026556990369, 97.06679631340484, 67.11046735765977, 36.929885484711335
29.829829829829833, 34.006210273709954, 97.01648812635729, 66.97372566324448, 36.95502980257727
29.87987987987988, 33.98590911082254, 96.96621356478785, 66.8375308071492, 36.98014174806764
29.92992992992993, 33.965653322557365, 96.9159728337932, 66.70187958676973, 37.005221417017424
29.979979979979984, 33.94544273044439, 96.86576613402084, 66.56676882757664, 37.03026890479947
30.030030030030034, 33.92527715736335, 96.81559366397967, 66.4321953740601, 37.05528430638536
30.08008008008008, 33.90515642713476, 96.76545561876974, 66.29815609465012, 37.08026771631412
30.13013013013013, 33.88508036450901, 96.71535219013256, 66.1646478814827, 37.10521922869483
30.180180180180184, 33.865048795157726, 96.66528356650905, 66.03166765013613, 37.130138937209516
30.230230230230234, 33.84506154566524, 96.61524993309759, 65.89921233936747, 37.15502693511606
30.28028028028028, 33.8251184435199, 96.56525147191186, 65.76727891084879, 37.17988331525103
30.33033033033033, 33.80521931710551, 96.51528836183897, 65.63586434890354, 37.20470817003258
30.380380380380384, 33.785363995692734, 96.46536077869727, 65.50496566024299, 37.22950159146331
30.43043043043043, 33.76555230945529, 96.41546889519887, 65.37457987402958, 37.254263671130765
30.48048048048048, 33.745784089972375, 96.36561287903923, 65.24470404835007, 37.27899450016185
30.530530530530534, 33.72605916956106, 96.31579289549332, 65.11533526126453, 37.30369416928825
30.580580580580584, 33.70637738125873, 96.26600910750825, 64.9864706104245, 37.328362768850084
30.63063063063063, 33.686738558988154, 96.21626167509218, 64.85810721509912, 37.35300038878239
30.68068068068068, 33.66714253755118, 96.16655075536342, 64.73024221594173, 37.377607118617696
30.730730730730734, 33.647589152622416, 96.11687650259964, 64.60287277475604, 37.40218304748874
30.780780780780784, 33.6280782407429, 96.06723906828718, 64.47599607426271, 37.426728264131086
30.83083083083083, 33.60860963931375, 96.01763860117013, 64.34960931786563, 37.451242856885806
30.880880880880884, 33.58918318658986, 95.96807524729947, 64.22370972941825, 37.475726913702125
30.930930930930934, 33.56979872167357, 95.91854915008248, 64.09829455299017, 37.50018052214009
30.98098098098098, 33.55045608459397, 95.86906044988555, 63.97336105424586, 37.52460376936104
31.03103103103103, 33.531155116543815, 95.8196092828155, 63.84890652479336, 37.548996742095625
31.081081081081084, 33.5118956593336, 95.7701957835813, 63.72492827178625, 37.573359526723294
31.131131131131134, 33.4926775555868, 95.72082008449244, 63.601423621487996, 37.59769220924622
31.18118118118118, 33.47350064876782, 95.67148231532987, 63.4783899196823, 37.621994875287115
31.23123123123123, 33.45436478317689, 95.62218260338828, 63.355824531464236, 37.6462676100917
31.281281281281284, 33.43526980394513, 95.57292107351866, 63.23372484103131, 37.67051049853116
31.331331331331334, 33.41621555702951, 95.52369784817044, 63.112088251474546, 37.694723625104636
31.38138138138138, 33.39720188920777, 95.47451304743404, 62.990912184569474, 37.718907073941686
31.431431431431434, 33.37822864807351, 95.4253667890831, 62.87019408056726, 37.743060928804745
31.481481481481485, 33.3592956820311, 95.37625918861698, 62.74993139798576, 37.76718527309162
31.53153153153153, 33.34040284019938, 95.32719035895671, 62.63012161486711, 37.7912801898265
31.58158158158158, 33.321549972108045, 95.27816040935475, 62.51076223336477, 37.815345761625075
31.631631631631635, 33.30273692832243, 95.22916944782625, 62.39185076941902, 37.83938207077584
31.681681681681685, 33.28396356021411, 95.1802175803404, 62.273384756151735, 37.86338919921446
31.73173173173173, 33.26522971991122, 95.13130491069326, 62.1553617443749, 37.88736722852068
31.78178178178178, 33.24653526029191, 95.08243154054448, 62.037779302406236, 37.91131623992058
31.831831831831835, 33.22788003497782, 95.03359756945373, 61.92063501588465, 37.93523631428887
31.881881881881885, 33.20926389832752, 94.98480309491745, 61.80392648758591, 37.95912753215116
31.93193193193193, 33.190686705429975, 94.93604821240528, 61.68765133723811, 37.98298997368625
31.981981981981985, 33.17214831209801, 94.88733301539672, 61.5718072013372, 38.0068237187284
32.032032032032035, 33.153648574861755, 94.83865759541779, 61.456391732962665, 38.030628846769616
32.08208208208208, 33.135187351049524, 94.7900220417799, 61.341402602706694, 38.05440543695263
32.13213213213213, 33.116764499109046, 94.74142644050082, 61.2268375026673, 38.07815356803825
32.18218218218219, 33.09837987794082, 94.69287087658809, 61.11269413785159, 38.10187331847799
32.232232232232235, 33.080033347114835, 94.64435543331598, 60.99897022883567, 38.12556476639251
32.28228228228228, 33.06172476691616, 94.59588019208422, 60.885663512245706, 38.14922798956836
32.332332332332335, 33.04345399834005, 94.54744523244915, 60.772771740593974, 38.1728630654601
32.38238238238239, 33.02522090308702, 94.49905063215489, 60.660292682114715, 38.196470071192415
32.432432432432435, 33.00702534355788, 94.45069646716442, 60.54822412060002, 38.22004908356223
32.48248248248248, 32.988867182848765, 94.40238281169083, 60.43656385523584, 38.24360017904076
32.532532532532535, 32.970746284746255, 94.35410973822835, 60.32530970043781, 38.26712343377571
32.58258258258258, 32.952662513722395, 94.30587731758354, 60.21445948568731, 38.29061892359332
32.632632632632635, 32.93461573497682, 94.25768561867919, 60.10401105626553, 38.31408672399262
32.68268268268268, 32.91660581463404, 94.20953470760982, 59.99396227694494, 38.33752691011372
32.732732732732735, 32.89863261934852, 94.1614246495546, 59.884311024388616, 38.360939556805164
32.78278278278278, 32.88069601642415, 94.11335550820806, 59.775055189358866, 38.38432473860519
32.832832832832835, 32.862795873843666, 94.06532734564553, 59.66619267720773, 38.40768252973811
32.88288288288289, 32.84493206026459, 94.0173402223499, 59.55772140773108, 38.43101300411631
32.932932932932935, 32.82710444501532, 93.96939419723797, 59.44963931502255, 38.45431623534213
32.98298298298298, 32.809312898091044, 93.92148932768725, 59.34194434732753, 38.47759229670985
33.033033033033036, 32.79155729014979, 93.87362566956229, 59.23463446689715, 38.500841261207654
33.08308308308309, 32.77383749250846, 93.82580327724139, 59.1277076498423, 38.524063201519574
33.133133133133136, 32.75615337713878, 93.77802220364322, 59.02116188598763, 38.54725819002739
33.18318318318318, 32.73850481661464, 93.7302825001043, 58.91499517943488, 38.57042629880629
33.233233233233236, 32.720891683869226, 93.68258421567447, 58.80920555189714, 38.59356759959549
33.28328328328329, 32.70331385263348, 93.63492739849775, 58.703791036106566, 38.6166821638581
33.333333333333336, 32.68577119729985, 93.58731209543393, 58.598749677595166, 38.639770062765855
33.38338338338338, 32.668263592875036, 93.53973835195292, 58.49407953517881, 38.66283136719528
33.433433433433436, 32.65079091497494, 93.492206212158, 58.389778680827, 38.6858661477296
33.48348348348349, 32.63335303981958, 93.44471571880906, 58.28584519953264, 38.70887447466049
33.533533533533536, 32.615949844228, 93.39726691334592, 58.182277189181725, 38.731856417989924
33.58358358358358, 32.5985812056132, 93.34985983591152, 58.079072760423145, 38.75481204743195
33.633633633633636, 32.58124700197707, 93.30249452537514, 57.97623003653842, 38.7777414324145
33.68368368368368, 32.56394711190531, 93.25517101935587, 57.873747153311484, 38.80064464208126
33.733733733733736, 32.5466814146124, 93.20788935410621, 57.77162225945967, 38.823521745288
33.78378378378379, 32.52944979021729, 93.16064956375398, 57.669853519650125, 38.846372810574174
33.833833833833836, 32.51225211923799, 93.11345168171839, 57.56843910876143, 38.869197906218666
33.88388388388388, 32.495088282725256, 93.06629574034686, 57.46737721330939, 38.8919971002266
33.933933933933936, 32.47795816231178, 93.01918177078733, 57.36666603192427, 38.91477046032531
33.98398398398399, 32.46086164020832, 92.97210980300815, 57.26630377523441, 38.937518053966066
34.034034034034036, 32.44379859919985, 92.92507986581793, 57.166288665749875, 38.9602399483257
34.08408408408408, 32.426768922641735, 92.8780919868853, 57.06661893774595, 38.9829362103083
34.13413413413413, 32.40977249445587, 92.83114619275867, 56.96729283714683, 39.00560690654688
34.18418418418419, 32.39280919912685, 92.78424250888618, 56.86830862140915, 39.02825210340509
34.234234234234236, 32.37587892169813, 92.7373809596355, 56.76966455940567, 39.05087186697882
34.28428428428428, 32.358981547792425, 92.6905615681981, 56.67135893181337, 39.07346626309294
34.334334334334336, 32.342116963760354, 92.64378435588252, 56.57339003417332, 39.096035357271326
34.38438438438439, 32.32528505640668, 92.59704934342025, 56.475756171152355, 39.118579214794465
34.434434434434436, 32.30848571305762, 92.55035655064653, 56.37845565790972, 39.141097900686425
34.48448448448448, 32.291718821589264, 92.50370599636652, 56.28148682065074, 39.1635914797098
34.53453453453454, 32.274984270424135, 92.45709769837313, 56.18484799652052, 39.18606001636734
34.58458458458458, 32.258281948527895, 92.4105316734643, 56.08853753349782, 39.20850357490351
34.63463463463464, 32.24161174540596, 92.36400793746058, 55.99255379028873, 39.23092221930604
34.68468468468469, 32.22497355110016, 92.31752650522256, 55.89689513622046, 39.25331601330753
34.73473473473474, 32.208367256185404, 92.27108739066844, 55.80155995113521, 39.27568502038702
34.78478478478478, 32.19179275176627, 92.22469060679146, 55.70654662528382, 39.298029303771564
34.83483483483484, 32.17524992947372, 92.17833616567742, 55.61185355921962, 39.320348926437795
34.88488488488489, 32.15873868145722, 92.13202407849747, 55.51747916381531, 39.342643951112244
34.93493493493494, 32.14225890022892, 92.08575435468167, 55.4234218643599, 39.36491444022975
34.98498498498498, 32.125810478844734, 92.03952700295741, 55.32968009536782, 39.38716045598724
35.03503503503504, 32.10939331092769, 91.99334203151403, 55.23625229973961, 39.409382060352875
35.08508508508509, 32.09300729060073, 91.94719944766757, 55.14313693041271, 39.43157931504953
35.13513513513514, 32.07665231248293, 91.90109925787571, 55.05033245026819, 39.45375228155627
35.18518518518518, 32.06032827168566, 91.85504146775263, 54.95783733203738, 39.475901021109784
35.23523523523524, 32.044035063808806, 91.80902608208388, 54.86565005820853, 39.4980255947058
35.28528528528529, 32.02777258493687, 91.76305310484139, 54.773769120933565, 39.520126063100584
35.33533533533534, 32.01154073163523, 91.71712253919827, 54.6821930219347, 39.54220248681234
35.38538538538538, 31.995339400946268, 91.67123438754373, 54.590920272411125, 39.56425492612266
35.43543543543544, 31.979168490385558, 91.62538865149807, 54.499949392945695, 39.58628344107799
35.48548548548549, 31.963027897938055, 91.57958533192745, 54.40927891341166, 39.608288091491026
35.53553553553554, 31.946917522231924, 91.53382442844604, 54.318907375194286, 39.63026893691728
35.585585585585584, 31.93083726247034, 91.48810593961674, 54.228833330258894, 39.652226036665525
35.63563563563564, 31.91478701815313, 91.44242986375859, 54.139055337479576, 39.67415944983776
35.685685685685684, 31.898766689249626, 91.39679619845165, 54.04957196484848, 39.69606923530588
35.73573573573574, 31.882776176196074, 91.35120494054836, 53.960381789398525, 39.717955451712925
35.78578578578579, 31.86681537989261, 91.30565608618613, 53.871483397120336, 39.739818157474446
35.83583583583584, 31.85088420170022, 91.26014963080002, 53.78287538287912, 39.7616574107798
35.885885885885884, 31.834982543437693, 91.21468556913536, 53.694556350331446, 39.783473269593486
35.93593593593594, 31.819110307378573, 91.16926389526043, 53.6065249118422, 39.80526579165652
35.98598598598599, 31.803267396248142, 91.12388460257911, 53.518779688401345, 39.82703503448771
36.03603603603604, 31.787453713220348, 91.0785476838435, 53.431319309540875, 39.848781055385025
36.086086086086084, 31.77166916191479, 91.03325313116655, 53.344142413251575, 39.870503911426944
36.13613613613614, 31.755913646460364, 90.9880009358008, 53.257247646998316, 39.89220365946129
36.18618618618619, 31.740187071593976, 90.94279108779378, 53.17063366931339, 39.91388035608756
36.23623623623624, 31.72448934235481, 90.897623577063, 53.08429914472697, 39.93553405771484
36.286286286286284, 31.708820364215274, 90.85249839293824, 52.99824274589168, 39.95716482053806
36.33633633633634, 31.693180043089985, 90.80741552413217, 52.91246315369681, 39.97877270053713
36.38638638638639, 31.67756828533325, 90.76237495875104, 52.82695905719443, 40.000357753478134
36.43643643643644, 31.661984997736617, 90.71737668430535, 52.7417291535253, 40.02192003491456
36.486486486486484, 31.646430087526372, 90.67242068772059, 52.656772147845004, 40.04345960018857
36.53653653653654, 31.63090346236104, 90.62750695534785, 52.57208675325, 40.06497650443218
36.58658658658659, 31.61540503032895, 90.58263547297462, 52.48767169070362, 40.08647080256851
36.63663663663664, 31.599934699945713, 90.53780622583537, 52.40352568896213, 40.10794254931303
36.68668668668669, 31.58449238015174, 90.49301919862232, 52.31964748450073, 40.12939179917475
36.73673673673674, 31.569077980284355, 90.44827437543204, 52.236035821818795, 40.150818606453086
36.786786786786784, 31.553691409906616, 90.40357173935098, 52.15268945588117, 40.172223025209995
36.83683683683684, 31.538332579099198, 90.35891127320814, 52.06960714765454, 40.19360510932198
36.88688688688689, 31.52300139838299, 90.31429295939677, 51.98678766515111, 40.21496491246838
36.93693693693694, 31.50769777868014, 90.26971677979327, 51.90422978389864, 40.23630248812633
36.986986986986985, 31.492421631310986, 90.2251827157664, 51.82193228687438, 40.257617889571875
37.037037037037045, 31.47717286799109, 90.18069074818663, 51.73989396443912, 40.278911169881134
37.08708708708709, 31.46195140082819, 90.13624085743562, 51.65811361427131, 40.30018238193138
37.13713713713714, 31.4467571423192, 90.09183302341539, 51.57659004130095, 40.32143157840225
37.187187187187185, 31.431590005347168, 90.04746722555777, 51.49532205764371, 40.34265881177683
37.23723723723724, 31.41644990317827, 90.00314344283366, 51.41430848253493, 40.36386413434282
37.28728728728729, 31.40133674945881, 89.95886165376248, 51.33354814226368, 40.38504759819364
37.33733733733734, 31.386250458217972, 89.91462183640877, 51.253039870167335, 40.406209255228845
37.387387387387385, 31.371190944082404, 89.8704239679184, 51.17278250883697, 40.42734915712742
37.43743743743744, 31.356158122014726, 89.8262680250899, 51.09277490735346, 40.44846735538197
37.48748748748749, 31.341151907265864, 89.78215398448118, 51.0130159207549, 40.469563901305584
37.53753753753754, 31.32617221546557, 89.73808182221524, 50.933504410947464, 40.490638846021035
37.58758758758759, 31.31121896262006, 89.694051513988, 50.854239246646436, 40.51169224046178
37.63763763763764, 31.296292065109725, 89.65006303507636, 50.77521930331733, 40.532724135373016
37.68768768768769, 31.281391439686725, 89.60611636034588, 50.69644346311682, 40.553734581312774
37.73773773773774, 31.266517003472675, 89.56221146425881, 50.61791061483387, 40.574723628652926
37.78778778778779, 31.25166867395629, 89.51834832088188, 50.53961965383071, 40.595691327580255
37.83783783783784, 31.23684636899104, 89.47452690389424, 50.46156948198398, 40.61663772809747
37.887887887887885, 31.22205000679279, 89.43074718659526, 50.38375900762562, 40.63756288002434
37.93793793793794, 31.207279505937475, 89.38700914191251, 50.306187145484046, 40.65846683299865
37.98798798798799, 31.192534785454658, 89.34331274211924, 50.22885281813308, 40.67934963645818
38.03803803803804, 31.177815764792065, 89.29965795894252, 50.15175495541236, 40.700211339648355
38.088088088088085, 31.16312236365751, 89.25604476404258, 50.07489249191976, 40.72105199165436
38.138138138138146, 31.148454502116557, 89.21247312871773, 49.99826436852571, 40.74187164138218
38.18818818818819, 31.133812100590962, 89.16894302391019, 49.9218695323253, 40.76267033755958
38.23823823823824, 31.119195079856603, 89.12545442021288, 49.84570693658464, 40.783448128737035
38.288288288288285, 31.104603361041494, 89.08200728787625, 49.76977554068736, 40.804205063288755
38.33833833833834, 31.0900368656238, 89.03860159681518, 49.69407431008102, 40.82494118941364
38.38838838838839, 31.07549551542981, 88.99523731661577, 49.618602216223564, 40.845656555136266
38.43843843843844, 31.060979232631947, 88.95191441654224, 49.54335823652971, 40.86635120830788
38.48848848848849, 31.046487939746743, 88.90863286554364, 49.46834135431742, 40.88702519660737
38.53853853853854, 31.032021559632877, 88.86539263226088, 49.39355055875432, 40.90767856754223
38.58858858858859, 31.017580015489116, 88.82219368503344, 49.31898484480413, 40.928311368449606
38.63863863863864, 31.003163230811726, 88.77903599176068, 49.24464321409533, 40.94892364648518
38.68868868868869, 30.988771129328462, 88.73591951967944, 49.17052467631968, 40.96951544860532
38.73873873873874, 30.974403635187517, 88.69284423605507, 49.0966282448448, 40.99008682162446
38.78878878878879, 30.96006067287081, 88.64981010788465, 49.022952938583344, 41.01063781219104
38.83883883883884, 30.945742167184115, 88.60681710187569, 48.94949778211797, 41.03116846678619
38.88888888888889, 30.93144804325476, 88.56386518445207, 48.876261805654046, 41.05167883172461
38.93893893893894, 30.917178226529384, 88.52095432175973, 48.80324404497241, 41.07216895315546
38.988988988988986, 30.902932642771614, 88.47808447967266, 48.73044354138204, 41.0926388770633
39.03903903903905, 30.888711218059818, 88.43525562379867, 48.65785934167277, 41.113088649268946
39.08908908908909, 30.87451387878481, 88.3924677194853, 48.58549049806802, 41.13351831543039
39.13913913913914, 30.860340551647557, 88.34972073182558, 48.513336068177516, 41.15392792104373
39.189189189189186, 30.846191163656936, 88.30701462566398, 48.441395114949984, 41.17431751144401
39.23923923923925, 30.8320656421274, 88.26434936560221, 48.36966670662586, 41.19468713180616
39.28928928928929, 30.81796391470307, 88.22172491595087, 48.29814991698202, 41.21503682714193
39.33933933933934, 30.803885909534834, 88.17914124036564, 48.22684382727407, 41.23536664227365
39.38938938938939, 30.789831554961907, 88.1365983025045, 48.15574752268293, 41.25567662188292
39.43943943943944, 30.775800779589968, 88.09409606586797, 48.08486009315894, 41.27596681049938
39.48948948948949, 30.76179351232904, 88.05163449372218, 48.014180633820246, 41.29623725249548
39.53953953953954, 30.747809682391647, 88.00921354910375, 47.94370824491055, 41.316487992087374
39.58958958958959, 30.73384921929102, 87.96683319482473, 47.873442031756866, 41.336719073335715
39.63963963963964, 30.71991205283926, 87.92449339347758, 47.80338110472732, 41.356930540146514
39.68968968968969, 30.705998113145494, 87.8821941074399, 47.733524579188824, 41.37712243627194
39.73973973973974, 30.692107330614085, 87.83993529887958, 47.66387157546492, 41.39729480531117
39.78978978978979, 30.67823963594276, 87.79771692975953, 47.59442121879345, 41.41744769071124
39.83983983983984, 30.66439496012082, 87.75553896184269, 47.5251726392844, 41.43758113576786
39.88988988988989, 30.650573234427306, 87.71340135669689, 47.4561249718776, 41.45769518362619
39.93993993993995, 30.63677439043268, 87.67130407569152, 47.38727735634709, 41.47778987728114
39.98998998998999, 30.622998360135526, 87.62924707967562, 47.318628939096264, 41.4978652595519
40.04004004004004, 30.60924507579424, 87.58723032937559, 47.25017887090723, 41.517921373114305
40.09009009009009, 30.59551446989569, 87.54525378546964, 47.18192630650747, 41.53795826050722
40.14014014014015, 30.58180647521492, 87.50331740844769, 47.113870405343356, 41.55797596412172
40.190190190190194, 30.56812102481364, 87.46142115861535, 47.04601033154245, 41.57797452620188
40.24024024024024, 30.55445805203876, 87.41956499609817, 46.97834525387581, 41.59795398884557
40.29029029029029, 30.540817490520915, 87.37774888084562, 46.91087434572025, 41.61791439400517
40.34034034034035, 30.527199274172947, 87.33597277263524, 46.8435967850207, 41.63785578348838
40.390390390390394, 30.513603337188474, 87.29423663107683, 46.77651175425248, 41.65777819895896
40.44044044044044, 30.500029614040344, 87.25254041561638, 46.70961844038358, 41.677681681937514
40.490490490490494, 30.486478039479202, 87.21088408554037, 46.64291603483698, 41.69756627380226
40.54054054054054, 30.47294854853199, 87.16926759997972, 46.57640373345295, 41.717432015789754
40.590590590590594, 30.459441076500447, 87.12769091791398, 46.51008073645136, 41.73727894899574
40.64064064064064, 30.445955558874143, 87.08615399803539, 46.443946249492534, 41.7571071143599
40.690690690690694, 30.432491931356452, 87.04465679879803, 46.377999483286345, 41.77691655267185
40.74074074074074, 30.41905013000539, 87.00319927865488, 46.31223965172657, 41.796707304598286
40.790790790790794, 30.4056300911415, 86.96178139591352, 46.24666597301746, 41.81647941066696
40.84084084084085, 30.39223175134566, 86.92040310873915, 46.181277669644835, 41.836232911267246
40.890890890890894, 30.3788550474573, 86.87906437515818, 46.116073968342455, 41.85596784665094
40.94094094094094, 30.365499916572627, 86.8377651530618, 46.05105410005819, 41.87568425693288
40.990990990990994, 30.352166296042807, 86.7965054002096, 45.98621729992031, 41.895382182091716
41.04104104104105, 30.33885412347218, 86.75528507423319, 45.92156280720379, 41.91506166197061
41.091091091091094, 30.325563336716485, 86.71410413263979, 45.85708986529657, 41.93472273627791
41.14114114114114, 30.312293873881046, 86.67296253281579, 45.792797721665764, 41.9543654445879
41.19119119119119, 30.299045673318982, 86.63186023203039, 45.728685627824014, 41.9739898263415
41.24124124124125, 30.28581867362942, 86.59079718743922, 45.66475283929568, 41.993595920846964
41.291291291291294, 30.272612813711497, 86.54977335599969, 45.60099861608925, 42.01318376727287
41.34134134134134, 30.259428032853286, 86.50878869433105, 45.53742222348707, 42.03275340463623
41.391391391391394, 30.246264270463456, 86.46784315913963, 45.4740229295928, 42.05230487184019
41.44144144144145, 30.233121466186947, 86.42693670703665, 45.41080000636365, 42.071838207658416
41.491491491491495, 30.21999955991443, 86.38606929452392, 45.347752729678746, 42.091353450734275
41.54154154154154, 30.206898491780898, 86.34524087799696, 45.28488037930894, 42.110850639581436
41.591591591591595, 30.193818202164273, 86.30445141374791, 45.22218223888655, 42.13032981258463
41.64164164164164, 30.180758631683997, 86.26370085796854, 45.159657595875196, 42.149791008000165
41.691691691691695, 30.16771972119961, 86.22298916675327, 45.09730574153942, 42.1692342639567
41.74174174174174, 30.154701411809363, 86.18231629610204, 45.0351259709146, 42.18865961845589
41.791791791791795, 30.141703644848786, 86.14168220192353, 44.973117582776595, 42.20806710937295
41.84184184184184, 30.128726361889303, 86.10108684003792, 44.91127987961162, 42.2274567744574
41.891891891891895, 30.11576950473683, 86.06053016618003, 44.8496121675859, 42.24682865133372
41.94194194194195, 30.102833015444823, 86.0200121359733, 44.78811375669629, 42.266182777499104
41.991991991991995, 30.089916836413963, 85.97953270473161, 44.72678396199877, 42.28551919030429
42.04204204204204, 30.077020910212674, 85.9390918278169, 44.665622101359936, 42.30483792698926
42.092092092092095, 30.064145179620592, 85.8986894605528, 44.60462749598571, 42.32413902467495
42.14214214214215, 30.05128958765019, 85.85832555818173, 44.54379947067809, 42.34342252035948
42.192192192192195, 30.038454077545612, 85.81800007586746, 44.48313735380783, 42.36268845091875
42.24224224224224, 30.02563859278148, 85.77771296869757, 44.42264047728712, 42.381936853107035
42.292292292292295, 30.012843077061742, 85.73746419168602, 44.36230817654232, 42.40116776355757
42.34234234234235, 30.00006747431848, 85.69725369977567, 44.302139790486656, 42.4203812187832
42.392392392392395, 29.987311728710775, 85.65708144784075, 44.24213466149289, 42.439577255177
42.44244244244244, 29.974575784623486, 85.61694739068949, 44.182292135366055, 42.45875590901284
42.492492492492495, 29.96185958666612, 85.57685148306648, 44.12261156131614, 42.47791721644604
42.54254254254254, 29.949163079671646, 85.53679367965532, 44.0630922919308, 42.497061213513916
42.592592592592595, 29.93648620869531, 85.49677393508112, 44.003733683148035, 42.516187936136475
42.64264264264264, 29.92382891896998, 85.45679220384126, 43.944535094865145, 42.53529742010673
42.692692692692695, 29.91119115588414, 85.41684844027357, 43.88549589121553, 42.55438970108644
42.74274274274274, 29.898572865111504, 85.37694259877448, 43.82661543862976, 42.57346481463747
42.792792792792795, 29.88597399254129, 85.33707463368863, 43.76789310680979, 42.59252279620626
42.84284284284285, 29.87339448427458, 85.29724449930713, 43.70932826873857, 42.611563681123926
42.892892892892895, 29.86083428662292, 85.25745214986988, 43.65092030065561, 42.63058750460669
42.94294294294294, 29.84829334610696, 85.21769753956765, 43.592668582032566, 42.64959430175657
42.992992992992995, 29.83577160945508, 85.17798062254437, 43.53457249554881, 42.66858410756189
43.04304304304305, 29.82326902360203, 85.13830135289923, 43.476631427067055, 42.68755695689784
43.093093093093096, 29.810785535687565, 85.09865968468901, 43.41884476560893, 42.70651288452703
43.14314314314314, 29.79832109305506, 85.05905557193013, 43.36121190333054, 42.7254519251001
43.193193193193196, 29.785875643250137, 85.01948896860092, 43.303732235498096, 42.74437411315622
43.24324324324325, 29.773449134019334, 84.97995982864383, 43.24640516046347, 42.76327948312372
43.293293293293296, 29.761041513311525, 84.94046810596369, 43.18923007966476, 42.78216806932017
43.34334334334334, 29.748652729398078, 84.9010137542621, 43.13220639867092, 42.801039905935
43.393393393393396, 29.736282730726593, 84.86159672723973, 43.075333525882456, 42.81989502705149
43.44344344344345, 29.72393146589086, 84.82221697863812, 43.01861087225491, 42.83873346665157
43.493493493493496, 29.71159888368502, 84.78287446216517, 42.962037851762815, 42.85755525860822
43.54354354354354, 29.699284933102472, 84.74356913149695, 42.9056138813778, 42.876360436685935
43.593593593593596, 29.68698956333477, 84.70430094027957, 42.849338381046636, 42.89514903454128
43.64364364364364, 29.674712723770547, 84.66506984213089, 42.79321077366925, 42.91392108572335
43.693693693693696, 29.662454363994417, 84.62587579064247, 42.73723048507677, 42.93267662367442
43.74374374374375, 29.650214433785898, 84.58671873938121, 42.681396944009556, 42.95141568173031
43.793793793793796, 29.637992883118304, 84.54759864189134, 42.62570958209527, 42.97013829312103
43.84384384384384, 29.625789662157658, 84.50851545169607, 42.570167833826865, 42.98884449097125
43.893893893893896, 29.613604721261606, 84.46946912229951, 42.51477113654069, 43.00753430830083
43.94394394394395, 29.60143801097833, 84.43045960718847, 42.45951893039444, 43.02620777802533
43.993993993993996, 29.58928948206381, 84.39148685980243, 42.40441065856656, 43.0448649329527
44.04404404404404, 29.57715908554764, 84.35255083341951, 42.34944576804142, 43.063505805769736
44.094094094094096, 29.565046772589234, 84.31365148140539, 42.29462370786605, 43.0821304290726
44.14414414414415, 29.552952494527034, 84.2747887571281, 42.23994392973479, 43.10073883535672
44.194194194194196, 29.540876202888725, 84.23596261394016, 42.18540588810408, 43.119331057014996
44.24424424424424, 29.52881784939037, 84.19717300518002, 42.13100904017259, 43.13790712633824
44.294294294294296, 29.516777385935466, 84.15841988417365, 42.07675284586157, 43.1564670755157
44.34434434434435, 29.504754764614056, 84.11970320423596, 42.022636767795035, 43.17501093663548
44.394394394394396, 29.49274993770182, 84.08102291867235, 41.96866027127998, 43.19353874168511
44.44444444444444, 29.480762857659148, 84.04237898078016, 41.914822824286645, 43.21205052255195
44.4944944944945, 29.46879347713026, 84.00377134385019, 41.86112389742873, 43.23054631102374
44.54454454454455, 29.456841748942274, 83.96519996116824, 41.80756296394367, 43.249026138789006
44.5945945945946, 29.444907626104307, 83.9266647860165, 41.75413949967279, 43.26749003743765
44.64464464464465, 29.432991061806568, 83.88816577167515, 41.70085298304161, 43.285938038461346
44.6946946946947, 29.421092009373226, 83.84970287137196, 41.64770289560805, 43.304370173243996
44.74474474474474, 29.409210422274075, 83.81127603829789, 41.59468872188811, 43.32278647306495
44.7947947947948, 29.39734625420521, 83.77288522570012, 41.5418099483337, 43.34118696911726
44.84484484484485, 29.385499459036932, 83.7345303868261, 41.48906606394164, 43.35957169249699
44.8948948948949, 29.373669990812413, 83.69621147492455, 41.436456560239456, 43.37794067420364
44.94494494494494, 29.36185780374661, 83.65792844324687, 41.38398093126748, 43.39629394514055
44.994994994995, 29.3500628522252, 83.61968124504833, 41.331638673561066, 43.41463153611541
45.04504504504505, 29.33828509080353, 83.58146983358941, 41.27942928613276, 43.43295347784066
45.0950950950951, 29.32652447420555, 83.54329416213727, 41.227352270454496, 43.451259800933975
45.14514514514514, 29.314780957322725, 83.50515418396684, 41.17540713043971, 43.469550535918685
45.1951951951952, 29.30305449521298, 83.46704985236228, 41.12359337242556, 43.48782571322424
45.24524524524525, 29.291345043099646, 83.42898112061833, 41.0719105051551, 43.50608536318665
45.2952952952953, 29.279652556370387, 83.3909479420415, 41.02035803975945, 43.52432951604897
45.34534534534534, 29.267976990582316, 83.3529502699444, 40.96893548978908, 43.54255820196078
45.3953953953954, 29.256318301559727, 83.3149880575343, 40.917642371977465, 43.56077145096419
45.44544544544545, 29.24467644524962, 83.27706125807806, 40.86647820508871, 43.57896929301528
45.4954954954955, 29.233051377731783, 83.2391698248909, 40.81544250998771, 43.597151757983
45.545545545545544, 29.22144305524994, 83.20131371130076, 40.76453480987748, 43.6153188756448
45.5955955955956, 29.209851434210925, 83.1634928706494, 40.7137546302831, 43.63347067568713
45.64564564564565, 29.19827647118383, 83.1257072562936, 40.66310149903554, 43.65160718770576
45.6956956956957, 29.186718122899162, 83.08795682160603, 40.61257494625563, 43.66972844120628
45.74574574574575, 29.17517634624796, 83.05024151997645, 40.56217450433789, 43.6878344656045
45.7957957957958, 29.163651098281004, 83.0125613048128, 40.5118997079345, 43.705925290226844
45.845845845845844, 29.152142336207927, 82.97491612954212, 40.46175009393914, 43.72400094431079
45.8958958958959, 29.140650017396354, 82.93730594761179, 40.411725201470915, 43.742061457005256
45.94594594594595, 29.12917409937111, 82.89973071249051, 40.36182457185825, 43.760106857371085
45.995995995996, 29.11771453981331, 82.86219037766939, 40.312047748622774, 43.77813717438136
46.046046046046044, 29.106271296579532, 82.82468489663187, 40.26239427771142, 43.7961524369172
46.096096096096105, 29.094844327736002, 82.7872142228001, 40.21286370791574, 43.81415267375984
46.14614614614615, 29.083433591456508, 82.74977830969398, 40.1634555895981, 43.83213791361497
46.1961961961962, 29.072039046065857, 82.71237711086299, 40.11416947522615, 43.85010818510273
46.246246246246244, 29.060660650043644, 82.67501057988014, 40.0650049194139, 43.86806351675697
46.2962962962963, 29.049298362023528, 82.63767867034291, 40.01596147890711, 43.88600393702572
46.34634634634635, 29.037952140792466, 82.60038133587408, 39.967038712568495, 43.90392947427151
46.3963963963964, 29.026621945290003, 82.56311853012262, 39.91823618136302, 43.92184015677177
46.446446446446444, 29.01530773460753, 82.52589020676466, 39.869553448343204, 43.93973601271931
46.4964964964965, 29.004009467987522, 82.48869631950431, 39.82099007863437, 43.95761707022256
46.54654654654655, 28.99272710482284, 82.45153682207459, 39.77254563941993, 43.9754833573061
46.5965965965966, 28.981460604655968, 82.41441166823834, 39.724219699926714, 43.99333490191099
46.64664664664665, 28.97020992717827, 82.37732081178909, 39.67601183141016, 44.01117173189514
46.6966966966967, 28.95897503222929, 82.34026420655196, 39.62792160713968, 44.02899387503374
46.74674674674675, 28.94775587979482, 82.30324180638279, 39.57994860240538, 44.046801359019256
46.7967967967968, 28.936552429963484, 82.26625356510094, 39.53209239530699, 44.06459421144611
46.84684684684685, 28.925364642979, 82.2292994365747, 39.48435256574181, 44.082372459830566
46.8968968968969, 28.914192479247337, 82.19237937473466, 39.43672869524146, 44.10013613161392
46.946946946946944, 28.903035899317004, 82.15549333354434, 39.38922036731456, 44.11788525415602
46.996996996997005, 28.891894863878186, 82.11864126700105, 39.341827167433564, 44.135619854735545
47.04704704704705, 28.880769333761968, 82.08182312913662, 39.29454868302161, 44.15333996055043
47.0970970970971, 28.86965926993949, 82.04503887401812, 39.247384503439314, 44.17104559871822
47.147147147147145, 28.858564633521134, 82.00828845574866, 39.20033421997158, 44.1887367962764
47.197197197197205, 28.84748538575572, 81.9715718284682, 39.153397425814404, 44.20641358018278
47.24724724724725, 28.836421488029657, 81.93488894635425, 39.10657371606173, 44.224075977315856
47.2972972972973, 28.825372901866153, 81.8982397636227, 39.05986268769223, 44.24172401447517
47.347347347347345, 28.814339588924394, 81.86162423452849, 39.01326393955612, 44.25935771838166
47.3973973973974, 28.803321510998686, 81.8250423133665, 38.96677707236201, 44.276977115678044
47.44744744744745, 28.7923186300177, 81.78849395447219, 38.92040168866367, 44.29458223292915
47.4974974974975, 28.7813309080743, 81.75197911219034, 38.8741373931058, 44.3121730966171
47.54754754754755, 28.770358307463734, 81.71549774083485, 38.82798379273998, 44.32974973313499
47.5975975975976, 28.75940079055031, 81.67904979482839, 38.78194049589339, 44.347312168809786
47.64764764764765, 28.748458319828305, 81.64263522863847, 38.73600711267643, 44.36486042989227
47.6976976976977, 28.73753085792591, 81.60625399677326, 38.69018325500978, 44.38239454255652
47.74774774774775, 28.726618367604548, 81.56990605378216, 38.64446853661237, 44.39991453290025
47.7977977977978, 28.715720811758224, 81.53359135425642, 38.5988625729896, 44.417420426945164
47.84784784784785, 28.70483815341283, 81.49730985282973, 38.55336498142128, 44.43491225063728
47.8978978978979, 28.69397035572552, 81.4610615041789, 38.50797538094983, 44.452390029847294
47.94794794794795, 28.68311738198399, 81.42484626302436, 38.46269339236827, 44.46985379037088
47.997997997998, 28.67227919560585, 81.3886640841309, 38.41751863820839, 44.48730355792902
48.048048048048045, 28.661455760137937, 81.35251492230812, 38.37245074272875, 44.50473935816839
48.098098098098106, 28.65064703925564, 81.3163987324112, 38.327489331902825, 44.522161216661665
48.14814814814815, 28.639852996762265, 81.28031546934142, 38.282634033407064, 44.539569158907824
48.1981981981982, 28.62907359659045, 81.24426508804403, 38.237884476633326, 44.55696321033206
48.248248248248245, 28.618308802855527, 81.20824754343973, 38.19324029329237, 44.574343396273164
48.298298298298306, 28.607558579782598, 81.17226279051782, 38.14870111657862, 44.591709742001164
48.34834834834835, 28.59682289170323, 81.1363107843402, 38.10426658112795, 44.60906227271819
48.3983983983984, 28.586101703075965, 81.10039148001474, 38.05993632324715, 44.626401013553824
48.44844844844845, 28.575394978485743, 81.06450483269596, 38.015709980903274, 44.64372598956542
48.4984984984985, 28.564702682643357, 81.02865079758534, 37.97158719371284, 44.66103722573835
48.54854854854855, 28.554024780384854, 80.99282932993191, 37.927567602931035, 44.6783347469864
48.5985985985986, 28.543361236670982, 80.95704038503263, 37.883650851440976, 44.69561857815204
48.64864864864865, 28.532712016586633, 80.92128391823294, 37.83983658374294, 44.71288874400674
48.6986986986987, 28.522077085340264, 80.88555988492725, 37.79612444594361, 44.73014526925127
48.74874874874875, 28.51145640826333, 80.84986824055935, 37.75251408574531, 44.747388178516026
48.7987987987988, 28.500849950809723, 80.81420894062298, 37.7090051524352, 44.76461749636135
48.84884884884885, 28.490257678555196, 80.77858194066219, 37.665597296874566, 44.78183324727785
48.8988988988989, 28.479679557196796, 80.74298719627198, 37.62229017148801, 44.79903545568665
48.94894894894895, 28.469115552534195, 80.70742466308441, 37.579083430488204, 44.81622414593479
48.99899899899901, 28.458565630453528, 80.67189429675699, 37.53597673006711, 44.83339934229121
49.04904904904905, 28.44802975699329, 80.63639605302517, 37.492969727522414, 44.85056106896538
49.0990990990991, 28.437507898310884, 80.60092988767714, 37.45006208167332, 44.86770935009853
49.149149149149146, 28.427000020680268, 80.56549575655282, 37.40725345287355, 44.88484420976348
49.19919919919921, 28.416506090491286, 80.53009361554433, 37.36454350300154, 44.90196567196495
49.24924924924925, 28.40602607424902, 80.49472342059633, 37.32193189545081, 44.91907376063983
49.2992992992993, 28.39555993857317, 80.45938512770654, 37.27941829512008, 44.93616849965744
49.349349349349346, 28.385107650197376, 80.42407869292609, 37.23700236840361, 44.95324991281989
49.39939939939941, 28.374669175968588, 80.3888040723599, 37.19468378318143, 44.97031802386232
49.44944944944945, 28.364244482846424, 80.35356122216726, 37.15246220880964, 44.98737285645319
49.4994994994995, 28.353833537902513, 80.31835009856205, 37.110337316110574, 45.004414434194615
49.54954954954955, 28.343436308319866, 80.28317065781327, 37.068308777363136, 45.02144278062259
49.5995995995996, 28.3330527613922, 80.24802285624547, 37.02637626629305, 45.03845791920734
49.64964964964965, 28.32268286452697, 80.21290665023601, 36.98453945809022, 45.05545987335296
49.6996996996997, 28.312326585310625, 80.17782199615961, 36.94279802988992, 45.0724486663869
49.74974974974975, 28.30198389141362, 80.14276885046877, 36.90115166006037, 45.089424321575756
49.7997997997998, 28.29165475059455, 80.10774716969016, 36.85960002822881, 45.10638686212477
49.84984984984985, 28.28133913072245, 80.07275691040554, 36.818142815442414, 45.123336311174384
49.89989989989991, 28.271036999776246, 80.03779802925214, 36.77677970415942, 45.14027269180046
49.94994994994995, 28.26074832584428, 80.00287048292293, 36.735510378240406, 45.157196027014585
50.0, 28.250473077123715, 79.9679742281669, 36.694334522939315, 45.17410633976431
