Initial conditions: Te0=800.0, Ti0=1200.0, rho0=14.925373134328359, Rh0=67.0
t (ps), Te (keV), Ti (keV), rho (g/cm^3), Rh (um)
0.0, 800.0, 1200.0, 14.925373134328359, 67.0
0.1001001001001001, 104.6603584626182, 1199.8215684325419, 14.932124056820646, 67.0
0.2002002002002002, 79.20712300265768, 1199.4487195620477, 14.93306170430181, 67.0
0.3003003003003003, 67.47100955003157, 1198.938814953292, 14.933616474318399, 67.0
0.4004004004004004, 60.39681103868507, 1198.316791600544, 14.934015875091832, 67.0
0.5005005005005005, 55.59454149616999, 1197.599382815238, 14.934331446034083, 67.0
0.6006006006006006, 52.110829452426174, 1196.799570395794, 14.93459507887101, 67.0
0.7007007007007008, 49.47647904073799, 1195.928157987592, 14.934823774374738, 67.0
0.8008008008008008, 47.42818532752773, 1194.9944616954917, 14.935027659040914, 67.0
0.9009009009009009, 45.804135510824764, 1194.0066540259406, 14.935213240087085, 67.0
1.001001001001001, 44.498033646104645, 1192.9719546148574, 14.935384935298652, 67.0
1.1011011011011012, 43.43641988805148, 1191.8967497171063, 14.935545870818432, 67.0
1.2012012012012012, 42.56648691097724, 1190.786678276698, 14.93569833088144, 67.0
1.3013013013013013, 41.849076954490386, 1189.646702501151, 14.935844027402323, 67.0
1.4014014014014016, 41.25443042887694, 1188.4811711488974, 14.935984269696654, 67.0
1.5015015015015014, 40.75948281191465, 1187.2938790028145, 14.936120075772966, 67.0
1.6016016016016017, 40.34607569145811, 1186.0881235876693, 14.93625224788238, 67.0
1.7017017017017018, 39.99973243321109, 1184.866759088395, 14.936381425284242, 67.0
1.8018018018018018, 39.70879429961771, 1183.632247138802, 14.936508122053972, 67.0
1.901901901901902, 39.46379531046337, 1182.3867040389352, 14.936632754745688, 67.0
2.002002002002002, 39.25699858081898, 1181.131944091568, 14.936755663053988, 67.0
2.1021021021021022, 39.082046495605994, 1179.8695188553313, 14.936877125466923, 67.0
2.2022022022022023, 38.9336918546124, 1178.6007523810795, 14.936997371313229, 67.0
2.3023023023023024, 38.80758825867427, 1177.3267724975378, 14.937116590150922, 67.0
2.4024024024024024, 38.70012505658452, 1176.0485383803484, 14.937234939146986, 67.0
2.5025025025025025, 38.608295072506074, 1174.7668647030166, 14.937352548975587, 67.0
2.6026026026026026, 38.52958882939763, 1173.482442606124, 14.93746952852016, 67.0
2.702702702702703, 38.46190859245618, 1172.1958578642734, 14.937585968681423, 67.0
2.802802802802803, 38.40349828771473, 1170.90760655718, 14.937701945471488, 67.0
2.9029029029029028, 38.35288610451368, 1169.6181085101455, 14.9378175225397, 67.0
3.003003003003003, 38.30883719010816, 1168.3277188165953, 14.937932753247956, 67.0
3.1031031031031033, 38.27031478738055, 1167.0367376538086, 14.938047682370428, 67.0
3.2032032032032034, 38.23644756658258, 1165.7454187042217, 14.938162347519526, 67.0
3.3033033033033035, 38.20650288303021, 1164.453976265663, 14.938276780309943, 67.0
3.4034034034034035, 38.17986437611343, 1163.1625913065513, 14.938391007332054, 67.0
3.503503503503504, 38.15601324791784, 1161.871416618159, 14.93850505096395, 67.0
3.6036036036036037, 38.13451264216976, 1160.5805811707587, 14.938618930048072, 67.0
3.703703703703704, 38.11499458744924, 1159.290193798696, 14.938732660456054, 67.0
3.803803803803804, 38.097148983157346, 1158.0003463392125, 14.938846255564743, 67.0
3.903903903903904, 38.080714543790364, 1156.7111162426972, 14.938959726647102, 67.0
4.004004004004004, 38.0654709262095, 1155.4225688459574, 14.939073083212028, 67.0
4.104104104104104, 38.051232338775804, 1154.134759237744, 14.93918633327988, 67.0
4.2042042042042045, 38.037842058841484, 1152.847733862921, 14.939299483618827, 67.0
4.3043043043043046, 38.02516788028183, 1151.5615318624205, 14.939412539940982, 67.0
4.404404404404405, 38.01309829161804, 1150.2761862021073, 14.939525507067032, 67.0
4.504504504504505, 38.00153915066824, 1148.9917246564683, 14.939638389069472, 67.0
4.604604604604605, 37.990411004630865, 1147.7081706046984, 14.939751189388002, 67.0
4.704704704704705, 37.97964680666705, 1146.4255437104873, 14.939863910927837, 67.0
4.804804804804805, 37.969189944100954, 1145.143860509394, 14.939976556144625, 67.0
4.904904904904906, 37.958992605764806, 1143.8631348964636, 14.940089127114735, 67.0
5.005005005005005, 37.94901442589756, 1142.5833785318616, 14.94020162559365, 67.0
5.105105105105106, 37.93922131826764, 1141.3046011896788, 14.940314053066182, 67.0
5.205205205205205, 37.92958448164588, 1140.0268110559277, 14.940426410789291, 67.0
5.305305305305305, 37.92007957809578, 1138.7500149749294, 14.940538699827483, 67.0
5.405405405405406, 37.910686088737776, 1137.474218642945, 14.940650921080563, 67.0
5.505505505505505, 37.901386657508404, 1136.1994268047395, 14.940763075311914, 67.0
5.605605605605606, 37.892166575559514, 1134.9256434087135, 14.940875163170698, 67.0
5.705705705705706, 37.88301346025442, 1133.6528717033318, 14.940987185205705, 67.0
5.8058058058058055, 37.87391679532452, 1132.3811143753455, 14.941099141885164, 67.0
5.9059059059059065, 37.864867755124614, 1131.1103736027358, 14.941211033604333, 67.0
6.006006006006006, 37.85585885187287, 1129.840651160734, 14.941322860700692, 67.0
6.106106106106107, 37.84688374754712, 1128.5719484784684, 14.94143462346208, 67.0
6.206206206206207, 37.83793709748342, 1127.3042666860117, 14.941546322133421, 67.0
6.306306306306307, 37.8290143654604, 1126.037606670036, 14.941657956924713, 67.0
6.406406406406407, 37.82011174637742, 1124.7719690971046, 14.941769528014369, 67.0
6.506506506506507, 37.811225957996854, 1123.5073544763327, 14.94188103555819, 67.0
6.606606606606607, 37.80235429151147, 1122.2437631442174, 14.941992479687203, 67.0
6.706706706706707, 37.79349441763516, 1120.9811953229864, 14.94210386051601, 67.0
6.806806806806807, 37.78464439333647, 1119.7196511185919, 14.942215178142527, 67.0
6.906906906906907, 37.77580255167574, 1118.459130553876, 14.942326432652715, 67.0
7.007007007007008, 37.766967495642675, 1117.1996335704378, 14.94243762412087, 67.0
7.107107107107107, 37.75813802915036, 1115.941160049412, 14.942548752612591, 67.0
7.207207207207207, 37.74931314833648, 1114.6837098140918, 14.942659818185156, 67.0
7.307307307307307, 37.74049199878126, 1113.4272826428155, 14.942770820889384, 67.0
7.407407407407408, 37.73167387859733, 1112.171878268036, 14.942881760769485, 67.0
7.507507507507508, 37.72285816162403, 1110.9174963994597, 14.942992637866395, 67.0
7.607607607607608, 37.71404433855522, 1109.6641367116579, 14.943103452215995, 67.0
7.707707707707708, 37.70523197180481, 1108.4117988576622, 14.94321420385106, 67.0
7.807807807807808, 37.696420677216395, 1107.1604824744745, 14.94332489280205, 67.0
7.907907907907909, 37.68761013932687, 1105.910187178473, 14.943435519096454, 67.0
8.008008008008009, 37.67880010614802, 1104.660912566981, 14.943546082759013, 67.0
8.108108108108109, 37.66999037338006, 1103.4126582230242, 14.943656583812409, 67.0
8.208208208208209, 37.66118072963422, 1102.1654237318376, 14.94376702227963, 67.0
8.308308308308309, 37.65237102113956, 1100.9192086613662, 14.943877398181169, 67.0
8.408408408408409, 37.64356111475409, 1099.6740125734127, 14.943987711536632, 67.0
8.508508508508509, 37.63475087766283, 1098.4298350297554, 14.944097962365614, 67.0
8.608608608608609, 37.625940185734805, 1097.1866755895087, 14.944208150687336, 67.0
8.70870870870871, 37.61712903856888, 1095.9445337750394, 14.944318276515672, 67.0
8.80880880880881, 37.60831728785831, 1094.703409152701, 14.944428339870887, 67.0
8.90890890890891, 37.59950490100793, 1093.4633012544487, 14.944538340768247, 67.0
9.00900900900901, 37.59069182979436, 1092.2242096170116, 14.944648279223706, 67.0
9.10910910910911, 37.58187803180551, 1090.986133775344, 14.944758155252961, 67.0
9.20920920920921, 37.57306346674584, 1089.7490732637582, 14.944867968871614, 67.0
9.30930930930931, 37.56424810609978, 1088.5130276132877, 14.944977720094785, 67.0
9.40940940940941, 37.55543192304126, 1087.2779963544956, 14.94508740893751, 67.0
9.50950950950951, 37.54661488621485, 1086.043979019206, 14.945197035415022, 67.0
9.60960960960961, 37.53779697427452, 1084.810975136387, 14.94530659954213, 67.0
9.70970970970971, 37.52897818435949, 1083.5789842297343, 14.945416101332855, 67.0
9.809809809809812, 37.52015850125841, 1082.3480058264656, 14.945525540801741, 67.0
9.90990990990991, 37.5113378744463, 1081.118037565641, 14.94563491802021, 67.0
10.01001001001001, 37.50251639804487, 1079.8890841104171, 14.945744232847476, 67.0
10.11011011011011, 37.493693985026646, 1078.6611408435374, 14.945853485422637, 67.0
10.210210210210212, 37.4848706353495, 1077.4342077589326, 14.945962675745871, 67.0
10.310310310310312, 37.4760463454888, 1076.2082843488872, 14.946071803832204, 67.0
10.41041041041041, 37.46722111319385, 1074.983370289196, 14.946180869691231, 67.0
10.51051051051051, 37.458394938464664, 1073.7594655798594, 14.946289873322948, 67.0
10.61061061061061, 37.44956781897523, 1072.53656992435, 14.946398814736154, 67.0
10.710710710710712, 37.44073974498201, 1071.3146820805323, 14.946507693967689, 67.0
10.810810810810812, 37.43191071540558, 1070.0938019107991, 14.946616511021633, 67.0
10.91091091091091, 37.423080743770804, 1068.8739326847913, 14.946725265801456, 67.0
11.01101101101101, 37.41424979039768, 1067.655064809848, 14.946833958590366, 67.0
11.11111111111111, 37.40541787933727, 1066.4372041003262, 14.946942589216702, 67.0
11.211211211211213, 37.39658500862178, 1065.2203500805072, 14.94705115769451, 67.0
11.311311311311313, 37.3877511763607, 1064.0045022102738, 14.94715966403974, 67.0
11.411411411411413, 37.3789163810214, 1062.7896596515332, 14.947268108277166, 67.0
11.511511511511511, 37.370080620796855, 1061.5758217946643, 14.947376490424794, 67.0
11.611611611611611, 37.361243893829396, 1060.362988072223, 14.947484810499388, 67.0
11.711711711711713, 37.35240619826138, 1059.151157916764, 14.947593068517703, 67.0
11.811811811811813, 37.34356753223512, 1057.9403307608436, 14.947701264496501, 67.0
11.911911911911913, 37.33472789389298, 1056.7305060370168, 14.947809398452543, 67.0
12.012012012012011, 37.325887281377284, 1055.521683177839, 14.94791747040259, 67.0
12.112112112112113, 37.317045692830376, 1054.3138616158653, 14.948025480363398, 67.0
12.212212212212213, 37.30820312722889, 1053.1070408193807, 14.948133428350664, 67.0
12.312312312312313, 37.29935959092335, 1051.9012205724555, 14.948241314370668, 67.0
12.412412412412413, 37.290515085865, 1050.6964004707613, 14.948349138435304, 67.0
12.512512512512513, 37.28166961234708, 1049.492580038966, 14.948456900558586, 67.0
12.612612612612613, 37.27282317066283, 1048.2897588017374, 14.94856460075453, 67.0
12.712712712712714, 37.26397576110548, 1047.087936283743, 14.948672239037146, 67.0
12.812812812812814, 37.25512738396827, 1045.88711200965, 14.948779815420448, 67.0
12.912912912912914, 37.24627803954444, 1044.6872855041265, 14.948887329918453, 67.0
13.013013013013014, 37.23742772812722, 1043.48845629184, 14.948994782545169, 67.0
13.113113113113114, 37.22857645009969, 1042.2906238975477, 14.949102173314621, 67.0
13.213213213213214, 37.219724207634194, 1041.0937878477946, 14.94920950224093, 67.0
13.313313313313314, 37.21087100217811, 1039.897947668401, 14.94931676933818, 67.0
13.413413413413414, 37.2020168345597, 1038.7031028845693, 14.949423974620418, 67.0
13.513513513513514, 37.193161705607224, 1037.5092530215013, 14.94953111810169, 67.0
13.613613613613614, 37.18430561614894, 1036.316397604399, 14.94963819979604, 67.0
13.713713713713714, 37.1754485670131, 1035.124536158465, 14.949745219717515, 67.0
13.813813813813814, 37.16659055902798, 1033.933668208901, 14.949852177880159, 67.0
13.913913913913914, 37.15773159302182, 1032.7437932809091, 14.949959074298018, 67.0
14.014014014014016, 37.14887162419885, 1031.5548532194748, 14.950065910708508, 67.0
14.114114114114114, 37.14001075443755, 1030.3669800719833, 14.950172683166615, 67.0
14.214214214214214, 37.13114891928918, 1029.180094735515, 14.950279394035997, 67.0
14.314314314314315, 37.12228611875376, 1027.9941972100696, 14.950386043316652, 67.0
14.414414414414415, 37.11342235283128, 1026.8092874956476, 14.950492631008585, 67.0
14.514514514514516, 37.104557621521735, 1025.6253655922485, 14.95059915711179, 67.0
14.614614614614615, 37.09569192482513, 1024.4424314998726, 14.95070562162627, 67.0
14.714714714714717, 37.08682526274146, 1023.26048521852, 14.950812024552025, 67.0
14.814814814814817, 37.077957635270735, 1022.0795267481903, 14.950918365889056, 67.0
14.914914914914917, 37.069089042412955, 1020.8995560888839, 14.951024645637363, 67.0
15.015015015015017, 37.060219469482924, 1019.7205728221728, 14.951130863810398, 67.0
15.115115115115117, 37.05134890139746, 1018.5425765182889, 14.951237020421987, 67.0
15.215215215215215, 37.0424773381559, 1017.365567177213, 14.951343115472127, 67.0
15.315315315315315, 37.033604781324016, 1016.1895446894923, 14.951449148964025, 67.0
15.415415415415415, 37.02473124891619, 1015.0145077958628, 14.95155512093459, 67.0
15.515515515515515, 37.01585674605386, 1013.8404561383197, 14.951661031394302, 67.0
15.615615615615615, 37.00698127273703, 1012.6673897168631, 14.951766880343168, 67.0
15.715715715715717, 36.99810483123087, 1011.4953080869225, 14.951872667794463, 67.0
15.815815815815817, 36.98922742769117, 1010.3242100403348, 14.951978393784264, 67.0
15.915915915915917, 36.9803490624645, 1009.1540955090823, 14.952084058314602, 67.0
16.016016016016017, 36.97146973553968, 1007.9849644868787, 14.952189661385667, 67.0
16.116116116116117, 36.96258944498613, 1006.8168158883681, 14.952295203030346, 67.0
16.216216216216218, 36.95370818938778, 1005.6496489174358, 14.952400683272758, 67.0
16.316316316316318, 36.944825968744624, 1004.483463574082, 14.952506102112908, 67.0
16.416416416416418, 36.93594278305666, 1003.3182598583064, 14.95261145955079, 67.0
16.516516516516518, 36.92705863216355, 1002.154037243572, 14.952716755602362, 67.0
16.616616616616618, 36.918173515624005, 1000.990794280705, 14.952821990311534, 67.0
16.716716716716718, 36.909287433412565, 999.8285308861364, 14.95292716368084, 67.0
16.816816816816818, 36.90040038552924, 998.6672470598663, 14.953032275710282, 67.0
16.916916916916918, 36.8915123696786, 997.5069477720051, 14.953137326249044, 67.0
17.017017017017018, 36.882623392614114, 996.3476183998044, 14.953242315740837, 67.0
17.117117117117118, 36.87373345017131, 995.1892679602719, 14.953347243912052, 67.0
17.217217217217218, 36.86484254256785, 994.0318959820851, 14.953452110776992, 67.0
17.31731731731732, 36.85595067002143, 992.8755019939224, 14.953556916349955, 67.0
17.41741741741742, 36.84705783206319, 991.7200852619341, 14.953661660653378, 67.0
17.51751751751752, 36.838164028007554, 990.5656449693895, 14.953766343712264, 67.0
17.61761761761762, 36.829269257817685, 989.4121805476451, 14.95387096554393, 67.0
17.71771771771772, 36.820373521456986, 988.2596914281397, 14.95397552616569, 67.0
17.81781781781782, 36.811476818888835, 987.1081770423115, 14.954080025594857, 67.0
17.91791791791792, 36.802579150076625, 985.9576368215988, 14.95418446384875, 67.0
18.01801801801802, 36.79368051498375, 984.8080701974403, 14.954288840944677, 67.0
18.11811811811812, 36.7847809135736, 983.6594766012743, 14.954393156899958, 67.0
18.21821821821822, 36.77588034580956, 982.511855464539, 14.954497411731904, 67.0
18.31831831831832, 36.76697881165503, 981.3652062186732, 14.95460160545783, 67.0
18.41841841841842, 36.75807631160093, 980.2195283469409, 14.954705738093494, 67.0
18.518518518518523, 36.74917285001113, 979.0748217130878, 14.954809809643242, 67.0
18.61861861861862, 36.74026842864819, 977.931085925306, 14.954913820119081, 67.0
18.71871871871872, 36.73136304847785, 976.7883205135053, 14.955017769535374, 67.0
18.81881881881882, 36.722456710465856, 975.6465250075955, 14.955121657906476, 67.0
18.91891891891892, 36.71354941557794, 974.5056989374867, 14.95522548524675, 67.0
19.01901901901902, 36.70464116477982, 973.3658418330889, 14.955329251570554, 67.0
19.11911911911912, 36.695731959037246, 972.2269532243115, 14.955432956892249, 67.0
19.21921921921922, 36.68682179931596, 971.0890326410649, 14.955536601226195, 67.0
19.31931931931932, 36.67791068658169, 969.9520796132588, 14.95564018458675, 67.0
19.41941941941942, 36.668998621800164, 968.8160936708031, 14.95574370698827, 67.0
19.519519519519523, 36.660085601683626, 967.6810743470312, 14.955847168445478, 67.0
19.619619619619623, 36.65117161985427, 966.5470211777637, 14.955950568973346, 67.0
19.71971971971972, 36.642256675340214, 965.4139336944695, 14.956053908586396, 67.0
19.81981981981982, 36.633340767219536, 964.281811428578, 14.956157187299146, 67.0
19.91991991991992, 36.62442389457034, 963.1506539115186, 14.956260405126113, 67.0
20.02002002002002, 36.61550605647071, 962.0204606747204, 14.956363562081817, 67.0
20.12012012012012, 36.606587251998725, 960.8912312496125, 14.956466658180773, 67.0
20.22022022022022, 36.59766748023248, 959.7629651676239, 14.9565696934375, 67.0
20.32032032032032, 36.58874674025007, 958.6356619601842, 14.956672667866515, 67.0
20.420420420420424, 36.57982503112958, 957.5093211587222, 14.956775581482338, 67.0
20.520520520520524, 36.57090235346074, 956.3839422943886, 14.956878434299428, 67.0
20.620620620620624, 36.561978728568995, 955.2595248945111, 14.956981226331491, 67.0
20.720720720720724, 36.55305417566516, 954.136068486807, 14.957083957592301, 67.0
20.82082082082082, 36.544128698879625, 953.0135726028544, 14.95718662809627, 67.0
20.92092092092092, 36.53520226946878, 951.8920367834219, 14.957289237859225, 67.0
21.02102102102102, 36.52627487377844, 950.7714605650596, 14.957391786896343, 67.0
21.12112112112112, 36.51734651024347, 949.6518434809545, 14.957494275222283, 67.0
21.22122122122122, 36.50841718221675, 948.5331850629278, 14.957596702851484, 67.0
21.32132132132132, 36.499486893511516, 947.4154840326439, 14.957699069823692, 67.0
21.421421421421424, 36.490555635611905, 946.2987422266914, 14.957801376081946, 67.0
21.521521521521525, 36.48162342327159, 945.182957130122, 14.957903621704096, 67.0
21.621621621621625, 36.472690255349484, 944.0681284513637, 14.958005806699347, 67.0
21.721721721721725, 36.46375612962335, 942.9542556225919, 14.958107931085628, 67.0
21.82182182182182, 36.45482104603578, 941.8413386291387, 14.958209994863402, 67.0
21.92192192192192, 36.44588500458901, 940.729377467543, 14.95831199803278, 67.0
22.02202202202202, 36.436948005912576, 939.618371159143, 14.958413940624467, 67.0
22.12212212212212, 36.42801005050108, 938.5083189350835, 14.958515822662584, 67.0
22.22222222222222, 36.419071138354504, 937.3992207953645, 14.958617644147134, 67.0
22.322322322322325, 36.410131264372374, 936.2910798330943, 14.958719404980975, 67.0
22.422422422422425, 36.401190444455715, 935.1838864053486, 14.958821105466948, 67.0
22.522522522522525, 36.392248668810225, 934.0776464517261, 14.958922745418516, 67.0
22.622622622622625, 36.38330593820464, 932.9723595060392, 14.959024324850319, 67.0
22.722722722722725, 36.37436225317169, 931.8680250326937, 14.959125843779239, 67.0
22.822822822822825, 36.365417613221, 930.7646421952189, 14.959227302231849, 67.0
22.922922922922922, 36.35647201869475, 929.6622104019837, 14.95932870022684, 67.0
23.023023023023022, 36.347525470077436, 928.5607291032077, 14.95943003778154, 67.0
23.123123123123122, 36.33857796785355, 927.4601977491117, 14.959531314913292, 67.0
23.223223223223222, 36.32962951250758, 926.3606157899153, 14.959632531639429, 67.0
23.323323323323326, 36.320680104524016, 925.2619826758391, 14.959733687977284, 67.0
23.423423423423426, 36.31172974438735, 924.1642978571034, 14.959834783944196, 67.0
23.523523523523526, 36.30277843258207, 923.0675607839282, 14.959935819557499, 67.0
23.623623623623626, 36.29382616959268, 921.9717709065337, 14.960036794834528, 67.0
23.723723723723726, 36.28487295593467, 920.8769276797673, 14.960137709792479, 67.0
23.823823823823826, 36.27591879408436, 919.7830308509904, 14.960238564439578, 67.0
23.923923923923926, 36.26696368612517, 918.6900801089498, 14.960339358785856, 67.0
24.024024024024023, 36.25800763311199, 917.5980749889586, 14.960440092846035, 67.0
24.124124124124123, 36.249050636099696, 916.5070150263305, 14.960540766634848, 67.0
24.224224224224226, 36.240092696143215, 915.4168997563786, 14.960641380167019, 67.0
24.324324324324326, 36.23113381429742, 914.3277287144164, 14.960741933457278, 67.0
24.424424424424426, 36.22217399161722, 913.239501435757, 14.960842426520356, 67.0
24.524524524524526, 36.2132132291575, 912.1522174557141, 14.960942859370974, 67.0
24.624624624624627, 36.20425152797316, 911.0658763096008, 14.961043232023865, 67.0
24.724724724724727, 36.195288889119105, 909.9804775327304, 14.961143544493755, 67.0
24.824824824824827, 36.18632531018835, 908.8960206623118, 14.961243796795594, 67.0
24.924924924924927, 36.17736077908725, 907.8125052408559, 14.96134398894495, 67.0
25.025025025025027, 36.16839528828952, 906.7299308083961, 14.961444120957104, 67.0
25.125125125125123, 36.15942884180074, 905.6482969007029, 14.961544192846747, 67.0
25.225225225225227, 36.1504614473903, 904.5676030521756, 14.96164420462839, 67.0
25.325325325325327, 36.141493108232964, 903.4878487989257, 14.961744156316772, 67.0
25.425425425425427, 36.1325238248252, 902.4090336782828, 14.961844047926782, 67.0
25.525525525525527, 36.1235535984265, 901.3311572272303, 14.961943879473262, 67.0
25.625625625625627, 36.11458242951382, 900.2542186187763, 14.962043650982858, 67.0
25.725725725725727, 36.10561031727181, 899.1782184600181, 14.962143362436047, 67.0
25.825825825825827, 36.09663726171592, 898.1031552241084, 14.962243013882098, 67.0
25.925925925925927, 36.08766326311955, 897.0290282708177, 14.962342605341723, 67.0
26.026026026026027, 36.078688321570326, 895.9558373949894, 14.962442136821561, 67.0
26.126126126126128, 36.06971243706823, 894.8835825966239, 14.962541608321613, 67.0
26.226226226226228, 36.06073560986914, 893.812263687883, 14.962641019847956, 67.0
26.326326326326328, 36.05175784179131, 892.7418793339093, 14.962740371443779, 67.0
26.426426426426428, 36.04277913319043, 891.6724292735728, 14.962839663117531, 67.0
26.526526526526528, 36.03379948406651, 890.6039135068731, 14.962938894869216, 67.0
26.626626626626628, 36.02481889040203, 889.5363343970438, 14.963038066622174, 67.0
26.726726726726728, 36.015837366587625, 888.4696834790453, 14.963137178650989, 67.0
26.826826826826828, 36.006854903502266, 887.40396611817, 14.963236230781622, 67.0
26.926926926926928, 35.99787150193033, 886.3391818530151, 14.963335223029043, 67.0
27.027027027027028, 35.98888716227738, 885.2753300975686, 14.963434155412376, 67.0
27.127127127127128, 35.97990188422248, 884.2124100268427, 14.963533027958713, 67.0
27.227227227227228, 35.97091566825099, 883.1504210810745, 14.9636318406863, 67.0
27.32732732732733, 35.96192851489526, 882.0893627159544, 14.963730593612873, 67.0
27.42742742742743, 35.95294042468763, 881.0292343871731, 14.96382928675616, 67.0
27.52752752752753, 35.94395139816045, 879.9700355504214, 14.963927920133898, 67.0
27.62762762762763, 35.934961435846056, 878.9117656613894, 14.964026493763813, 67.0
27.72772772772773, 35.9259705382768, 877.8544241757683, 14.964125007663641, 67.0
27.82782782782783, 35.91697870598502, 876.798010549248, 14.964223461851113, 67.0
27.92792792792793, 35.907985939503064, 875.7425242375197, 14.96432185634396, 67.0
28.028028028028032, 35.89899223936831, 874.687964696864, 14.964420191159894, 67.0
28.128128128128132, 35.889997608370756, 873.6343316471565, 14.964518466308313, 67.0
28.22822822822823, 35.88100204940142, 872.5816248201011, 14.964616681798237, 67.0
28.32832832832833, 35.872005563715604, 871.5298437559882, 14.96471483764473, 67.0
28.42842842842843, 35.863008152568625, 870.478987995108, 14.964812933862852, 67.0
28.52852852852853, 35.85400981721579, 869.4290570777515, 14.964910970467663, 67.0
28.62862862862863, 35.845010558912385, 868.3800505442086, 14.965008947474232, 67.0
28.72872872872873, 35.83601037891371, 867.33196793477, 14.965106864897612, 67.0
28.82882882882883, 35.82700927847508, 866.2848087897261, 14.965204722752873, 67.0
28.92892892892893, 35.8180072588518, 865.238572649367, 14.965302521055072, 67.0
29.029029029029033, 35.809004321299156, 864.1932590539838, 14.965400259819274, 67.0
29.129129129129133, 35.80000046646737, 863.1488675442863, 14.965497939060587, 67.0
29.22922922922923, 35.79099568717332, 862.1053976664231, 14.965595558794705, 67.0
29.32932932932933, 35.781989977188765, 861.0628489658791, 14.965693119037255, 67.0
29.429429429429433, 35.772983333966614, 860.0212209861885, 14.965790619803629, 67.0
29.52952952952953, 35.76397576230114, 858.9805132677088, 14.965888061108817, 67.0
29.629629629629633, 35.75496726372734, 857.9407253522083, 14.965985442967986, 67.0
29.72972972972973, 35.74595783973642, 856.901856781837, 14.966082765396322, 67.0
29.829829829829833, 35.73694749201983, 855.8639070989033, 14.966180028409028, 67.0
29.92992992992993, 35.72793622331831, 854.8268749014064, 14.966277232052812, 67.0
30.030030030030034, 35.71892403028151, 853.7907623921927, 14.966374376254189, 67.0
30.13013013013013, 35.70991091650027, 852.755566797848, 14.966471461105739, 67.0
30.230230230230234, 35.700896882017425, 851.7212879058517, 14.966568486614594, 67.0
30.33033033033033, 35.691881926963205, 850.6879250698895, 14.96666545280246, 67.0
30.43043043043043, 35.6828660513466, 849.6554782454051, 14.966762359670827, 67.0
30.530530530530534, 35.6738492551676, 848.6239474323986, 14.966859207219699, 67.0
30.63063063063063, 35.66483153930181, 847.5933321565142, 14.966955995464984, 67.0
30.730730730730734, 35.65581290608417, 846.5636311528018, 14.967052724449115, 67.0
30.83083083083083, 35.64679335564142, 845.5348443525924, 14.967149394174397, 67.0
30.930930930930934, 35.637772887973576, 844.5069717558862, 14.96724600464083, 67.0
31.03103103103103, 35.628751498529574, 843.4800153240053, 14.967342555782437, 67.0
31.131131131131134, 35.61972920560044, 842.4539671742532, 14.967439047864374, 67.0
31.23123123123123, 35.61070599731114, 841.4288324242966, 14.967535480714494, 67.0
31.331331331331334, 35.601681874719574, 840.404610618221, 14.967631854348134, 67.0
31.431431431431434, 35.59265683851186, 839.3813011487639, 14.967728168785872, 67.0
31.53153153153153, 35.58363088886836, 838.358903202777, 14.96782442405542, 67.0
31.631631631631635, 35.574604026614445, 837.3374162296817, 14.96792062017539, 67.0
31.73173173173173, 35.565576252596955, 836.3168396876397, 14.968016757164094, 67.0
31.831831831831835, 35.55654756766272, 835.2971730348123, 14.968112835039847, 67.0
31.93193193193193, 35.54751797265856, 834.2784157293612, 14.96820885382096, 67.0
32.032032032032035, 35.53848746843133, 833.260567229448, 14.96830481352574, 67.0
32.13213213213213, 35.52945605582785, 832.2436269932341, 14.968400714172509, 67.0
32.232232232232235, 35.52042373569496, 831.2275944788809, 14.968496555779572, 67.0
32.332332332332335, 35.5113905088795, 830.2124691445499, 14.968592338365243, 67.0
32.432432432432435, 35.502356376467944, 829.1982504792336, 14.968688061946827, 67.0
32.532532532532535, 35.49332134218421, 828.1849383112336, 14.968783726530566, 67.0
32.632632632632635, 35.484285408252475, 827.1725322759108, 14.968879332128992, 67.0
32.732732732732735, 35.47524857620239, 826.1610319192688, 14.968974878757555, 67.0
32.832832832832835, 35.466210847563566, 825.1504367873108, 14.9690703664317, 67.0
32.932932932932935, 35.45717222386563, 824.1407464260408, 14.969165795166873, 67.0
33.033033033033036, 35.44813270663821, 823.1319603814621, 14.969261164978525, 67.0
33.133133133133136, 35.43909229741093, 822.1240781995782, 14.9693564758821, 67.0
33.233233233233236, 35.430050997713415, 821.1170994263928, 14.969451727893047, 67.0
33.333333333333336, 35.421008809075296, 820.1110236079094, 14.969546921026812, 67.0
33.433433433433436, 35.411965733026186, 819.1058502901317, 14.969642055298843, 67.0
33.533533533533536, 35.40292176574612, 818.1015790240789, 14.969737130725088, 67.0
33.633633633633636, 35.393876900214536, 817.098209363771, 14.9698321473218, 67.0
33.733733733733736, 35.38483113565865, 816.0957408573706, 14.969927105104642, 67.0
33.833833833833836, 35.375784471339884, 815.0941730530078, 14.97002200408927, 67.0
33.933933933933936, 35.366736906519655, 814.093505498813, 14.970116844291347, 67.0
34.034034034034036, 35.35768844045938, 813.0937377429161, 14.970211625726535, 67.0
34.13413413413413, 35.348639072420475, 812.0948693334474, 14.97030634841049, 67.0
34.234234234234236, 35.339588801664384, 811.0968998185372, 14.970401012358877, 67.0
34.334334334334336, 35.33053762745249, 810.0998287463158, 14.970495617587352, 67.0
34.434434434434436, 35.321485549046244, 809.1036556649134, 14.970590164111577, 67.0
34.53453453453454, 35.31243256904707, 808.1083801219432, 14.970684651947089, 67.0
34.63463463463464, 35.3033787151212, 807.1140016611395, 14.970779081108528, 67.0
34.73473473473474, 35.294324008799876, 806.1205198271857, 14.97087345161075, 67.0
34.83483483483484, 35.28526845052647, 805.1279341701512, 14.97096776346952, 67.0
34.93493493493494, 35.27621201260195, 804.1362442477441, 14.97106201670185, 67.0
35.03503503503504, 35.26715468414574, 803.1454496131113, 14.971156211324008, 67.0
35.13513513513514, 35.258096466802925, 802.1555498160845, 14.97125034735171, 67.0
35.23523523523524, 35.24903736273727, 801.1665444063588, 14.971344424800657, 67.0
35.33533533533534, 35.239977375677945, 800.1784323746679, 14.971438443706129, 67.0
35.43543543543544, 35.23091650058841, 799.1912148839446, 14.971532404027505, 67.0
35.53553553553554, 35.22185474935035, 798.2048899996707, 14.971626305832203, 67.0
35.63563563563564, 35.21279212094595, 797.2194572242134, 14.971720149137871, 67.0
35.73573573573574, 35.20372861452454, 796.2349161416674, 14.971813933959275, 67.0
35.83583583583584, 35.19466423008613, 795.2512667520324, 14.971907660296411, 67.0
35.93593593593594, 35.18559896763071, 794.2685090553083, 14.972001328149277, 67.0
36.03603603603604, 35.176532829058395, 793.286642200825, 14.97209493754792, 67.0
36.13613613613614, 35.16746581655737, 792.3056652089472, 14.972188488526932, 67.0
36.23623623623624, 35.158397930130306, 791.3255780784762, 14.972281981086354, 67.0
36.33633633633634, 35.1493291697772, 790.3463808094116, 14.972375415226193, 67.0
36.43643643643644, 35.140259529729626, 789.3680751412493, 14.97246879088485, 67.0
36.53653653653654, 35.131189035387926, 788.3906534144038, 14.972562108333525, 67.0
36.63663663663664, 35.12211766991597, 787.4141207058885, 14.972655367392457, 67.0
36.73673673673674, 35.1130454347998, 786.4384765675757, 14.972748568077519, 67.0
36.83683683683684, 35.10397233130613, 785.4637203988487, 14.972841710410142, 67.0
36.93693693693694, 35.09489836039683, 784.4898513871933, 14.972934794419505, 67.0
37.037037037037045, 35.0858235234152, 783.516868985224, 14.973027820125099, 67.0
37.13713713713714, 35.076747821717525, 782.544772654616, 14.973120787546081, 67.0
37.23723723723724, 35.06767125666013, 781.5735618570441, 14.97321369670162, 67.0
37.33733733733734, 35.05859382959932, 780.6032360541828, 14.973306547610868, 67.0
37.43743743743744, 35.049515541891395, 779.6337947077074, 14.97339934029299, 67.0
37.53753753753754, 35.04043639489268, 778.6652372792922, 14.973492074767146, 67.0
37.63763763763764, 35.03135638995948, 777.6975632306123, 14.973584751052496, 67.0
37.73773773773774, 35.02227552844809, 776.7307720233426, 14.9736773691682, 67.0
37.83783783783784, 35.01319381255199, 775.7648632507896, 14.973769929128924, 67.0
37.93793793793794, 35.00411124607779, 774.7998367599188, 14.973862430940658, 67.0
38.03803803803804, 34.99502783107188, 773.8356921209123, 14.973954874618862, 67.0
38.138138138138146, 34.985943569478394, 772.8724288878723, 14.97404726017953, 67.0
38.23823823823824, 34.97685846324143, 771.9100466148998, 14.974139587638671, 67.0
38.33833833833834, 34.9677725143051, 770.9485448560965, 14.974231857012285, 67.0
38.43843843843844, 34.95868572461354, 769.9879231655639, 14.974324068316372, 67.0
38.53853853853854, 34.94959809611085, 769.0281810974034, 14.974416221566939, 67.0
38.63863863863864, 34.94050963074113, 768.0693182057167, 14.974508316779986, 67.0
38.73873873873874, 34.93142033044853, 767.1113340446051, 14.974600353971514, 67.0
38.83883883883884, 34.922330194279354, 766.1542281709782, 14.974692333157813, 67.0
38.93893893893894, 34.913239213744106, 765.198000149048, 14.974784254355901, 67.0
39.03903903903905, 34.90414738767897, 764.2426495359273, 14.974876117582088, 67.0
39.13913913913914, 34.895054715575405, 763.2881758880948, 14.974967922852613, 67.0
39.23923923923925, 34.88596119692484, 762.3345787620283, 14.97505967018372, 67.0
39.33933933933934, 34.87686683121871, 761.3818577142063, 14.97515135959165, 67.0
39.43943943943944, 34.86777161794847, 760.4300123011068, 14.975242991092648, 67.0
39.53953953953954, 34.85867555660554, 759.479042079208, 14.975334564702953, 67.0
39.63963963963964, 34.84957864668138, 758.5289466049882, 14.975426080438808, 67.0
39.73973973973974, 34.84048088766741, 757.5797254349255, 14.975517538316456, 67.0
39.83983983983984, 34.83138228419843, 756.6313781248083, 14.97560893835196, 67.0
39.93993993993995, 34.82228286467245, 755.6839042272369, 14.975700280560554, 67.0
40.04004004004004, 34.81318264926672, 754.7373032959345, 14.975791564957758, 67.0
40.14014014014015, 34.80408163005531, 753.7915748918662, 14.975882791560323, 67.0
40.24024024024024, 34.79497978658089, 752.8467185793262, 14.975973960385561, 67.0
40.34034034034035, 34.78587711167241, 751.9027339191027, 14.976065071450192, 67.0
40.44044044044044, 34.77677360975276, 750.9596204690295, 14.976156124770428, 67.0
40.54054054054054, 34.76766928837316, 750.017376695573, 14.976247120403007, 67.0
40.64064064064064, 34.75856413114579, 749.0760052062955, 14.976338058251587, 67.0
40.74074074074074, 34.74945815803329, 748.1355029594499, 14.976428938428517, 67.0
40.84084084084085, 34.740351368948524, 747.1958698188141, 14.976519760938912, 67.0
40.94094094094094, 34.731243763447914, 746.2571050910003, 14.97661052580881, 67.0
41.04104104104105, 34.722135341469325, 745.3192086789011, 14.97670123304186, 67.0
41.14114114114114, 34.71302610301278, 744.3821805825161, 14.976791882638063, 67.0
41.24124124124125, 34.703916048401844, 743.4460207047892, 14.976882474601046, 67.0
41.34134134134134, 34.69480518208334, 742.5107277119528, 14.976973008980728, 67.0
41.44144144144145, 34.68569350547306, 741.5763011793557, 14.977063485793, 67.0
41.54154154154154, 34.676581018571, 740.6427411069981, 14.977153905037861, 67.0
41.64164164164164, 34.66746769886197, 739.7100525816966, 14.977244266524277, 67.0
41.74174174174174, 34.65835360911145, 738.7782214229595, 14.977334570784794, 67.0
41.84184184184184, 34.64923871121653, 737.8472562393067, 14.977424817496123, 67.0
41.94194194194195, 34.640123007121126, 736.9171565915568, 14.977515006674752, 67.0
42.04204204204204, 34.631006498769125, 735.9879220405287, 14.977605138337179, 67.0
42.14214214214215, 34.62188918810452, 735.0595519558775, 14.977695212507314, 67.0
42.24224224224224, 34.61277107707139, 734.132045549663, 14.977785229215188, 67.0
42.34234234234235, 34.60365216761371, 733.2054022853387, 14.977875188481072, 67.0
42.44244244244244, 34.5945324616754, 732.2796216293239, 14.977965090325124, 67.0
42.54254254254254, 34.58541196120041, 731.3547030480378, 14.978054934767503, 67.0
42.64264264264264, 34.5762906681327, 730.4306460078994, 14.978144721828361, 67.0
42.74274274274274, 34.56716858441621, 729.507449975328, 14.978234451527863, 67.0
42.84284284284285, 34.55804571199489, 728.5851144167425, 14.978324123886159, 67.0
42.94294294294294, 34.548922052812685, 727.6636387985623, 14.978413738923411, 67.0
43.04304304304305, 34.5397976088446, 726.743022592995, 14.978503296659564, 67.0
43.14314314314314, 34.530672383765776, 725.8232655891416, 14.978592797103131, 67.0
43.24324324324325, 34.52154638088993, 724.9043675087368, 14.978682240265051, 67.0
43.34334334334334, 34.5124196026812, 723.9863279151601, 14.978771626161988, 67.0
43.44344344344345, 34.50329205160374, 723.0691463717909, 14.978860954810592, 67.0
43.54354354354354, 34.49416373012168, 722.1528224420088, 14.978950226227525, 67.0
43.64364364364364, 34.485034640699155, 721.237355689193, 14.979039440429444, 67.0
43.74374374374375, 34.47590478580032, 720.3227456767232, 14.979128597433007, 67.0
43.84384384384384, 34.46677416788931, 719.408991967979, 14.97921769725487, 67.0
43.94394394394395, 34.45764278943027, 718.4960941263395, 14.97930673991169, 67.0
44.04404404404404, 34.44851065173427, 717.5840517163723, 14.979395725420249, 67.0
44.14414414414415, 34.43937774693273, 716.6728643121004, 14.979484653798284, 67.0
44.24424424424424, 34.43024407299073, 715.762531481538, 14.979573525062927, 67.0
44.34434434434435, 34.42110962983142, 714.8530527906818, 14.979662339231098, 67.0
44.44444444444444, 34.41197441737795, 713.944427805529, 14.979751096319722, 67.0
44.54454454454455, 34.40283843555346, 713.0366560920764, 14.979839796345725, 67.0
44.64464464464465, 34.393701684281105, 712.1297372163211, 14.979928439326029, 67.0
44.74474474474474, 34.384564163484036, 711.2236707442601, 14.98001702527756, 67.0
44.84484484484485, 34.375425873085405, 710.3184562418902, 14.98010555421724, 67.0
44.94494494494494, 34.36628681300835, 709.4140932752083, 14.98019402616199, 67.0
45.04504504504505, 34.357147505004534, 708.5105281532724, 14.980282443201503, 67.0
45.14514514514514, 34.34800678023178, 707.607882759953, 14.980370800591858, 67.0
45.24524524524525, 34.338865347398084, 706.706084122958, 14.98045910117319, 67.0
45.34534534534534, 34.32972320650345, 705.8051322422875, 14.980547344945494, 67.0
45.44544544544545, 34.32058035754789, 704.9050271179416, 14.980635531908778, 67.0
45.545545545545544, 34.31143680053139, 704.0057687499199, 14.980723662063033, 67.0
45.64564564564565, 34.30229253545395, 703.1073571382227, 14.980811735408267, 67.0
45.74574574574575, 34.29314756231558, 702.20979228285, 14.980899751944474, 67.0
45.845845845845844, 34.284001881116275, 701.3130741838017, 14.980987711671656, 67.0
45.94594594594595, 34.27485549185603, 700.417202841078, 14.981075614589814, 67.0
46.046046046046044, 34.26570837543821, 699.5221778272628, 14.981163460717582, 67.0
46.14614614614615, 34.25656051001918, 698.6279986534572, 14.981251250076271, 67.0
46.246246246246244, 34.24741189557466, 697.7346653191183, 14.981338982665909, 67.0
46.34634634634635, 34.23826253210466, 696.8421778242459, 14.981426658486495, 67.0
46.446446446446444, 34.22911242383136, 695.9505358226157, 14.98151427755172, 67.0
46.54654654654655, 34.2199615876602, 695.0597379279586, 14.981601839916419, 67.0
46.64664664664665, 34.21081002535589, 694.1697839955657, 14.981689345586314, 67.0
46.74674674674675, 34.20165773691843, 693.2806740254374, 14.981776794561405, 67.0
46.84684684684685, 34.19250472292454, 692.3924079594916, 14.981864186844012, 67.0
46.946946946946944, 34.18335099614404, 691.5049845116743, 14.9819515224855, 67.0
47.04704704704705, 34.17419656181667, 690.6184031542908, 14.982038801506947, 67.0
47.147147147147145, 34.165041419942405, 689.7326638873411, 14.982126023908354, 67.0
47.24724724724725, 34.155885570521264, 688.8477667108252, 14.982213189689716, 67.0
47.347347347347345, 34.14672901614072, 687.9637107978306, 14.98230029888463, 67.0
47.44744744744745, 34.13757176069471, 687.0804949039097, 14.98238735154365, 67.0
47.54754754754755, 34.12841380422207, 686.1981190166572, 14.982474347667281, 67.0
47.64764764764765, 34.11925514672281, 685.3165831360733, 14.982561287255521, 67.0
47.74774774774775, 34.11009578819691, 684.435887262158, 14.982648170308371, 67.0
47.84784784784785, 34.100935730185846, 683.5560311064962, 14.982734996837602, 67.0
47.94794794794795, 34.09177498191021, 682.677012943871, 14.982821766913597, 67.0
48.048048048048045, 34.08261354490212, 681.7988324876226, 14.982908480548055, 67.0
48.14814814814815, 34.073451419161536, 680.9214897377511, 14.982995137740977, 67.0
48.248248248248245, 34.064288604688485, 680.0449846942565, 14.98308173849236, 67.0
48.34834834834835, 34.05512504198994, 679.169327781305, 14.983168282373653, 67.0
48.44844844844845, 34.04596088589151, 678.294491870874, 14.983254770500128, 67.0
48.54854854854855, 34.036796043758365, 677.4204931941265, 14.983341202204503, 67.0
48.64864864864865, 34.027630518019514, 676.5473313254594, 14.98342757750427, 67.0
48.74874874874875, 34.018464311103976, 675.6750058392695, 14.983513896416925, 67.0
48.84884884884885, 34.009297425440764, 674.8035163099537, 14.983600158959971, 67.0
48.94894894894895, 34.00012986426535, 673.9328621560553, 14.983686365157487, 67.0
49.04904904904905, 33.99096163251868, 673.0630424665286, 14.983772515047496, 67.0
49.149149149149146, 33.981792733417066, 672.194056663626, 14.983858608653927, 67.0
49.24924924924925, 33.97262317006422, 671.3259041913509, 14.983944645999784, 67.0
49.349349349349346, 33.96345294556389, 670.4585844937064, 14.984030627108083, 67.0
49.44944944944945, 33.954282063019804, 669.5920970146958, 14.984116552001828, 67.0
49.54954954954955, 33.94511052553571, 668.7264411983222, 14.98420242070403, 67.0
49.64964964964965, 33.93593833621535, 667.8616164885889, 14.9842882332377, 67.0
49.74974974974975, 33.926765498162446, 666.9976223294991, 14.984373989625844, 67.0
49.84984984984985, 33.91759201503352, 666.134458473093, 14.984459689879214, 67.0
49.94994994994995, 33.90841789066205, 665.2721247700294, 14.984545334004634, 67.0
50.050050050050054, 33.89924312839127, 664.4106207977712, 14.984630922019804, 67.0
50.150150150150154, 33.89006773156437, 663.5499461337612, 14.984716453942415, 67.0
50.25025025025025, 33.88089170352456, 662.6901003554419, 14.984801929790173, 67.0
50.350350350350354, 33.87171504761502, 661.831083040256, 14.984887349580774, 67.0
50.450450450450454, 33.86253776717894, 660.972893765646, 14.984972713331913, 67.0
50.550550550550554, 33.85335986555954, 660.1155321090546, 14.985058021061295, 67.0
50.650650650650654, 33.84418134576055, 659.2589976483314, 14.985143272786654, 67.0
50.750750750750754, 33.835002203717586, 658.4032899698032, 14.985228468526612, 67.0
50.850850850850854, 33.82582243809356, 657.5484086565252, 14.985313608299453, 67.0
50.950950950950954, 33.81664205002325, 656.694353288589, 14.985398692123148, 67.0
51.051051051051054, 33.80746104064141, 655.8411234460856, 14.985483720015667, 67.0
51.15115115115115, 33.7982794110828, 654.9887187091063, 14.985568691994988, 67.0
51.251251251251254, 33.7890971624822, 654.1371386577418, 14.985653608079081, 67.0
51.351351351351354, 33.77991429597436, 653.286382872084, 14.985738468285922, 67.0
51.451451451451454, 33.77073081269404, 652.4364509322237, 14.98582327263348, 67.0
51.551551551551555, 33.76154690155484, 651.5873040702688, 14.985908022799823, 67.0
51.651651651651655, 33.75236213223912, 650.7390309669235, 14.985992714946816, 67.0
51.751751751751755, 33.743176769582504, 649.8915774523144, 14.986077351419395, 67.0
51.851851851851855, 33.73399081358499, 649.0449435264418, 14.986161932217556, 67.0
51.951951951951955, 33.724804264246565, 648.1991291893055, 14.9862464573413, 67.0
52.052052052052055, 33.715617121567234, 647.3541344409056, 14.986330926790625, 67.0
52.152152152152155, 33.706429385547004, 646.5099592812419, 14.986415340565536, 67.0
52.252252252252255, 33.697241056185874, 645.6666037103146, 14.98649969866603, 67.0
52.352352352352355, 33.68805213348384, 644.8240677281237, 14.986584001092105, 67.0
52.452452452452455, 33.67886262543364, 643.9823510286978, 14.98666824785708, 67.0
52.552552552552555, 33.66967254824065, 643.1414529916759, 14.986752438987956, 67.0
52.652652652652655, 33.66048190237378, 642.3013735991074, 14.986836574485515, 67.0
52.752752752752755, 33.65129068783303, 641.4621128509925, 14.986920654349754, 67.0
52.852852852852855, 33.64209890494799, 640.6236706854112, 14.987004678583416, 67.0
52.952952952952955, 33.63290656065481, 639.7860457992707, 14.987088647244153, 67.0
53.053053053053056, 33.62371365773214, 638.9492376705481, 14.987172560355061, 67.0
53.153153153153156, 33.61452019617997, 638.1132462992434, 14.987256417916141, 67.0
53.253253253253256, 33.6053261759983, 637.2780716853568, 14.987340219927395, 67.0
53.353353353353356, 33.59613160024742, 636.4437133579671, 14.987423966409786, 67.0
53.453453453453456, 33.58693647757627, 635.6101699861603, 14.98750765742257, 67.0
53.553553553553556, 33.57774080850875, 634.7774414893195, 14.98759129296934, 67.0
53.653653653653656, 33.56854459304485, 633.9455278674449, 14.987674873050093, 67.0
53.753753753753756, 33.55934783135579, 633.1144290965775, 14.987758397665905, 67.0
53.853853853853856, 33.55015053207536, 632.2841439686258, 14.98784186687095, 67.0
53.953953953953956, 33.54095270002987, 631.45467180826, 14.987925280695512, 67.0
54.054054054054056, 33.53175433521933, 630.62601261548, 14.988008639139595, 67.0
54.154154154154156, 33.52255543764374, 629.7981663902858, 14.988091942203194, 67.0
54.254254254254256, 33.513356008939034, 628.9711329243786, 14.988175189895722, 67.0
54.354354354354356, 33.50415606046699, 628.144910771097, 14.988258382282531, 67.0
54.454454454454456, 33.49495559440465, 627.3194996532437, 14.988341519376142, 67.0
54.55455455455456, 33.48575461075202, 626.4948995708189, 14.98842460117656, 67.0
54.65465465465466, 33.47655310950909, 625.6711105238227, 14.988507627683777, 67.0
54.75475475475476, 33.467351062411126, 624.8481360734435, 14.988590598735568, 67.0
54.85485485485486, 33.45814856463685, 624.0259642277309, 14.988673514878226, 67.0
54.95495495495496, 33.44894555503806, 623.204602690993, 14.988756375760781, 67.0
55.05505505505506, 33.43974203687193, 622.3840510528462, 14.988839181401927, 67.0
55.155155155155164, 33.4305380134063, 621.5643089015217, 14.988921931820425, 67.0
55.25525525525526, 33.42133349016704, 620.7453755326113, 14.989004627048821, 67.0
55.35535535535536, 33.412128472697624, 619.9272502394228, 14.989087267119768, 67.0
55.45545545545546, 33.40292296507969, 619.1099325047222, 14.989169852056996, 67.0
55.55555555555556, 33.39371697139485, 618.293421811275, 14.989252381884231, 67.0
55.65565565565566, 33.38451049572475, 617.477717641847, 14.989334856625202, 67.0
55.75575575575576, 33.37530354215099, 616.662819479204, 14.989417276303637, 67.0
55.85585585585586, 33.36609611475521, 615.8487268061116, 14.989499640943267, 67.0
55.95595595595596, 33.35688821761903, 615.0354391053357, 14.989581950567818, 67.0
56.056056056056065, 33.34767985484781, 614.2229558654216, 14.989664205200768, 67.0
56.15615615615616, 33.33847103190823, 613.4112769064174, 14.989746404851168, 67.0
56.256256256256265, 33.329261754013636, 612.6004019866886, 14.989828549530761, 67.0
56.35635635635636, 33.320052025698175, 611.7903306991959, 14.989910639258474, 67.0
56.45645645645646, 33.31084185149598, 610.9810626368999, 14.989992674053244, 67.0
56.55655655655656, 33.301631235941194, 610.1725973927618, 14.990074653934007, 67.0
56.65665665665666, 33.29242018356796, 609.3649345597416, 14.990156578919693, 67.0
56.75675675675676, 33.28320869891041, 608.5580737308009, 14.990238449029238, 67.0
56.85685685685686, 33.273996786502664, 607.7520144988998, 14.990320264281577, 67.0
56.956956956956965, 33.264784450634934, 606.9467564573573, 14.990402024695674, 67.0
57.05705705705706, 33.255571689025416, 606.1422992091365, 14.990483730291523, 67.0
57.157157157157165, 33.24635850159135, 605.3386423539731, 14.990565381088755, 67.0
57.25725725725726, 33.23714489081496, 604.5357854878392, 14.990646977106627, 67.0
57.357357357357365, 33.22793085917847, 603.7337282067068, 14.990728518364381, 67.0
57.45745745745746, 33.21871640916411, 602.9324701065475, 14.990810004881274, 67.0
57.55755755755756, 33.209501543254106, 602.1320107833334, 14.990891436676547, 67.0
57.65765765765766, 33.200286263930685, 601.3323498330363, 14.990972813769456, 67.0
57.75775775775776, 33.19107057367607, 600.5334868516283, 14.991054136179248, 67.0
57.85785785785786, 33.18185480926234, 599.7353785776926, 14.9911354059985, 67.0
57.95795795795796, 33.17263820382183, 598.9381235857895, 14.991216618459324, 67.0
58.058058058058066, 33.163421222506415, 598.1416623035343, 14.991297776443897, 67.0
58.15815815815816, 33.15420386531607, 597.3459947309271, 14.991378879952213, 67.0
58.258258258258266, 33.14498613225081, 596.5511208679678, 14.991459928984277, 67.0
58.35835835835836, 33.13576802331062, 595.7570407146565, 14.99154092354009, 67.0
58.45845845845846, 33.12654953849551, 594.9637542709929, 14.991621863619649, 67.0
58.558558558558566, 33.117330677805484, 594.1712615369772, 14.991702749222954, 67.0
58.65865865865866, 33.10811144124053, 593.3795625126096, 14.991783580350006, 67.0
58.75875875875876, 33.09889183059401, 592.5886571293283, 14.991864357004184, 67.0
58.858858858858866, 33.0896718639773, 591.7985446947162, 14.99194507921963, 67.0
58.958958958958966, 33.08045154609272, 591.0092250289997, 14.9920257470052, 67.0
59.05905905905906, 33.07123087694024, 590.2206981321789, 14.9921063603609, 67.0
59.15915915915916, 33.06200985651989, 589.4329640042537, 14.992186919286729, 67.0
59.25925925925927, 33.052788488671574, 588.6460222503117, 14.99226742380227, 67.0
59.35935935935937, 33.04356678673928, 587.8598714980048, 14.992347873975593, 67.0
59.45945945945946, 33.03434475186196, 587.0745116301989, 14.99242826981251, 67.0
59.55955955955956, 33.02512238403961, 586.2899426468941, 14.992508611313017, 67.0
59.65965965965967, 33.01589968327223, 585.5061645480903, 14.992588898477113, 67.0
59.75975975975976, 33.006676657864176, 584.7231765508724, 14.99266913134397, 67.0
59.85985985985986, 32.997453319358975, 583.9409775669413, 14.99274930996803, 67.0
59.95995995995997, 32.98822966783197, 583.1595675891941, 14.992829434349652, 67.0
60.06006006006007, 32.979005703283164, 582.3789466176311, 14.99290950448883, 67.0
60.16016016016016, 32.96978142602931, 581.5991146211306, 14.992989520387145, 67.0
60.26026026026026, 32.960556848905554, 580.8200703385763, 14.99306948210836, 67.0
60.36036036036037, 32.951331978605914, 580.0418131122527, 14.993149389685739, 67.0
60.46046046046047, 32.94210681513037, 579.2643429421599, 14.993229243119282, 67.0
60.56056056056056, 32.93288135847894, 578.487659828298, 14.993309042408987, 67.0
60.66066066066066, 32.9236556086761, 577.7117637685986, 14.993388787554958, 67.0
60.76076076076077, 32.91442957873142, 576.9366536645964, 14.993468478613215, 67.0
60.86086086086086, 32.90520327956167, 576.1623285945343, 14.99354811563076, 67.0
60.96096096096096, 32.895976711166824, 575.3887885584124, 14.993627698607598, 67.0
61.06106106106107, 32.886749873546904, 574.6160335562306, 14.993707227543728, 67.0
61.16116116116117, 32.877522766701894, 573.8440635879889, 14.993786702439147, 67.0
61.26126126126126, 32.86829534198437, 573.0728827370274, 14.993866123083341, 67.0
61.36136136136136, 32.85906776313966, 572.3024772589828, 14.9939454901849, 67.0
61.46146146146147, 32.84983992400726, 571.5328560646959, 14.994024803284425, 67.0
61.56156156156157, 32.840611829262066, 570.7640187617685, 14.994104062402146, 67.0
61.66166166166166, 32.831383483578975, 569.9959649578018, 14.994183267558293, 67.0
61.76176176176177, 32.822154893843475, 569.2286940993539, 14.994262418781664, 67.0
61.86186186186187, 32.81292607055874, 568.4622053694383, 14.99434151611507, 67.0
61.96196196196196, 32.80369702031064, 567.6964982364409, 14.994420559586146, 67.0
62.06206206206206, 32.79446774952008, 566.9315721807667, 14.994499549221889, 67.0
62.16216216216217, 32.78523826460796, 566.16742668282, 14.994578485049294, 67.0
62.26226226226227, 32.77600857199519, 565.4040612230057, 14.994657367095357, 67.0
62.36236236236236, 32.766778678102675, 564.6414752817284, 14.994736195387073, 67.0
62.46246246246246, 32.75754858935131, 563.8796683393929, 14.994814969951438, 67.0
62.56256256256257, 32.74831831083434, 563.1186401201337, 14.994893690803432, 67.0
62.66266266266267, 32.73908784684054, 562.3583904957761, 14.99497235795076, 67.0
62.76276276276276, 32.72985720307213, 561.5989190786571, 14.995050971413908, 67.0
62.86286286286287, 32.72062638523673, 560.840225480126, 14.99512953121342, 67.0
62.96296296296297, 32.71139539904195, 560.0823093115324, 14.99520803736984, 67.0
63.06306306306306, 32.70216425019542, 559.3251701842252, 14.995286489903707, 67.0
63.16316316316316, 32.69293294440477, 558.568807709554, 14.995364888835558, 67.0
63.26326326326327, 32.68370148733487, 557.8132214989249, 14.995443234185947, 67.0
63.36336336336337, 32.674469878922714, 557.0584111714304, 14.995521525976294, 67.0
63.46346346346346, 32.665238119217655, 556.3043763460113, 14.995599764228013, 67.0
63.56356356356356, 32.65600621164101, 555.5511166370842, 14.99567794896199, 67.0
63.66366366366367, 32.64677415961408, 554.7986316590662, 14.995756080199122, 67.0
63.76376376376377, 32.63754196655816, 554.0469210263742, 14.995834157960296, 67.0
63.86386386386386, 32.62830963589458, 553.2959843534251, 14.995912182266407, 67.0
63.96396396396397, 32.61907717104462, 552.5458212546354, 14.995990153138345, 67.0
64.06406406406407, 32.609844575660176, 551.7964313446785, 14.99606807059702, 67.0
64.16416416416416, 32.600611858457114, 551.0478142438501, 14.996145934663781, 67.0
64.26426426426426, 32.59137902637642, 550.2999695704758, 14.996223745359819, 67.0
64.36436436436438, 32.58214608458654, 549.5528969409122, 14.996301502706178, 67.0
64.46446446446447, 32.5729130382559, 548.8065959715163, 14.996379206723894, 67.0
64.56456456456456, 32.56367989255293, 548.0610662786453, 14.996456857434012, 67.0
64.66466466466467, 32.55444665264607, 547.3163074786556, 14.996534454857574, 67.0
64.76476476476478, 32.545213323703756, 546.5723191879047, 14.99661199901562, 67.0
64.86486486486487, 32.53597991144466, 545.8291010234632, 14.996689489929249, 67.0
64.96496496496496, 32.52674642628204, 545.086652608496, 14.996766927620053, 67.0
65.06506506506507, 32.51751287594422, 544.3449735626825, 14.99684431210934, 67.0
65.16516516516516, 32.50827926716527, 543.6040635044118, 14.99692164341832, 67.0
65.26526526526527, 32.499045606679296, 542.863922052073, 14.996998921568194, 67.0
65.36536536536536, 32.489811901220364, 542.1245488240553, 14.99707614658017, 67.0
65.46546546546547, 32.480578157522565, 541.3859434387474, 14.997153318475451, 67.0
65.56556556556556, 32.471344382319984, 540.6481055145388, 14.997230437275245, 67.0
65.66566566566567, 32.462110581676164, 539.9110346717514, 14.997307503000961, 67.0
65.76576576576578, 32.452876758905035, 539.174730538634, 14.997384515674844, 67.0
65.86586586586587, 32.44364291942126, 538.4391927373794, 14.997461475318499, 67.0
65.96596596596596, 32.43440906897452, 537.7044208892145, 14.99753838195343, 67.0
66.06606606606607, 32.425175213314496, 536.970414615366, 14.997615235601142, 67.0
66.16616616616618, 32.41594135819089, 536.2371735370612, 14.997692036283143, 67.0
66.26626626626627, 32.40670750935337, 535.5046972755268, 14.997768784020932, 67.0
66.36636636636636, 32.39747367255163, 534.7729854519898, 14.997845478836021, 67.0
66.46646646646647, 32.38823985287537, 534.0420376907637, 14.99792212075023, 67.0
66.56656656656658, 32.379006054082595, 533.3118536223906, 14.997998709786037, 67.0
66.66666666666667, 32.36977228125755, 532.5824328712098, 14.99807524596527, 67.0
66.76676676676676, 32.360538539563365, 531.8537750611913, 14.998151729309722, 67.0
66.86686686686687, 32.351304834163166, 531.1258798163053, 14.998228159841183, 67.0
66.96696696696698, 32.34207117022011, 530.3987467605223, 14.998304537581442, 67.0
67.06706706706707, 32.33283755289732, 529.6723755178123, 14.99838086255229, 67.0
67.16716716716716, 32.32360398735794, 528.9467657121454, 14.998457134775519, 67.0
67.26726726726727, 32.31437048054325, 528.2219169713173, 14.998533354273274, 67.0
67.36736736736736, 32.305137040888695, 527.497828926339, 14.998609521067992, 67.0
67.46746746746747, 32.29590367463387, 526.7745012034965, 14.998685635181682, 67.0
67.56756756756758, 32.2866703879956, 526.0519334290267, 14.998761696636343, 67.0
67.66766766766767, 32.277437187190706, 525.330125229167, 14.998837705453976, 67.0
67.76776776776777, 32.26820407843603, 524.6090762301548, 14.998913661656582, 67.0
67.86786786786787, 32.25897106794836, 523.8887860582269, 14.998989565266157, 67.0
67.96796796796798, 32.24973816194831, 523.1692543396343, 14.99906541630471, 67.0
68.06806806806807, 32.240505368200715, 522.4504807062923, 14.999141214794788, 67.0
68.16816816816817, 32.231272694640154, 521.7324647907383, 14.999216960759016, 67.0
68.26826826826826, 32.22204014814072, 521.0152062216201, 14.999292654219628, 67.0
68.36836836836838, 32.21280773557653, 520.2987046275858, 14.99936829519886, 67.0
68.46846846846847, 32.20357546382173, 519.5829596372836, 14.999443883718948, 67.0
68.56856856856857, 32.194343339750404, 518.8679708793611, 14.999519419802128, 67.0
68.66866866866867, 32.18511137023669, 518.1537379824666, 14.99959490347064, 67.0
68.76876876876878, 32.17587956212434, 517.4402605754965, 14.999670334746742, 67.0
68.86886886886887, 32.166647921314365, 516.7275382950594, 14.999745713653528, 67.0
68.96896896896897, 32.15741645396831, 516.0155707756329, 14.99982104021386, 67.0
69.06906906906907, 32.148185166626, 515.3043576485998, 14.999896314450263, 67.0
69.16916916916917, 32.13895406582729, 514.5938985453427, 14.999971536385273, 67.0
69.26926926926927, 32.12972315811201, 513.8841930972441, 15.000046706041413, 67.0
69.36936936936938, 32.12049245002001, 513.1752409356867, 15.000121823441217, 67.0
69.46946946946947, 32.111261948091126, 512.4670416920533, 15.000196888607215, 67.0
69.56956956956957, 32.10203165887236, 511.75959499846925, 15.000271901562018, 67.0
69.66966966966967, 32.092801588987136, 511.0529004949925, 15.000346862329074, 67.0
69.76976976976978, 32.08357174501934, 510.34695781757785, 15.000421770931405, 67.0
69.86986986986987, 32.07434213353429, 509.6417666002513, 15.000496627391824, 67.0
69.96996996996997, 32.06511276109728, 508.93732647703854, 15.000571431733142, 67.0
70.07007007007007, 32.055883634273634, 508.23363708196524, 15.000646183978168, 67.0
70.17017017017018, 32.04665475962863, 507.53069804905726, 15.000720884149718, 67.0
70.27027027027027, 32.03742614372761, 506.82850901234053, 15.000795532270601, 67.0
70.37037037037037, 32.02819779349288, 506.12706960727945, 15.000870128363779, 67.0
70.47047047047047, 32.01896971761813, 505.4263794764766, 15.00094467245296, 67.0
70.57057057057058, 32.00974192353703, 504.7264382574572, 15.001019164561319, 67.0
70.67067067067067, 32.00051441842997, 504.0272455867256, 15.00109360471193, 67.0
70.77077077077077, 31.991287209477342, 503.3288011007863, 15.001167992927861, 67.0
70.87087087087087, 31.982060303859527, 502.63110443614363, 15.001242329232184, 67.0
70.97097097097098, 31.972833708756912, 501.93415522930223, 15.001316613647969, 67.0
71.07107107107107, 31.963607431349903, 501.2379531167663, 15.001390846198287, 67.0
71.17117117117117, 31.95438147915463, 500.5424977375989, 15.001465026906484, 67.0
71.27127127127127, 31.945155860513765, 499.8477887371609, 15.001539155796596, 67.0
71.37137137137137, 31.935930583007153, 499.15382575500087, 15.00161323289202, 67.0
71.47147147147147, 31.926705654153295, 498.46060843019956, 15.001687258216108, 67.0
71.57157157157158, 31.9174810814707, 497.7681364018377, 15.001761231792212, 67.0
71.67167167167167, 31.908256872477864, 497.07640930899646, 15.00183515364368, 67.0
71.77177177177177, 31.899033034693296, 496.3854267907566, 15.001909023793864, 67.0
71.87187187187187, 31.889809575635496, 495.6951884861989, 15.001982842266113, 67.0
71.97197197197198, 31.880586502838025, 495.0056940375265, 15.002056609084129, 67.0
72.07207207207207, 31.871363823853667, 494.31694309093075, 15.002130324272064, 67.0
72.17217217217217, 31.86214154621576, 493.62893528856847, 15.002203987853616, 67.0
72.27227227227228, 31.852919677457226, 492.94167027251183, 15.002277599852473, 67.0
72.37237237237238, 31.843698225111, 492.2551476848335, 15.002351160292317, 67.0
72.47247247247248, 31.834477196757337, 491.56936716848827, 15.002424669196945, 67.0
72.57257257257257, 31.825256600124487, 490.884328369191, 15.002498126590455, 67.0
72.67267267267268, 31.816036442834967, 490.20003093068453, 15.00257153249673, 67.0
72.77277277277278, 31.806816732499808, 489.5164744964981, 15.002644886939626, 67.0
72.87287287287288, 31.79759747673006, 488.8336587101604, 15.002718189942996, 67.0
72.97297297297297, 31.78837868323997, 488.1515832156915, 15.002791441530752, 67.0
73.07307307307308, 31.77916036049421, 487.47024766067926, 15.002864641727205, 67.0
73.17317317317318, 31.769942516581562, 486.78965169092476, 15.002937790556471, 67.0
73.27327327327328, 31.760725159466563, 486.1097949516378, 15.00301088804259, 67.0
73.37337337337338, 31.751508297113734, 485.4306770880282, 15.003083934209611, 67.0
73.47347347347348, 31.742291937505723, 484.75229774547006, 15.003156929081598, 67.0
73.57357357357357, 31.73307608901522, 484.0746565728683, 15.003229872683026, 67.0
73.67367367367368, 31.723860759919383, 483.3977532182633, 15.003302765038269, 67.0
73.77377377377378, 31.714645958374014, 482.7215873285965, 15.00337560617157, 67.0
73.87387387387388, 31.70543169253492, 482.0461585508098, 15.003448396107183, 67.0
73.97397397397397, 31.696217970558717, 481.371466531856, 15.003521134869352, 67.0
74.07407407407409, 31.687004800813817, 480.6975109216795, 15.003593822482681, 67.0
74.17417417417418, 31.677792191706146, 480.02429137075416, 15.00366645897184, 67.0
74.27427427427428, 31.668580151514924, 479.3518075277648, 15.003739044361275, 67.0
74.37437437437437, 31.659368688519372, 478.68005904139574, 15.003811578675448, 67.0
74.47447447447448, 31.650157810998714, 478.0090455603318, 15.003884061938809, 67.0
74.57457457457458, 31.640947527367306, 477.3387667345437, 15.003956494175965, 67.0
74.67467467467468, 31.631737846387843, 476.66922221731744, 15.004028875411928, 67.0
74.77477477477477, 31.622528776550936, 476.00041165934954, 15.00410120567139, 67.0
74.87487487487488, 31.613320326325095, 475.332334711126, 15.004173484979022, 67.0
74.97497497497498, 31.604112504178826, 474.6649910231332, 15.004245713359497, 67.0
75.07507507507508, 31.59490531861025, 473.9983802461266, 15.004317890837514, 67.0
75.17517517517518, 31.585698778541037, 473.33250203471874, 15.004390017438249, 67.0
75.27527527527528, 31.576492892744987, 472.6673560421756, 15.004462093186714, 67.0
75.37537537537538, 31.567287669886934, 472.0029419207707, 15.004534118107795, 67.0
75.47547547547548, 31.558083118631718, 471.33925932277816, 15.00460609222638, 67.0
75.57557557557558, 31.548879247644177, 470.67630790047144, 15.004678015567363, 67.0
75.67567567567568, 31.539676065837185, 470.0140873085893, 15.004749888155933, 67.0
75.77577577577577, 31.53047358228304, 469.35259720345454, 15.004821710017488, 67.0
75.87587587587588, 31.521271805827073, 468.69183723913454, 15.004893481177135, 67.0
75.97597597597598, 31.51207074531417, 468.03180706969204, 15.004965201659987, 67.0
76.07607607607608, 31.50287040958921, 467.3725063491903, 15.005036871491155, 67.0
76.17617617617617, 31.49367080759222, 466.7139347326257, 15.005108490695868, 67.0
76.27627627627629, 31.48447194865399, 466.0560918788299, 15.00518005929984, 67.0
76.37637637637638, 31.475273841841375, 465.39897744404425, 15.005251577328462, 67.0
76.47647647647648, 31.466076496179138, 464.7425910840971, 15.005323044807062, 67.0
76.57657657657657, 31.456879920692042, 464.08693245481663, 15.005394461760982, 67.0
76.67667667667668, 31.447684124404844, 463.432001212031, 15.005465828215549, 67.0
76.77677677677679, 31.438489116574235, 462.7777970136601, 15.00553714419637, 67.0
76.87687687687688, 31.429294906773478, 462.1243195204788, 15.005608409729417, 67.0
76.97697697697699, 31.42010150424859, 461.4715683903105, 15.005679624840283, 67.0
77.07707707707708, 31.410908918237045, 460.81954328090194, 15.005750789554543, 67.0
77.17717717717719, 31.401717157976325, 460.16824384999967, 15.005821903897784, 67.0
77.27727727727728, 31.392526232705624, 459.51766975536606, 15.005892967895589, 67.0
77.37737737737739, 31.383336152041373, 458.8678206582465, 15.005963981573995, 67.0
77.47747747747748, 31.374146925650834, 458.2186962203564, 15.00603494495911, 67.0
77.57757757757759, 31.364958562976476, 457.5702961013348, 15.00610585807676, 67.0
77.67767767767768, 31.35577107346075, 456.92261996082095, 15.006176720952777, 67.0
77.77777777777779, 31.34658446654612, 456.27566745845417, 15.00624753361299, 67.0
77.87787787787788, 31.3373987517061, 455.6294382541632, 15.006318296083267, 67.0
77.97797797797797, 31.32821393887487, 454.98393201216925, 15.006389008390055, 67.0
78.0780780780781, 31.31903003782053, 454.3391483951458, 15.006459670559586, 67.0
78.17817817817819, 31.309847058187604, 453.6950870646154, 15.006530282617947, 67.0
78.27827827827828, 31.300665009620634, 453.0517476821003, 15.006600844591217, 67.0
78.37837837837837, 31.291483901764146, 452.40912990912267, 15.006671356505482, 67.0
78.4784784784785, 31.282303744365443, 451.767233408129, 15.006741818386946, 67.0
78.57857857857859, 31.273124547632865, 451.1260578457129, 15.006812230262389, 67.0
78.67867867867868, 31.263946321472428, 450.48560288574873, 15.006882592158215, 67.0
78.77877877877879, 31.254769075736053, 449.8458681916237, 15.00695290410076, 67.0
78.87887887887888, 31.24559282027566, 449.20685342672584, 15.007023166116365, 67.0
78.97897897897899, 31.236417564943157, 448.56855825444256, 15.007093378231364, 67.0
79.07907907907908, 31.227243319779067, 447.93098233981357, 15.007163540472327, 67.0
79.17917917917919, 31.218070095210656, 447.2941253512663, 15.007233652866296, 67.0
79.27927927927928, 31.20889790132356, 446.65798695423587, 15.007303715439898, 67.0
79.37937937937939, 31.199726748183977, 446.0225668139867, 15.00737372821973, 67.0
79.47947947947948, 31.190556645858077, 445.38786459578364, 15.007443691232393, 67.0
79.57957957957959, 31.181387604412063, 444.7538799648908, 15.007513604504487, 67.0
79.67967967967968, 31.172219634205767, 444.1206125891449, 15.007583468062982, 67.0
79.77977977977979, 31.163052745823883, 443.4880621383511, 15.007653281935127, 67.0
79.8798798798799, 31.153886949546283, 442.85622827964534, 15.007723046147788, 67.0
79.97997997997999, 31.144722255651224, 442.22511068014956, 15.007792760727837, 67.0
80.08008008008008, 31.135558674416988, 441.5947090069857, 15.00786242570213, 67.0
80.18018018018017, 31.126396216125524, 440.9650229273074, 15.00793204109755, 67.0
80.2802802802803, 31.117234891472286, 440.3360521118443, 15.008001606941484, 67.0
80.38038038038039, 31.108074711168765, 439.70779623146467, 15.008071123261345, 67.0
80.48048048048048, 31.098915685705784, 439.0802549551284, 15.008140590084274, 67.0
80.58058058058057, 31.08975782557418, 438.45342795179556, 15.008210007437405, 67.0
80.6806806806807, 31.08060114126478, 437.8273148904261, 15.008279375347872, 67.0
80.78078078078079, 31.071445643295668, 437.2019154402118, 15.008348693842848, 67.0
80.88088088088088, 31.062291342675625, 436.57722927451255, 15.008417962950126, 67.0
80.98098098098099, 31.053138250254964, 435.95325606534215, 15.008487182697303, 67.0
81.08108108108108, 31.043986376737863, 435.32999548347294, 15.008556353111786, 67.0
81.18118118118119, 31.034835732828476, 434.7074471996773, 15.008625474220983, 67.0
81.28128128128128, 31.02568632923098, 434.08561088472754, 15.008694546052299, 67.0
81.38138138138139, 31.016538176700436, 433.46448620981676, 15.008763568633208, 67.0
81.48148148148148, 31.00739128651209, 432.8440728504395, 15.008832541991849, 67.0
81.58158158158159, 30.99824566970406, 432.22437048012955, 15.008901466156052, 67.0
81.6816816816817, 30.989101337200847, 431.60537877148096, 15.008970341153509, 67.0
81.78178178178179, 30.979958299926967, 430.98709739708823, 15.009039167011903, 67.0
81.88188188188188, 30.970816568806928, 430.36952602954557, 15.009107943758925, 67.0
81.98198198198199, 30.961676154845108, 429.7526643421034, 15.00917667142237, 67.0
82.0820820820821, 30.952537069555284, 429.13651201219574, 15.00924535003069, 67.0
82.18218218218219, 30.9433993241605, 428.5210687148691, 15.009313979611967, 67.0
82.28228228228228, 30.934262929803396, 427.9063341245091, 15.009382560194167, 67.0
82.38238238238237, 30.925127897626616, 427.292307915502, 15.009451091805266, 67.0
82.4824824824825, 30.91599423877279, 426.6789897622334, 15.009519574473236, 67.0
82.58258258258259, 30.90686196450086, 426.06637934003095, 15.009588008226201, 67.0
82.68268268268268, 30.897731086553193, 425.45447632813676, 15.009656393092929, 67.0
82.78278278278279, 30.88860161634341, 424.84328040313073, 15.009724729101746, 67.0
82.8828828828829, 30.87947356523186, 424.2327912411616, 15.009793016280915, 67.0
82.98298298298299, 30.870346944578852, 423.6230085183778, 15.009861254658693, 67.0
83.08308308308308, 30.861221765744734, 423.0139319109281, 15.009929444263344, 67.0
83.18318318318319, 30.852098040251935, 422.40556109624737, 15.009997585123337, 67.0
83.28328328328328, 30.84297578006537, 421.79789575528304, 15.010065677267745, 67.0
83.38338338338339, 30.83385499679499, 421.1909355661646, 15.010133720725154, 67.0
83.48348348348348, 30.824735702018742, 420.5846802067679, 15.010201715524119, 67.0
83.58358358358359, 30.81561790731455, 419.97912935496845, 15.010269661693188, 67.0
83.68368368368368, 30.806501624260363, 419.37428268864215, 15.01033755926091, 67.0
83.78378378378379, 30.79738686461096, 418.7701398870272, 15.010405408256071, 67.0
83.8838838838839, 30.788273640563165, 418.1667006327681, 15.010473208708047, 67.0
83.98398398398399, 30.779161963947278, 417.5639646056852, 15.010540960645727, 67.0
84.08408408408408, 30.77005184656468, 416.961931485376, 15.010608664097957, 67.0
84.18418418418419, 30.76094330021674, 416.3606009514377, 15.010676319093585, 67.0
84.2842842842843, 30.751836336704848, 415.7599726834678, 15.01074392566146, 67.0
84.38438438438439, 30.742730968015472, 415.1600463624749, 15.010811483830683, 67.0
84.48448448448448, 30.733627206558186, 414.5608216726927, 15.010878993630934, 67.0
84.58458458458459, 30.724525064379694, 413.9622982955887, 15.010946455091393, 67.0
84.6846846846847, 30.715424553501855, 413.3644759124413, 15.01101386824121, 67.0
84.78478478478479, 30.706325685946513, 412.76735420452866, 15.011081233109538, 67.0
84.88488488488488, 30.69722847373553, 412.1709328531287, 15.011148549725524, 67.0
84.98498498498499, 30.688132929085533, 411.5752115409781, 15.011215818118588, 67.0
85.08508508508508, 30.67903906461969, 410.980189953857, 15.011283038318712, 67.0
85.18518518518519, 30.669946892600223, 410.3858677748431, 15.011350210355383, 67.0
85.28528528528528, 30.660856425268058, 409.792244686855, 15.011417334258052, 67.0
85.38538538538539, 30.651767674864114, 409.19932037281075, 15.011484410056177, 67.0
85.48548548548548, 30.642680653629338, 408.60709451562894, 15.011551437779206, 67.0
85.58558558558559, 30.63359537401193, 408.0155667997433, 15.011618417456885, 67.0
85.6856856856857, 30.624511848852983, 407.42473691245897, 15.011685349119519, 67.0
85.78578578578579, 30.615430090629637, 406.8346045384213, 15.011752232796887, 67.0
85.88588588588588, 30.606350111800776, 406.24516936214184, 15.011819068518754, 67.0
85.98598598598599, 30.597271924825268, 405.65643106813195, 15.011885856314878, 67.0
86.0860860860861, 30.588195542161987, 405.0683893409032, 15.011952596215021, 67.0
86.18618618618619, 30.579120976451136, 404.4810438662487, 15.0120192882492, 67.0
86.28628628628628, 30.570048240772813, 403.89439433306984, 15.012085932448054, 67.0
86.38638638638639, 30.56097734783628, 403.3084404276477, 15.012152528841698, 67.0
86.4864864864865, 30.55190831032284, 402.72318183606575, 15.012219077460207, 67.0
86.58658658658659, 30.54284114091377, 402.13861824440716, 15.012285578333659, 67.0
86.68668668668668, 30.533775852290372, 401.55474933875524, 15.012352031492126, 67.0
86.78678678678679, 30.524712457284725, 400.97157480624156, 15.012418436965904, 67.0
86.8868868868869, 30.515650969192542, 400.389094337221, 15.01248479478596, 67.0
86.98698698698699, 30.506591400951923, 399.80730761956215, 15.012551104982744, 67.0
87.08708708708708, 30.497533765462546, 399.2262143408665, 15.012617367586648, 67.0
87.18718718718719, 30.48847807562411, 398.6458141887356, 15.012683582628064, 67.0
87.28728728728728, 30.479424344336294, 398.0661068507711, 15.012749750137386, 67.0
87.38738738738739, 30.47037258462326, 397.4870920154193, 15.012815870145188, 67.0
87.4874874874875, 30.46132280999216, 396.90876937440373, 15.01288194268277, 67.0
87.58758758758759, 30.452275033609002, 396.3311386171333, 15.01294796778091, 67.0
87.68768768768768, 30.443229268589313, 395.754199432674, 15.013013945470329, 67.0
87.78778778778779, 30.434185528048594, 395.17795151009227, 15.013079875781736, 67.0
87.8878878878879, 30.425143825102385, 394.60239453845384, 15.013145758745846, 67.0
87.98798798798799, 30.416104172968414, 394.02752820749777, 15.013211594393525, 67.0
88.08808808808809, 30.407066585365012, 393.45335221025584, 15.013277382756392, 67.0
88.18818818818819, 30.398031075685942, 392.87986623762487, 15.013343123865585, 67.0
88.2882882882883, 30.388997657260212, 392.3070699800754, 15.013408817752136, 67.0
88.38838838838839, 30.37996634341684, 391.7349631280782, 15.013474464447082, 67.0
88.48848848848849, 30.370937147484817, 391.16354537210395, 15.013540063981456, 67.0
88.58858858858859, 30.361910082853747, 390.59281640300577, 15.013605616386386, 67.0
88.6886886886887, 30.352885163439495, 390.0227759149595, 15.0136711216938, 67.0
88.78878878878879, 30.343862402892, 389.453423600462, 15.013736579935227, 67.0
88.88888888888889, 30.33484181475637, 388.88475915134813, 15.013801991142028, 67.0
88.988988988989, 30.325823412577726, 388.3167822594531, 15.01386735534557, 67.0
89.0890890890891, 30.316807209901192, 387.749492616612, 15.013932672577216, 67.0
89.1891891891892, 30.3077932203006, 387.1828899148365, 15.013997942868375, 67.0
89.2892892892893, 30.298781457851334, 386.6169738492229, 15.014063166251244, 67.0
89.3893893893894, 30.28977193645814, 386.05174411381836, 15.014128342757758, 67.0
89.48948948948949, 30.280764669877016, 385.4872004017547, 15.01419347241961, 67.0
89.5895895895896, 30.27175967186395, 384.9233424061641, 15.014258555268494, 67.0
89.6896896896897, 30.262756956174954, 384.3601698201786, 15.014323591336112, 67.0
89.7897897897898, 30.253756536575203, 383.79768233698474, 15.014388580654167, 67.0
89.88988988988989, 30.244758427281003, 383.23587965244747, 15.014453523255106, 67.0
89.98998998999, 30.23576264245443, 382.6747614621095, 15.014518419171274, 67.0
90.0900900900901, 30.226769196058402, 382.1143274603315, 15.014583268434704, 67.0
90.1901901901902, 30.21777810205587, 381.5545773414741, 15.014648071077426, 67.0
90.29029029029029, 30.208789374409758, 380.9955107998978, 15.014712827131468, 67.0
90.3903903903904, 30.199803027083597, 380.4371275299666, 15.014777536628866, 67.0
90.4904904904905, 30.19081907441943, 379.87942722819474, 15.01484219960227, 67.0
90.5905905905906, 30.181837530841058, 379.32240959156104, 15.014906816084473, 67.0
90.69069069069069, 30.17285841051459, 378.7660743155801, 15.014971386107838, 67.0
90.7907907907908, 30.163881727606103, 378.2104210957666, 15.015035909704736, 67.0
90.8908908908909, 30.1549074962817, 377.65544962763533, 15.015100386907527, 67.0
90.990990990991, 30.14593573070748, 377.10115960670095, 15.015164817748579, 67.0
91.09109109109109, 30.136966445301567, 376.54755072983244, 15.015229202260679, 67.0
91.1911911911912, 30.1279996547749, 375.9946226954721, 15.01529354047711, 67.0
91.2912912912913, 30.119035373503305, 375.44237520026167, 15.01535783243059, 67.0
91.3913913913914, 30.110073615856216, 374.8908079408085, 15.015422078153826, 67.0
91.4914914914915, 30.101114396203076, 374.3399206137198, 15.015486277679523, 67.0
91.5915915915916, 30.092157728913335, 373.78971291560316, 15.015550431040392, 67.0
91.69169169169169, 30.083203628502574, 373.24018454381593, 15.015614538269391, 67.0
91.7917917917918, 30.074252109902503, 372.69133519785174, 15.015678599400207, 67.0
91.8918918918919, 30.06530318771152, 372.14316457549313, 15.015742614465951, 67.0
91.991991991992, 30.05635687649587, 371.59567237435766, 15.015806583499671, 67.0
92.09209209209209, 30.047413190821796, 371.0488582920629, 15.015870506534412, 67.0
92.19219219219221, 30.038472145255565, 370.5027220262264, 15.015934383603232, 67.0
92.2922922922923, 30.02953375443567, 369.95726327481555, 15.015998214739307, 67.0
92.3923923923924, 30.020598033465017, 369.4124817380452, 15.016061999976655, 67.0
92.49249249249249, 30.011664997176158, 368.8683771148216, 15.016125739348807, 67.0
92.5925925925926, 30.002734660326627, 368.3249491036881, 15.016189432889156, 67.0
92.6926926926927, 29.993807037673953, 367.78219740318815, 15.016253080631097, 67.0
92.7927927927928, 29.984882143975668, 367.2401217118651, 15.016316682608025, 67.0
92.89289289289289, 29.975959994015238, 366.69872172837876, 15.016380238853385, 67.0
92.992992992993, 29.96704060302523, 366.1579971534089, 15.016443749401452, 67.0
93.0930930930931, 29.958123986082455, 365.61794768693494, 15.016507214286216, 67.0
93.1931931931932, 29.949210158130356, 365.0785730283362, 15.016570633541415, 67.0
93.2932932932933, 29.94029913411235, 364.5398728769921, 15.01663400720079, 67.0
93.3933933933934, 29.93139092897188, 364.00184693228204, 15.016697335298081, 67.0
93.4934934934935, 29.922485557653367, 363.46449489358946, 15.016760617867034, 67.0
93.5935935935936, 29.913583035453257, 362.92781646174365, 15.01682385494206, 67.0
93.6936936936937, 29.904683377725252, 362.39181133780886, 15.016887046557688, 67.0
93.7937937937938, 29.895786599595766, 361.8564792219161, 15.016950192748006, 67.0
93.89389389389389, 29.886892716191223, 361.3218198141964, 15.017013293547103, 67.0
93.99399399399401, 29.878001742638034, 360.7878328147804, 15.017076348989072, 67.0
94.0940940940941, 29.869113694062627, 360.25451792379926, 15.017139359108004, 67.0
94.1941941941942, 29.86022858579266, 359.72187484213487, 15.017202323938386, 67.0
94.29429429429429, 29.85134643343509, 359.189903271711, 15.017265243515281, 67.0
94.39439439439441, 29.842467252299837, 358.65860291334343, 15.017328117873138, 67.0
94.4944944944945, 29.833591057688434, 358.12797346781656, 15.017390947046403, 67.0
94.5945945945946, 29.82471786490244, 357.59801463591475, 15.017453731069512, 67.0
94.69469469469469, 29.81584768924338, 357.0687261184224, 15.017516469976911, 67.0
94.7947947947948, 29.806980546108804, 356.54010761643957, 15.017579163803239, 67.0
94.8948948948949, 29.798116451283725, 356.0121588323421, 15.01764181258395, 67.0
94.994994994995, 29.789255420280146, 355.4848794676066, 15.017704416353924, 67.0
95.0950950950951, 29.78039746856749, 354.95826922357014, 15.017766975147953, 67.0
95.1951951951952, 29.771542611615185, 354.4323278015695, 15.017829489000832, 67.0
95.2952952952953, 29.76269086489265, 353.9070549029415, 15.017891957947347, 67.0
95.3953953953954, 29.753842243901584, 353.3824502291128, 15.017954382022369, 67.0
95.4954954954955, 29.74499676454002, 352.8585134826118, 15.01801676126162, 67.0
95.5955955955956, 29.73615444253654, 352.33524436549584, 15.018079095700461, 67.0
95.6956956956957, 29.727315293521464, 351.81264257954916, 15.018141385374037, 67.0
95.7957957957958, 29.718479333125078, 351.2907078265557, 15.018203630317487, 67.0
95.8958958958959, 29.7096465769777, 350.76943980829975, 15.018265830565959, 67.0
95.995995995996, 29.700817040712245, 350.2488382265712, 15.018327986154599, 67.0
96.09609609609609, 29.691990740278055, 349.7289027838591, 15.018390097119287, 67.0
96.19619619619621, 29.68316769163331, 349.20963318267206, 15.018452163495917, 67.0
96.2962962962963, 29.674347910561956, 348.69102912513387, 15.018514185319981, 67.0
96.3963963963964, 29.665531412847912, 348.173090313368, 15.018576162626983, 67.0
96.49649649649649, 29.656718214275116, 347.6558164494981, 15.018638095452411, 67.0
96.59659659659661, 29.647908330627512, 347.13920723564775, 15.018699983831766, 67.0
96.6966966966967, 29.639101777869975, 346.6232623742238, 15.018761827800983, 67.0
96.7967967967968, 29.630298572177264, 346.10798156796153, 15.018823627396507, 67.0
96.8968968968969, 29.62149872948275, 345.5933645192183, 15.0188853826542, 67.0
96.996996996997, 29.612702265715185, 345.0794109303446, 15.018947093609906, 67.0
97.0970970970971, 29.60390919680332, 344.56612050369046, 15.019008760299478, 67.0
97.1971971971972, 29.59511953867591, 344.05349294160624, 15.01907038275876, 67.0
97.2972972972973, 29.58633330734536, 343.5415279465099, 15.019131961023819, 67.0
97.3973973973974, 29.57755051913283, 343.03022522106994, 15.019193495131518, 67.0
97.4974974974975, 29.56877119013419, 342.519584467772, 15.019254985118138, 67.0
97.5975975975976, 29.559995336414104, 342.0096053890764, 15.019316431019876, 67.0
97.6976976976977, 29.551222974037234, 341.5002876874436, 15.019377832872935, 67.0
97.7977977977978, 29.54245411906826, 340.9916310653341, 15.019439190713515, 67.0
97.8978978978979, 29.533688787598365, 340.4836352252063, 15.019500504577886, 67.0
97.99799799799801, 29.52492699602977, 339.97629986949454, 15.01956177450318, 67.0
98.0980980980981, 29.516168760629505, 339.46962470064403, 15.019623000526153, 67.0
98.1981981981982, 29.507414097589827, 338.9636094211052, 15.019684182683358, 67.0
98.29829829829829, 29.498663023103, 338.45825373332883, 15.01974532101135, 67.0
98.39839839839841, 29.489915553361282, 337.9535573397654, 15.019806415546674, 67.0
98.4984984984985, 29.481171704564307, 337.44951994285725, 15.019867466325904, 67.0
98.5985985985986, 29.472431493168926, 336.9461412447513, 15.019928473386395, 67.0
98.69869869869869, 29.46369493558311, 336.44342094765045, 15.019989436765346, 67.0
98.79879879879881, 29.45496204811303, 335.9413587538747, 15.020050356499656, 67.0
98.8988988988989, 29.44623284706484, 335.4399543657439, 15.020111232626215, 67.0
98.998998998999, 29.437507348744706, 334.9392074855781, 15.020172065181923, 67.0
99.0990990990991, 29.428785569459116, 334.43911781569614, 15.020232854203675, 67.0
99.1991991991992, 29.420067525710504, 333.9396850579442, 15.020293599729007, 67.0
99.2992992992993, 29.411353234043123, 333.4409089140671, 15.020354301795583, 67.0
99.3993993993994, 29.40264271086853, 332.94278908613035, 15.02041496044065, 67.0
99.4994994994995, 29.393935972598296, 332.44532527619907, 15.020475575701443, 67.0
99.5995995995996, 29.385233035644, 331.9485171863388, 15.0205361476152, 67.0
99.6996996996997, 29.3765339164172, 331.45236451861496, 15.02059667621916, 67.0
99.79979979979981, 29.367838631456085, 330.95686697458586, 15.020657161551016, 67.0
99.8998998998999, 29.35914719742177, 330.46202425531817, 15.020717603648901, 67.0
100.0, 29.35045963082299, 329.96783606248835, 15.020778002550404, 67.0
