Initial conditions: Te0=800.0, Ti0=1200.0, rho0=17.857142857142854, Rh0=56.00000000000001
t (ps), Te (keV), Ti (keV), rho (g/cm^3), Rh (um)
0.0, 800.0, 1200.0, 17.857142857142854, 56.00000000000001
0.1001001001001001, 97.18431271973161, 1199.7612951962258, 17.86551619645235, 56.00000000000001
0.2002002002002002, 73.61777958081416, 1199.2643802681905, 17.866641487353146, 56.00000000000001
0.3003003003003003, 62.82715802788044, 1198.5871782019192, 17.867309682336078, 56.00000000000001
0.4004004004004004, 56.3858190827339, 1197.764503463412, 17.867793441800167, 56.00000000000001
0.5005005005005005, 52.067453737549506, 1196.8203205587542, 17.868178419605144, 56.00000000000001
0.6006006006006006, 48.981614382240664, 1195.7735161054438, 17.86850275627445, 56.00000000000001
0.7007007007007008, 46.6883108255184, 1194.639868069748, 17.86878674755482, 56.00000000000001
0.8008008008008008, 44.939427558552616, 1193.4328828271716, 17.869042449517316, 56.00000000000001
0.9009009009009009, 43.58174257302714, 1192.1642138743257, 17.869277578604056, 56.00000000000001
1.001001001001001, 42.514205842964614, 1190.843913492327, 17.869497345269327, 56.00000000000001
1.1011011011011012, 41.666836676184076, 1189.480617205179, 17.86970541072323, 56.00000000000001
1.2012012012012012, 40.98935028714977, 1188.0817011725806, 17.869904426866956, 56.00000000000001
1.3013013013013013, 40.444587268301746, 1186.6534274363316, 17.870096360281504, 56.00000000000001
1.4014014014014016, 40.00449184177933, 1185.2010808944751, 17.870282696586777, 56.00000000000001
1.5015015015015014, 39.647529846887615, 1183.7290977586538, 17.87046457465504, 56.00000000000001
1.6016016016016017, 39.356961594301396, 1182.2411841205717, 17.870642877823638, 56.00000000000001
1.7017017017017018, 39.119645172248724, 1180.7404233889138, 17.870818297725922, 56.00000000000001
1.8018018018018018, 38.9251835649182, 1179.229371896753, 17.870991380023757, 56.00000000000001
1.901901901901902, 38.76530147893243, 1177.7101427564144, 17.871162557876254, 56.00000000000001
2.002002002002002, 38.63338115531494, 1176.184478397533, 17.871332176845414, 56.00000000000001
2.1021021021021022, 38.5241099702397, 1174.6538126920955, 17.87150051375356, 56.00000000000001
2.2022022022022023, 38.43321021223213, 1173.119323597875, 17.871667791091966, 56.00000000000001
2.3023023023023024, 38.3572290871051, 1171.5819775034247, 17.87183418817308, 56.00000000000001
2.4024024024024024, 38.29337410161955, 1170.0425663412623, 17.87199984983745, 56.00000000000001
2.5025025025025025, 38.239383078969446, 1168.5017384940572, 17.8721648933025, 56.00000000000001
2.6026026026026026, 38.19342130884443, 1166.9600243892532, 17.87232941356157, 56.00000000000001
2.702702702702703, 38.153998787957974, 1165.4178577425644, 17.87249348771611, 56.00000000000001
2.802802802802803, 38.119904552883135, 1163.8755929821823, 17.87265717840262, 56.00000000000001
2.9029029029029028, 38.090153659382715, 1162.3335196213866, 17.87282053655361, 56.00000000000001
3.003003003003003, 38.06394443681024, 1160.7918740793082, 17.87298360361906, 56.00000000000001
3.1031031031031033, 38.04062407704048, 1159.2508493424118, 17.873146413351815, 56.00000000000001
3.2032032032032034, 38.01966065728718, 1157.7106029190263, 17.873308993257417, 56.00000000000001
3.3033033033033035, 38.00062080957135, 1156.1712632704198, 17.873471365749662, 56.00000000000001
3.4034034034034035, 37.98315103632433, 1154.6329352076355, 17.87363354911733, 56.00000000000001
3.503503503503504, 37.96696304208438, 1153.0957041843583, 17.873795558282097, 56.00000000000001
3.6036036036036037, 37.9518216560496, 1151.55963984, 17.873957405422466, 56.00000000000001
3.703703703703704, 37.937534979723274, 1150.024798904845, 17.874119100482563, 56.00000000000001
3.803803803803804, 37.9239463542926, 1148.4912275784852, 17.874280651586872, 56.00000000000001
3.903903903903904, 37.9109279043144, 1146.9589634466581, 17.874442065373472, 56.00000000000001
4.004004004004004, 37.898375202683376, 1145.4280370698473, 17.874603347269414, 56.00000000000001
4.104104104104104, 37.88620296090171, 1143.8984732691224, 17.874764501713194, 56.00000000000001
4.2042042042042045, 37.874341508852496, 1142.3702921780791, 17.874925532336412, 56.00000000000001
4.3043043043043046, 37.86273394046227, 1140.8435100970667, 17.875086442111154, 56.00000000000001
4.404404404404405, 37.851333728277346, 1139.3181402077762, 17.87524723347311, 56.00000000000001
4.504504504504505, 37.84010288268178, 1137.7941931256, 17.87540790841664, 56.00000000000001
4.604604604604605, 37.829010358696465, 1136.2716773776062, 17.875568468577047, 56.00000000000001
4.704704704704705, 37.818030718114656, 1134.750599804265, 17.875728915299664, 56.00000000000001
4.804804804804805, 37.80714317799894, 1133.2309658454137, 17.87588924968903, 56.00000000000001
4.904904904904906, 37.7963307737133, 1131.7127797919463, 17.87604947265213, 56.00000000000001
5.005005005005005, 37.785579618374435, 1130.1960450084423, 17.876209584936667, 56.00000000000001
5.105105105105106, 37.77487835208623, 1128.6807640988975, 17.876369587159534, 56.00000000000001
5.205205205205205, 37.76421768554189, 1127.1669390440088, 17.876529479830424, 56.00000000000001
5.305305305305305, 37.753590020379306, 1125.6545713154362, 17.87668926337145, 56.00000000000001
5.405405405405406, 37.742989111862315, 1124.143661977329, 17.876848938134614, 56.00000000000001
5.505505505505505, 37.732409869978795, 1122.6342117462161, 17.877008504412093, 56.00000000000001
5.605605605605606, 37.721848124258685, 1121.1262210618152, 17.877167962448397, 56.00000000000001
5.705705705705706, 37.711300483099315, 1119.6196901293915, 17.87732731244767, 56.00000000000001
5.8058058058058055, 37.70076413718905, 1118.1146189789463, 17.877486554583864, 56.00000000000001
5.9059059059059065, 37.69023680677753, 1116.6110074811127, 17.87764568900349, 56.00000000000001
6.006006006006006, 37.67971660481505, 1115.1088553883624, 17.877804715832667, 56.00000000000001
6.106106106106107, 37.6692019999924, 1113.6081623461462, 17.87796363517907, 56.00000000000001
6.206206206206207, 37.658691747584925, 1112.1089279137213, 17.878122447135517, 56.00000000000001
6.306306306306307, 37.648184804098115, 1110.6111515898656, 17.87828115178437, 56.00000000000001
6.406406406406407, 37.63768033484291, 1109.1148328105955, 17.878439749197184, 56.00000000000001
6.506506506506507, 37.62717762800642, 1107.6199709750497, 17.878598239439103, 56.00000000000001
6.606606606606607, 37.61667610923795, 1106.1265654410984, 17.878756622568165, 56.00000000000001
6.706706706706707, 37.606175340565926, 1104.6346155256706, 17.87891489863533, 56.00000000000001
6.806806806806807, 37.595674952831395, 1103.144120525108, 17.879073067687976, 56.00000000000001
6.906906906906907, 37.58517461584176, 1101.655079724161, 17.87923112977148, 56.00000000000001
7.007007007007008, 37.574674089023254, 1100.1674923807254, 17.87938908492657, 56.00000000000001
7.107107107107107, 37.56417313711442, 1098.6813577512467, 17.8795469331937, 56.00000000000001
7.207207207207207, 37.553671574591775, 1097.1966750772676, 17.87970467461076, 56.00000000000001
7.307307307307307, 37.54316930409602, 1095.713443574173, 17.87986230921106, 56.00000000000001
7.407407407407408, 37.53266617017807, 1094.2316624746227, 17.88001983703094, 56.00000000000001
7.507507507507508, 37.522162097305646, 1092.7513309876642, 17.880177258102595, 56.00000000000001
7.607607607607608, 37.51165700729011, 1091.272448323156, 17.880334572458363, 56.00000000000001
7.707707707707708, 37.50115083052264, 1089.7950136883896, 17.880491780130157, 56.00000000000001
7.807807807807808, 37.49064351905825, 1088.3190262846085, 17.880648881148772, 56.00000000000001
7.907907907907909, 37.48013502078052, 1086.8444853142194, 17.880805875545235, 56.00000000000001
8.008008008008009, 37.469625288534225, 1085.3713899781892, 17.88096276335031, 56.00000000000001
8.108108108108109, 37.45911431166017, 1083.8997394670503, 17.88111954459291, 56.00000000000001
8.208208208208209, 37.44860206506542, 1082.429532975462, 17.881276219302666, 56.00000000000001
8.308308308308309, 37.43808850675564, 1080.9607686549812, 17.881432787546725, 56.00000000000001
8.408408408408409, 37.427573687800916, 1079.4934486963973, 17.88158924924543, 56.00000000000001
8.508508508508509, 37.417057537630455, 1078.0275695433336, 17.88174560452737, 56.00000000000001
8.608608608608609, 37.40654005178518, 1076.5631305741526, 17.8819018534146, 56.00000000000001
8.70870870870871, 37.39602122617189, 1075.1001312182298, 17.882057995927354, 56.00000000000001
8.80880880880881, 37.385501060735294, 1073.6385714687908, 17.88221403206587, 56.00000000000001
8.90890890890891, 37.37497954438274, 1072.178449966889, 17.882369961878478, 56.00000000000001
9.00900900900901, 37.36445666879063, 1070.7197656928104, 17.882525785401423, 56.00000000000001
9.10910910910911, 37.353932446930905, 1069.2625216460956, 17.88268150252858, 56.00000000000001
9.20920920920921, 37.34340683681428, 1067.8067081174374, 17.882837113603504, 56.00000000000001
9.30930930930931, 37.332879863502896, 1066.3523309020277, 17.882992618421124, 56.00000000000001
9.40940940940941, 37.322351523507564, 1064.8993891796774, 17.883148017010477, 56.00000000000001
9.50950950950951, 37.3118218139272, 1063.4478817101149, 17.883303309415474, 56.00000000000001
9.60960960960961, 37.30129073173773, 1061.9978073409136, 17.88345849567692, 56.00000000000001
9.70970970970971, 37.29075827365618, 1060.5491651045845, 17.883613575829052, 56.00000000000001
9.809809809809812, 37.28022443639959, 1059.1019540336383, 17.883768549906115, 56.00000000000001
9.90990990990991, 37.26968921668498, 1057.656173160586, 17.883923417942363, 56.00000000000001
10.01001001001001, 37.259152611229396, 1056.2118215179385, 17.88407817997203, 56.00000000000001
10.11011011011011, 37.24861461674985, 1054.7688981382064, 17.884232836029366, 56.00000000000001
10.210210210210212, 37.238075232697774, 1053.3274021687712, 17.88438738614451, 56.00000000000001
10.310310310310312, 37.22753446849871, 1051.8873331760221, 17.88454183033261, 56.00000000000001
10.41041041041041, 37.21699232571174, 1050.448690395882, 17.88469616862063, 56.00000000000001
10.51051051051051, 37.20644880481518, 1049.0114730188711, 17.884850401037163, 56.00000000000001
10.61061061061061, 37.19590390628731, 1047.5756802355097, 17.885004527610807, 56.00000000000001
10.710710710710712, 37.185357630606454, 1046.1413112363175, 17.885158548370153, 56.00000000000001
10.810810810810812, 37.17480997825091, 1044.7083652118147, 17.885312463343794, 56.00000000000001
10.91091091091091, 37.164260949700086, 1043.2768413525228, 17.885466272560326, 56.00000000000001
11.01101101101101, 37.15371054750308, 1041.846738850874, 17.885619976048474, 56.00000000000001
11.11111111111111, 37.143158774671086, 1040.4180568997292, 17.885773573836993, 56.00000000000001
11.211211211211213, 37.1326056326389, 1038.9907946904912, 17.885927065954544, 56.00000000000001
11.311311311311313, 37.12205112284136, 1037.5649514145637, 17.886080452429773, 56.00000000000001
11.411411411411413, 37.11149524671329, 1036.140526263351, 17.88623373329135, 56.00000000000001
11.511511511511511, 37.1009380056895, 1034.7175184282564, 17.886386908567918, 56.00000000000001
11.611611611611611, 37.09037940120483, 1033.2959271006837, 17.886539978288138, 56.00000000000001
11.711711711711713, 37.07981939447101, 1031.8757026701423, 17.886692944227573, 56.00000000000001
11.811811811811813, 37.06925807323215, 1030.4569597211146, 17.886845802285478, 56.00000000000001
11.911911911911913, 37.05869537792015, 1029.03962591612, 17.886998555051246, 56.00000000000001
12.012012012012011, 37.04813130853503, 1027.6237012551585, 17.887151202524873, 56.00000000000001
12.112112112112113, 37.03756586507676, 1026.2091857382302, 17.88730374470636, 56.00000000000001
12.212212212212213, 37.02699904754536, 1024.7960793653347, 17.88745618159571, 56.00000000000001
12.312312312312313, 37.01643085594083, 1023.3843821364726, 17.887608513192912, 56.00000000000001
12.412412412412413, 37.00586129026317, 1021.9740940516434, 17.887760739497978, 56.00000000000001
12.512512512512513, 36.99529033485075, 1020.5652146575247, 17.88791286052835, 56.00000000000001
12.612612612612613, 36.984717964026345, 1019.1577432108933, 17.888064876312622, 56.00000000000001
12.712712712712714, 36.97414417741875, 1017.7516797010054, 17.88821678685122, 56.00000000000001
12.812812812812814, 36.96356898681508, 1016.3470232867138, 17.888368592173677, 56.00000000000001
12.912912912912914, 36.95299241434536, 1014.9437723887844, 17.88852029233546, 56.00000000000001
13.013013013013014, 36.94241446052199, 1013.5419269706505, 17.888671887337853, 56.00000000000001
13.113113113113114, 36.93183512917422, 1012.1414862713967, 17.888823377208084, 56.00000000000001
13.213213213213214, 36.92125442851936, 1010.7424486581497, 17.88897476200456, 56.00000000000001
13.313313313313314, 36.91067235883342, 1009.3448140760672, 17.88912604172925, 56.00000000000001
13.413413413413414, 36.90008891879037, 1007.9485817685035, 17.889277216409607, 56.00000000000001
13.513513513513514, 36.88950410514042, 1006.5537498810837, 17.88942828611294, 56.00000000000001
13.613613613613614, 36.87891791773506, 1005.16031832905, 17.889579250842317, 56.00000000000001
13.713713713713714, 36.868330356571946, 1003.7682871035943, 17.88973011059807, 56.00000000000001
13.813813813813814, 36.85774142120666, 1002.3776545197409, 17.889880865441345, 56.00000000000001
13.913913913913914, 36.84715111130804, 1000.9884193219588, 17.890031515417714, 56.00000000000001
14.014014014014016, 36.836559426876086, 999.6005815102482, 17.890182060527177, 56.00000000000001
14.114114114114114, 36.8259663658095, 998.2141455058581, 17.890332500609034, 56.00000000000001
14.214214214214214, 36.81537193505506, 996.8290966923711, 17.890482836194558, 56.00000000000001
14.314314314314315, 36.80477613030344, 995.4454441368929, 17.89063306695418, 56.00000000000001
14.414414414414415, 36.79417895193612, 994.0631870367209, 17.890783192917077, 56.00000000000001
14.514514514514516, 36.78358039979843, 992.6823243807328, 17.890933214120157, 56.00000000000001
14.614614614614615, 36.7729804726693, 991.3028547432675, 17.891083130615712, 56.00000000000001
14.714714714714717, 36.762379170433434, 989.9247771285126, 17.891232942440087, 56.00000000000001
14.814814814814817, 36.75177649304131, 988.5480905662174, 17.891382649628675, 56.00000000000001
14.914914914914917, 36.741172440443414, 987.1727940861313, 17.891532252216866, 56.00000000000001
15.015015015015017, 36.73056701259021, 985.7988867180039, 17.891681750240053, 56.00000000000001
15.115115115115117, 36.71996020943217, 984.4263674915845, 17.891831143733633, 56.00000000000001
15.215215215215215, 36.709352030919796, 983.0552354366226, 17.891980432733, 56.00000000000001
15.315315315315315, 36.69874247700355, 981.6854895828676, 17.892129617273547, 56.00000000000001
15.415415415415415, 36.68813155139255, 980.3171293362717, 17.892278697377137, 56.00000000000001
15.515515515515515, 36.677519259346575, 978.9501542579911, 17.892427673060062, 56.00000000000001
15.615615615615615, 36.66690560251406, 977.584563547725, 17.892576544351602, 56.00000000000001
15.715715715715717, 36.65629058254034, 976.2203564048592, 17.89272531128106, 56.00000000000001
15.815815815815817, 36.645674201070726, 974.8575320287803, 17.892873973877716, 56.00000000000001
15.915915915915917, 36.63505645975053, 973.4960896188741, 17.893022532170875, 56.00000000000001
16.016016016016017, 36.62443736022509, 972.1360283745267, 17.89317098618983, 56.00000000000001
16.116116116116117, 36.6138169041397, 970.7773474951246, 17.89331933596387, 56.00000000000001
16.216216216216218, 36.603195092822084, 969.4200461803042, 17.893467581522334, 56.00000000000001
16.316316316316318, 36.592571917400825, 968.0641236377545, 17.893615722895547, 56.00000000000001
16.416416416416418, 36.5819473720039, 966.7095790727961, 17.893763760113547, 56.00000000000001
16.516516516516518, 36.57132145499352, 965.3564116874072, 17.89391169320596, 56.00000000000001
16.616616616616618, 36.56069416473189, 964.0046206835656, 17.894059522202408, 56.00000000000001
16.716716716716718, 36.55006549958121, 962.6542052632494, 17.89420724713251, 56.00000000000001
16.816816816816818, 36.53943545790369, 961.3051646284368, 17.89435486802588, 56.00000000000001
16.916916916916918, 36.528804038061544, 959.9574979811056, 17.894502384912144, 56.00000000000001
17.017017017017018, 36.51817123841696, 958.6112045232339, 17.894649797820914, 56.00000000000001
17.117117117117118, 36.50753706087153, 957.266283456134, 17.894797106781663, 56.00000000000001
17.217217217217218, 36.496901540332786, 955.9227339749092, 17.89494431182239, 56.00000000000001
17.31731731731732, 36.48626470589717, 954.580555275927, 17.895091412971365, 56.00000000000001
17.41741741741742, 36.475626532511576, 953.2397465703544, 17.895238410259644, 56.00000000000001
17.51751751751752, 36.464986987571315, 951.9003070714733, 17.89538530371868, 56.00000000000001
17.61761761761762, 36.454346065249815, 950.5622359850929, 17.895532093378524, 56.00000000000001
17.71771771771772, 36.44370376974172, 949.225532514233, 17.895678779268714, 56.00000000000001
17.81781781781782, 36.43306010400352, 947.8901955599774, 17.89582536143019, 56.00000000000001
17.91791791791792, 36.422415070349395, 946.5562252293994, 17.895971839858813, 56.00000000000001
18.01801801801802, 36.41176867690739, 945.2236195813952, 17.896118214626785, 56.00000000000001
18.11811811811812, 36.40112092020055, 943.8923777250177, 17.896264485767794, 56.00000000000001
18.21821821821822, 36.39047179998593, 942.5624995980185, 17.896410653284196, 56.00000000000001
18.31831831831832, 36.37982131649951, 941.2339848273682, 17.89655671719001, 56.00000000000001
18.41841841841842, 36.36916947091994, 939.9068315498132, 17.896702677555243, 56.00000000000001
18.518518518518523, 36.358516263408816, 938.5810395099008, 17.896848534389505, 56.00000000000001
18.61861861861862, 36.34786168992763, 937.2566111774261, 17.8969942875999, 56.00000000000001
18.71871871871872, 36.33720576553206, 935.9335373449173, 17.897139937532735, 56.00000000000001
18.81881881881882, 36.326548481036575, 934.6118236298929, 17.897285483976727, 56.00000000000001
18.91891891891892, 36.31588983765872, 933.2914692145471, 17.89743092696266, 56.00000000000001
19.01901901901902, 36.305229835064694, 931.9724728243643, 17.897576266538948, 56.00000000000001
19.11911911911912, 36.29456847354643, 930.6548333690415, 17.897721502746897, 56.00000000000001
19.21921921921922, 36.28390575391894, 929.3385499122725, 17.89786663562186, 56.00000000000001
19.31931931931932, 36.273241676997266, 928.0236215177518, 17.8980116651992, 56.00000000000001
19.41941941941942, 36.262576243596435, 926.7100472491736, 17.898156591514276, 56.00000000000001
19.519519519519523, 36.25190945453148, 925.3978261702325, 17.898301414602443, 56.00000000000001
19.619619619619623, 36.241241310617426, 924.0869573446225, 17.89844613449906, 56.00000000000001
19.71971971971972, 36.2305718126693, 922.7774398360382, 17.89859075123949, 56.00000000000001
19.81981981981982, 36.21990096221951, 921.4692728150354, 17.89873526485516, 56.00000000000001
19.91991991991992, 36.209228763772984, 920.162455894967, 17.898879675361254, 56.00000000000001
20.02002002002002, 36.19855521949536, 918.8569883407162, 17.899023982785756, 56.00000000000001
20.12012012012012, 36.187880331173915, 917.5528693608078, 17.8991681871587, 56.00000000000001
20.22022022022022, 36.17720410059595, 916.2500981637672, 17.899312288510124, 56.00000000000001
20.32032032032032, 36.166526529548754, 914.9486739581197, 17.89945628687008, 56.00000000000001
20.420420420420424, 36.15584761981962, 913.64859595239, 17.899600182268607, 56.00000000000001
20.520520520520524, 36.14516737319583, 912.3498633551037, 17.899743974735745, 56.00000000000001
20.620620620620624, 36.13448579146469, 911.0524753747857, 17.899887664301538, 56.00000000000001
20.720720720720724, 36.12380286914237, 909.7564312239484, 17.900031250996587, 56.00000000000001
20.82082082082082, 36.113118587879114, 908.4617301221591, 17.900174734852477, 56.00000000000001
20.92092092092092, 36.10243294098112, 907.1683712836508, 17.900318115899996, 56.00000000000001
21.02102102102102, 36.091745942129634, 905.8763539152085, 17.90046139416871, 56.00000000000001
21.12112112112112, 36.08105759765623, 904.5856772263485, 17.90060456968863, 56.00000000000001
21.22122122122122, 36.070367909017826, 903.2963404287394, 17.900747642490074, 56.00000000000001
21.32132132132132, 36.05967687825024, 902.008341917921, 17.900890612634864, 56.00000000000001
21.421421421421424, 36.048984504908894, 900.7216832767489, 17.90103348006187, 56.00000000000001
21.521521521521525, 36.03829078853928, 899.4363614865885, 17.90117624488778, 56.00000000000001
21.621621621621625, 36.02759572947391, 898.1523757415858, 17.90131890714381, 56.00000000000001
21.721721721721725, 36.01689932789686, 896.8697255956899, 17.901461466847252, 56.00000000000001
21.82182182182182, 36.00620158380812, 895.588411048901, 17.9016039239981, 56.00000000000001
21.92192192192192, 35.99550249870772, 894.3084309924501, 17.901746278639322, 56.00000000000001
22.02202202202202, 35.984802074521994, 893.029784002442, 17.901888530826085, 56.00000000000001
22.12212212212212, 35.974100311258255, 891.7524700734699, 17.902030680558596, 56.00000000000001
22.22222222222222, 35.963397206454076, 890.4764906623254, 17.902172727780272, 56.00000000000001
22.322322322322325, 35.952692772974316, 889.2018381580716, 17.90231467278675, 56.00000000000001
22.422422422422425, 35.941987002685615, 887.9285173724559, 17.90245651539113, 56.00000000000001
22.522522522522525, 35.93127989668642, 886.6565274439201, 17.90259825562695, 56.00000000000001
22.622622622622625, 35.920571454660646, 885.3858670455901, 17.902739893546347, 56.00000000000001
22.722722722722725, 35.90986167726004, 884.1165351689649, 17.902881429188742, 56.00000000000001
22.822822822822825, 35.8991505653839, 882.8485308869749, 17.903022862590305, 56.00000000000001
22.922922922922922, 35.88843811993151, 881.5818532725511, 17.90316419378719, 56.00000000000001
23.023023023023022, 35.877724341802185, 880.3165013986238, 17.90330542281557, 56.00000000000001
23.123123123123122, 35.86700923189521, 879.0524743381238, 17.903446549711614, 56.00000000000001
23.223223223223222, 35.85629279110987, 877.7897711639814, 17.903587574511484, 56.00000000000001
23.323323323323326, 35.845575020345485, 876.5283909491274, 17.903728497251343, 56.00000000000001
23.423423423423426, 35.834855921377915, 875.268332869381, 17.903869317963476, 56.00000000000001
23.523523523523526, 35.82413549986179, 874.009596555829, 17.904010036662946, 56.00000000000001
23.623623623623626, 35.813413758449215, 872.7521812871399, 17.904150653378142, 56.00000000000001
23.723723723723726, 35.80269069926662, 871.4960862802777, 17.90429116813979, 56.00000000000001
23.823823823823826, 35.79196632444041, 870.2413107522066, 17.90443158097861, 56.00000000000001
23.923923923923926, 35.78124063609701, 868.9878539198901, 17.904571891925322, 56.00000000000001
24.024024024024023, 35.770513636362836, 867.7357150002929, 17.904712101010656, 56.00000000000001
24.124124124124123, 35.759785327364305, 866.4848932103788, 17.904852208265325, 56.00000000000001
24.224224224224226, 35.74905571122784, 865.2353877671119, 17.904992213720057, 56.00000000000001
24.324324324324326, 35.738324787373806, 863.9871978893327, 17.905132117405813, 56.00000000000001
24.424424424424426, 35.727592543256605, 862.7403228041786, 17.90527191935464, 56.00000000000001
24.524524524524526, 35.71685897091199, 861.4947617358727, 17.90541161959819, 56.00000000000001
24.624624624624627, 35.70612407489735, 860.2505139030367, 17.905551218167275, 56.00000000000001
24.724724724724727, 35.69538785895956, 859.0075785246543, 17.90569071509275, 56.00000000000001
24.824824824824827, 35.68465032567643, 857.7659548208807, 17.905830110405603, 56.00000000000001
24.924924924924927, 35.67391147780978, 856.5256420120161, 17.905969404136826, 56.00000000000001
25.025025025025027, 35.66317131738897, 855.2866390339021, 17.906108596328878, 56.00000000000001
25.125125125125123, 35.65242984366112, 854.0489459596636, 17.906247686978908, 56.00000000000001
25.225225225225227, 35.64168705882789, 852.8125608954768, 17.906386676162683, 56.00000000000001
25.325325325325327, 35.63094296306642, 851.5774829288628, 17.90652556391687, 56.00000000000001
25.425425425425427, 35.6201975563879, 850.3437120020847, 17.906664350243794, 56.00000000000001
25.525525525525527, 35.60945083915302, 849.1112479182941, 17.906803035151366, 56.00000000000001
25.625625625625627, 35.59870281484107, 847.8800887785984, 17.90694161871585, 56.00000000000001
25.725725725725727, 35.58795348432552, 846.6502341062853, 17.907080100956403, 56.00000000000001
25.825825825825827, 35.57720283760297, 845.4216882419372, 17.90721848169819, 56.00000000000001
25.925925925925927, 35.566450904857014, 844.1944380885668, 17.907356761468705, 56.00000000000001
26.026026026026027, 35.555697667844264, 842.9684915621841, 17.90749493994913, 56.00000000000001
26.126126126126128, 35.54494312835448, 841.7438478861854, 17.907633017170742, 56.00000000000001
26.226226226226228, 35.534187287680254, 840.5205060820178, 17.90777099317319, 56.00000000000001
26.326326326326328, 35.52343014629887, 839.2984648399721, 17.90790886800987, 56.00000000000001
26.426426426426428, 35.51267170560026, 838.0777232210314, 17.908046641718787, 56.00000000000001
26.526526526526528, 35.50191196701408, 836.8582803023244, 17.908184314337287, 56.00000000000001
26.626626626626628, 35.49115093197002, 835.6401351609796, 17.908321885902716, 56.00000000000001
26.726726726726728, 35.48038860189774, 834.4232868741259, 17.90845935645242, 56.00000000000001
26.826826826826828, 35.46962497822691, 833.2077345188912, 17.908596726023735, 56.00000000000001
26.926926926926928, 35.45886006238721, 831.9934771724048, 17.908733994654014, 56.00000000000001
27.027027027027028, 35.44809385581407, 830.7805139125379, 17.908871162380564, 56.00000000000001
27.127127127127128, 35.437326362920174, 829.5688442008234, 17.909008229225726, 56.00000000000001
27.227227227227228, 35.42655758842393, 828.3584675381906, 17.909145195210282, 56.00000000000001
27.32732732732733, 35.415787534915275, 827.1493831512865, 17.90928206036575, 56.00000000000001
27.42742742742743, 35.405016204984165, 825.941590266758, 17.909418824723627, 56.00000000000001
27.52752752752753, 35.39424360122054, 824.7350881112517, 17.909555488315416, 56.00000000000001
27.62762762762763, 35.38346972621434, 823.5298759114145, 17.909692051172623, 56.00000000000001
27.72772772772773, 35.372694582555525, 822.3259528938931, 17.909828513326758, 56.00000000000001
27.82782782782783, 35.361918172834024, 821.1233182853344, 17.909964874809315, 56.00000000000001
27.92792792792793, 35.35114049874608, 819.9219713132221, 17.910101135651914, 56.00000000000001
28.028028028028032, 35.34036154939303, 818.7219112168345, 17.910237295887566, 56.00000000000001
28.128128128128132, 35.32958131985498, 817.5231372298509, 17.910373355548618, 56.00000000000001
28.22822822822823, 35.31879980887097, 816.3256485825248, 17.910509314667014, 56.00000000000001
28.32832832832833, 35.308017015180056, 815.1294445051086, 17.910645173274695, 56.00000000000001
28.42842842842843, 35.29723293752128, 813.9345242278556, 17.91078093140359, 56.00000000000001
28.52852852852853, 35.286447574633684, 812.7408869810189, 17.91091658908564, 56.00000000000001
28.62862862862863, 35.275660925256325, 811.5485319948514, 17.911052146352784, 56.00000000000001
28.72872872872873, 35.26487298812824, 810.357458499606, 17.91118760323696, 56.00000000000001
28.82882882882883, 35.254083769546355, 809.1676657243635, 17.911322959769777, 56.00000000000001
28.92892892892893, 35.243293313664594, 807.979152892331, 17.91145821598121, 56.00000000000001
29.029029029029033, 35.23250164932595, 806.7919192297157, 17.911593371901944, 56.00000000000001
29.129129129129133, 35.22170874515818, 805.6059639787768, 17.91172842756584, 56.00000000000001
29.22922922922923, 35.21091457509939, 804.4212863803358, 17.911863383006477, 56.00000000000001
29.32932932932933, 35.20011913864006, 803.2378856683998, 17.911998238256075, 56.00000000000001
29.429429429429433, 35.189322446139606, 802.0557598433223, 17.91213299339812, 56.00000000000001
29.52952952952953, 35.17852447988229, 800.8749116529049, 17.912267648318032, 56.00000000000001
29.629629629629633, 35.16772526543005, 799.6953371826094, 17.912402203179028, 56.00000000000001
29.72972972972973, 35.1569248017657, 798.5170359384039, 17.912536658002093, 56.00000000000001
29.829829829829833, 35.14612308724937, 797.3400071238495, 17.912671012821058, 56.00000000000001
29.92992992992993, 35.13532012185892, 796.1642507281855, 17.912805267636383, 56.00000000000001
30.030030030030034, 35.124515906208735, 794.9897664738393, 17.912939422459797, 56.00000000000001
30.13013013013013, 35.11371044461652, 793.8165524101835, 17.913073477373768, 56.00000000000001
30.230230230230234, 35.102903737918474, 792.644608159444, 17.913207432394266, 56.00000000000001
30.33033033033033, 35.09209577025768, 791.4739385365364, 17.913341287317216, 56.00000000000001
30.43043043043043, 35.0812865884512, 790.3045293255512, 17.91347504274514, 56.00000000000001
30.530530530530534, 35.070476164183, 789.1363891246042, 17.91360869831362, 56.00000000000001
30.63063063063063, 35.05966449996718, 787.9695171702876, 17.91374225405501, 56.00000000000001
30.730730730730734, 35.048851598114624, 786.8039125593907, 17.91387571000778, 56.00000000000001
30.83083083083083, 35.0380374603191, 785.6395739641717, 17.914009066228957, 56.00000000000001
30.930930930930934, 35.027222088813026, 784.4765004274498, 17.914142322759375, 56.00000000000001
31.03103103103103, 35.01640548588735, 783.3146910322882, 17.914275479638093, 56.00000000000001
31.131131131131134, 35.00558765383298, 782.1541448617502, 17.914408536904187, 56.00000000000001
31.23123123123123, 34.994768594940886, 780.9948609988986, 17.914541494596723, 56.00000000000001
31.331331331331334, 34.983948311501976, 779.836838526797, 17.91467435275477, 56.00000000000001
31.431431431431434, 34.97312680580719, 778.6800765285084, 17.914807111417396, 56.00000000000001
31.53153153153153, 34.962304080259344, 777.5245741047062, 17.914939770622947, 56.00000000000001
31.631631631631635, 34.951480140295885, 776.3703308337094, 17.915072330390235, 56.00000000000001
31.73173173173173, 34.940654990381425, 775.2173461407166, 17.915204790744323, 56.00000000000001
31.831831831831835, 34.92982863380632, 774.0656192660977, 17.91533715171785, 56.00000000000001
31.93193193193193, 34.91900107386092, 772.9151494502227, 17.91546941334345, 56.00000000000001
32.032032032032035, 34.90817231383557, 771.7659359334612, 17.915601575653753, 56.00000000000001
32.13213213213213, 34.89734235702061, 770.6179779561834, 17.915733638681388, 56.00000000000001
32.232232232232235, 34.88651120670641, 769.4712747587588, 17.915865602458993, 56.00000000000001
32.332332332332335, 34.87567886618331, 768.3258255815578, 17.915997467019203, 56.00000000000001
32.432432432432435, 34.86484533253997, 767.1816296709505, 17.91612923239537, 56.00000000000001
32.532532532532535, 34.85401059464435, 766.0386862812616, 17.91626089862182, 56.00000000000001
32.632632632632635, 34.843174651327416, 764.8969946571759, 17.916392465731708, 56.00000000000001
32.732732732732735, 34.83233750171425, 763.7565540430928, 17.916523933758153, 56.00000000000001
32.832832832832835, 34.82149914492991, 762.6173636834133, 17.916655302734274, 56.00000000000001
32.932932932932935, 34.810659580099475, 761.4794228225368, 17.91678657269319, 56.00000000000001
33.033033033033036, 34.79981880634802, 760.3427307048638, 17.91691774366803, 56.00000000000001
33.133133133133136, 34.788976822800606, 759.2072865747942, 17.917048815691903, 56.00000000000001
33.233233233233236, 34.77813363170757, 758.0730896763071, 17.917179788797807, 56.00000000000001
33.333333333333336, 34.767289271480486, 756.9401392485113, 17.917310663017215, 56.00000000000001
33.433433433433436, 34.756443776338784, 755.8084345314016, 17.917441438381804, 56.00000000000001
33.533533533533536, 34.745597125606544, 754.6779747789068, 17.91757211492612, 56.00000000000001
33.633633633633636, 34.73474929403453, 753.5487592461733, 17.91770269268494, 56.00000000000001
33.733733733733736, 34.72390028094464, 752.420787181979, 17.917833171691765, 56.00000000000001
33.833833833833836, 34.71305009637581, 751.294056814601, 17.917963552024933, 56.00000000000001
33.933933933933936, 34.702198726123584, 750.1685703206916, 17.918093833588216, 56.00000000000001
34.034034034034036, 34.69134619272476, 749.0443242784557, 17.918224016532882, 56.00000000000001
34.13413413413413, 34.68049249575182, 747.9213180430073, 17.918354100887907, 56.00000000000001
34.234234234234236, 34.66963763475817, 746.7995509406841, 17.918484086683574, 56.00000000000001
34.334334334334336, 34.658781609743755, 745.6790229714059, 17.918613973919886, 56.00000000000001
34.434434434434436, 34.64792442165405, 744.5597338490176, 17.918743762609655, 56.00000000000001
34.53453453453454, 34.63706607702108, 743.4416815965242, 17.91887345284143, 56.00000000000001
34.63463463463464, 34.62620657709052, 742.3248658369143, 17.919003044632102, 56.00000000000001
34.73473473473474, 34.61534592186236, 741.209286570188, 17.91913253798167, 56.00000000000001
34.83483483483484, 34.60448410705543, 740.0949447709415, 17.919261932846325, 56.00000000000001
34.93493493493494, 34.59362116518954, 738.9818330361418, 17.919391229558805, 56.00000000000001
35.03503503503504, 34.582757074409756, 737.8699563409963, 17.919520427895492, 56.00000000000001
35.13513513513514, 34.57189183800126, 736.7593138779891, 17.919649527892773, 56.00000000000001
35.23523523523524, 34.56102545923489, 735.6499043424874, 17.919778529610117, 56.00000000000001
35.33533533533534, 34.5501579413899, 734.5417267204651, 17.919907433093496, 56.00000000000001
35.43543543543544, 34.53928928774853, 733.4347801030278, 17.92003623838401, 56.00000000000001
35.53553553553554, 34.52841950159305, 732.3290635812812, 17.920164945522743, 56.00000000000001
35.63563563563564, 34.51754858620569, 731.2245762463308, 17.920293554550785, 56.00000000000001
35.73573573573574, 34.50667654486873, 730.1213171892824, 17.920422065509236, 56.00000000000001
35.83583583583584, 34.49580338086442, 729.0192855012416, 17.920550478439182, 56.00000000000001
35.93593593593594, 34.48492909762253, 727.9184803007629, 17.920678793380528, 56.00000000000001
36.03603603603604, 34.47405370126233, 726.8189012068185, 17.92080701035156, 56.00000000000001
36.13613613613614, 34.4631771968261, 725.7205476379967, 17.920935129379224, 56.00000000000001
36.23623623623624, 34.45229958848282, 724.6234188503888, 17.92106315049748, 56.00000000000001
36.33633633633634, 34.441420880401466, 723.5275141000863, 17.921191073740292, 56.00000000000001
36.43643643643644, 34.43054107675099, 722.4328326431804, 17.921318899141628, 56.00000000000001
36.53653653653654, 34.41966018170035, 721.3393737357626, 17.92144662673545, 56.00000000000001
36.63663663663664, 34.408778199418535, 720.2471366339244, 17.92157425655571, 56.00000000000001
36.73673673673674, 34.39789513388329, 719.1561205939533, 17.921701788636415, 56.00000000000001
36.83683683683684, 34.38701097721131, 718.0663248843393, 17.921829223013027, 56.00000000000001
36.93693693693694, 34.376125723312775, 716.9777487717262, 17.9219565597208, 56.00000000000001
37.037037037037045, 34.365239372041515, 715.8903915166442, 17.922083798794244, 56.00000000000001
37.13713713713714, 34.35435192325136, 714.8042523796238, 17.922210940267853, 56.00000000000001
37.23723723723724, 34.34346337679612, 713.7193306211948, 17.922337984176146, 56.00000000000001
37.33733733733734, 34.33257373252966, 712.6356255018878, 17.922464930553613, 56.00000000000001
37.43743743743744, 34.32168299030579, 711.5531362822329, 17.922591779434764, 56.00000000000001
37.53753753753754, 34.31079178731637, 710.4717962081819, 17.9227185339285, 56.00000000000001
37.63763763763764, 34.29989865756198, 709.3917580688925, 17.92284518691913, 56.00000000000001
37.73773773773774, 34.289004517150225, 708.3129283554268, 17.922971742761376, 56.00000000000001
37.83783783783784, 34.27810936608111, 707.2353070677847, 17.923098201455232, 56.00000000000001
37.93793793793794, 34.26721320435463, 706.1588942059664, 17.9232245630007, 56.00000000000001
38.03803803803804, 34.25631603197079, 705.0836897699716, 17.923350827397783, 56.00000000000001
38.138138138138146, 34.245417848929584, 704.0096937598005, 17.92347699464648, 56.00000000000001
38.23823823823824, 34.23451865523102, 702.9369061754531, 17.923603064746786, 56.00000000000001
38.33833833833834, 34.22361845087509, 701.8653270169293, 17.923729037698706, 56.00000000000001
38.43843843843844, 34.21271721349602, 700.7949557851665, 17.923854913528277, 56.00000000000001
38.53853853853854, 34.20181490744974, 699.7257916848134, 17.92398069227699, 56.00000000000001
38.63863863863864, 34.19091153227702, 698.6578347056237, 17.924106373945385, 56.00000000000001
38.73873873873874, 34.180007088877154, 697.591084773811, 17.924231958536943, 56.00000000000001
38.83883883883884, 34.16910159938141, 696.5255400734718, 17.92435744613761, 56.00000000000001
38.93893893893894, 34.15819507331496, 695.4611998230541, 17.92448283678435, 56.00000000000001
39.03903903903905, 34.147287510677785, 694.3980640225581, 17.92460813047718, 56.00000000000001
39.13913913913914, 34.13637891614111, 693.3361321998322, 17.92473332723865, 56.00000000000001
39.23923923923925, 34.12546930922928, 692.2754023814167, 17.924858427163066, 56.00000000000001
39.33933933933934, 34.114558692099095, 691.2158743493106, 17.92498343026085, 56.00000000000001
39.43943943943944, 34.10364706475054, 690.157548103514, 17.92510833653199, 56.00000000000001
39.53953953953954, 34.09273443137519, 689.1004222907636, 17.925233146042263, 56.00000000000001
39.63963963963964, 34.081820796949145, 688.0444953045136, 17.925357858869752, 56.00000000000001
39.73973973973974, 34.07090616148136, 686.9897671418685, 17.9254824750146, 56.00000000000001
39.83983983983984, 34.05999052497184, 685.9362378028284, 17.925606994476798, 56.00000000000001
39.93993993993995, 34.0490738892588, 684.8839069394626, 17.925731417273337, 56.00000000000001
40.04004004004004, 34.038156267267155, 683.8327721054003, 17.925855743523616, 56.00000000000001
40.14014014014015, 34.02723766150124, 682.7828328266298, 17.925979973250787, 56.00000000000001
40.24024024024024, 34.01631807196106, 681.7340891031511, 17.926104106454837, 56.00000000000001
40.34034034034035, 34.00539749864662, 680.6865409349641, 17.926228143135777, 56.00000000000001
40.44044044044044, 33.99447592020166, 679.640192102663, 17.926352083107663, 56.00000000000001
40.54054054054054, 33.983553425295, 678.5950269096338, 17.926475927142473, 56.00000000000001
40.64064064064064, 33.97262995467284, 677.551055845294, 17.926599674724326, 56.00000000000001
40.74074074074074, 33.96170551243201, 676.5082781843965, 17.926723325888897, 56.00000000000001
40.84084084084085, 33.95078010314908, 675.4666931074628, 17.926846880676603, 56.00000000000001
40.94094094094094, 33.93985373454496, 674.4262991773137, 17.926970339159134, 56.00000000000001
41.04104104104105, 33.92892641238728, 673.3870953404872, 17.927093701388742, 56.00000000000001
41.14114114114114, 33.91799814189891, 672.3490806505356, 17.92721696741228, 56.00000000000001
41.24124124124125, 33.907068928302735, 671.3122541610113, 17.927340137276612, 56.00000000000001
41.34134134134134, 33.896138776821616, 670.2766149254667, 17.92746321102858, 56.00000000000001
41.44144144144145, 33.88520769267843, 669.242161997454, 17.927586188715047, 56.00000000000001
41.54154154154154, 33.874275681117375, 668.2088944414782, 17.927709070382335, 56.00000000000001
41.64164164164164, 33.86334274849886, 667.1768118955331, 17.927831856049472, 56.00000000000001
41.74174174174174, 33.852408901009234, 666.1459139081686, 17.927954545739752, 56.00000000000001
41.84184184184184, 33.84147414431195, 665.1161997592952, 17.928077139489236, 56.00000000000001
41.94194194194195, 33.83053848407046, 664.0876687288235, 17.928199637334007, 56.00000000000001
42.04204204204204, 33.81960192594822, 663.0603200966642, 17.92832203931014, 56.00000000000001
42.14214214214215, 33.808664475608694, 662.0341531427277, 17.92844434545371, 56.00000000000001
42.24224224224224, 33.797726138715326, 661.0091671469249, 17.92856655580079, 56.00000000000001
42.34234234234235, 33.78678691560378, 659.9853613955672, 17.92868867038825, 56.00000000000001
42.44244244244244, 33.77584680055915, 658.9627351822357, 17.92881068925387, 56.00000000000001
42.54254254254254, 33.764905795352725, 657.9412877915171, 17.928932612434295, 56.00000000000001
42.64264264264264, 33.75396390190685, 656.9210185078168, 17.929054439966166, 56.00000000000001
42.74274274274274, 33.74302112214386, 655.9019266155401, 17.92917617188612, 56.00000000000001
42.84284284284285, 33.73207745798608, 654.8840113990923, 17.929297808230785, 56.00000000000001
42.94294294294294, 33.72113291135587, 653.8672721428787, 17.929419349036795, 56.00000000000001
43.04304304304305, 33.710187661851435, 652.8516712544558, 17.92954079625033, 56.00000000000001
43.14314314314314, 33.69924129524609, 651.8372958290672, 17.92966214536294, 56.00000000000001
43.24324324324325, 33.68829407941763, 650.8240901208586, 17.92978339926105, 56.00000000000001
43.34334334334334, 33.67734601436607, 649.8120541298304, 17.929904557944656, 56.00000000000001
43.44344344344345, 33.66639710009141, 648.8011878559822, 17.93002562141376, 56.00000000000001
43.54354354354354, 33.65544733659363, 647.7914912993143, 17.930146589668357, 56.00000000000001
43.64364364364364, 33.64449672387275, 646.7829644598265, 17.930267462708457, 56.00000000000001
43.74374374374375, 33.633545262839384, 645.7756073025934, 17.930388240535862, 56.00000000000001
43.84384384384384, 33.62259297717898, 644.7694189191994, 17.930508923197873, 56.00000000000001
43.94394394394395, 33.61163987733248, 643.7643989091994, 17.930629510715328, 56.00000000000001
44.04404404404404, 33.60068596329989, 642.7605472725933, 17.93075000308822, 56.00000000000001
44.14414414414415, 33.58973123639801, 641.7578637615848, 17.93087040032967, 56.00000000000001
44.24424424424424, 33.57877570725905, 640.7563463754011, 17.930990702545536, 56.00000000000001
44.34434434434435, 33.56781937820462, 639.7559946771634, 17.931110909758928, 56.00000000000001
44.44444444444444, 33.55686224923471, 638.7568086668716, 17.931231021969857, 56.00000000000001
44.54454454454455, 33.54590432378003, 637.758787810888, 17.93135103920672, 56.00000000000001
44.64464464464465, 33.534945614461, 636.7619301461241, 17.93147096157406, 56.00000000000001
44.74474474474474, 33.523986122448974, 635.7662354903828, 17.93159078908157, 56.00000000000001
44.84484484484485, 33.51302584774393, 634.7717038436639, 17.931710521729254, 56.00000000000001
44.94494494494494, 33.50206479700323, 633.7783342652937, 17.93183015956755, 56.00000000000001
45.04504504504505, 33.491102982499584, 632.7861250211585, 17.93194970268946, 56.00000000000001
45.14514514514514, 33.480140404501384, 631.795076073333, 17.932069151097018, 56.00000000000001
45.24524524524525, 33.46917706300864, 630.8051874218174, 17.93218850479022, 56.00000000000001
45.34534534534534, 33.45821296701324, 629.8164579094516, 17.932307763831577, 56.00000000000001
45.44544544544545, 33.44724812879198, 628.8288859563459, 17.932426928306434, 56.00000000000001
45.545545545545544, 33.436282548416614, 627.8424715532653, 17.932545998215296, 56.00000000000001
45.64564564564565, 33.42531617105243, 626.8572216770938, 17.932664973178117, 56.00000000000001
45.74574574574575, 33.41434914941835, 625.8731168966706, 17.932783854253348, 56.00000000000001
45.845845845845844, 33.40338139114503, 624.8901689645909, 17.932902640800794, 56.00000000000001
45.94594594594595, 33.392412901729735, 623.9083771814111, 17.93302133285857, 56.00000000000001
46.046046046046044, 33.381443686690034, 622.9277408450184, 17.933139930464918, 56.00000000000001
46.14614614614615, 33.370473754811655, 621.9482588236325, 17.933258433682287, 56.00000000000001
46.246246246246244, 33.35950311493845, 620.9699299778359, 17.933376842573566, 56.00000000000001
46.34634634634635, 33.348531773946675, 619.9927534268857, 17.933495157187064, 56.00000000000001
46.446446446446444, 33.33755973871262, 619.0167282900394, 17.933613377571092, 56.00000000000001
46.54654654654655, 33.32658701611256, 618.0418536865538, 17.93373150377396, 56.00000000000001
46.64664664664665, 33.31561361302278, 617.0681287356866, 17.933849535843986, 56.00000000000001
46.74674674674675, 33.30463953631955, 616.095552556695, 17.93396747382948, 56.00000000000001
46.84684684684685, 33.29366479346775, 615.1241244072643, 17.934085317771544, 56.00000000000001
46.946946946946944, 33.28268939399884, 614.1538440311062, 17.934203067686013, 56.00000000000001
47.04704704704705, 33.27171334579904, 613.1847107850034, 17.934320723608828, 56.00000000000001
47.147147147147145, 33.26073665653965, 612.2167239751824, 17.934438285578583, 56.00000000000001
47.24724724724725, 33.24975933389192, 611.24988290787, 17.93455575363386, 56.00000000000001
47.347347347347345, 33.23878138552714, 610.284186889293, 17.934673127813245, 56.00000000000001
47.44744744744745, 33.22780281911657, 609.3196352256781, 17.934790408155312, 56.00000000000001
47.54754754754755, 33.21682364220748, 608.3562272234346, 17.93490759469868, 56.00000000000001
47.64764764764765, 33.20584385359286, 607.3939622018557, 17.935024687483565, 56.00000000000001
47.74774774774775, 33.19486345301062, 606.4328394788434, 17.935141686550015, 56.00000000000001
47.84784784784785, 33.183882444658124, 605.4728583657376, 17.935258591937256, 56.00000000000001
47.94794794794795, 33.172900832732765, 604.514018173877, 17.93537540368451, 56.00000000000001
48.048048048048045, 33.16191862143192, 603.5563182146016, 17.935492121831004, 56.00000000000001
48.14814814814815, 33.15093581495297, 602.59975779925, 17.935608746415962, 56.00000000000001
48.248248248248245, 33.139952417493305, 601.644336239162, 17.93572527747861, 56.00000000000001
48.34834834834835, 33.12896871174129, 600.6900167483061, 17.935841717146438, 56.00000000000001
48.44844844844845, 33.11798404516097, 599.7368845287997, 17.935958060493068, 56.00000000000001
48.54854854854855, 33.106998836562354, 598.7848851389249, 17.936074310667337, 56.00000000000001
48.64864864864865, 33.09601308594541, 597.8340185786814, 17.936190467669245, 56.00000000000001
48.74874874874875, 33.08502679331015, 596.8842848480693, 17.9363065314988, 56.00000000000001
48.84884884884885, 33.07403995865657, 595.9356839470887, 17.936422502156, 56.00000000000001
48.94894894894895, 33.063052581984685, 594.9882158757395, 17.936538379640837, 56.00000000000001
49.04904904904905, 33.05206466390092, 594.0418806107798, 17.93665416395468, 56.00000000000001
49.149149149149146, 33.04107622716996, 593.0966772797622, 17.936769855148963, 56.00000000000001
49.24924924924925, 33.03008728335678, 592.1526054394625, 17.936885453249793, 56.00000000000001
49.349349349349346, 33.01909783246138, 591.2096650898809, 17.937000958257176, 56.00000000000001
49.44944944944945, 33.00810787518987, 590.2678561580245, 17.937116370175442, 56.00000000000001
49.54954954954955, 32.99711742915559, 589.3271768231588, 17.93723168911253, 56.00000000000001
49.64964964964965, 32.98612650198399, 588.3876262970199, 17.937346915115185, 56.00000000000001
49.74974974974975, 32.97513509367508, 587.4492045796078, 17.937462048183395, 56.00000000000001
49.84984984984985, 32.964143205331716, 586.5119115659131, 17.93757708832345, 56.00000000000001
49.94994994994995, 32.95315085665614, 585.5757453799749, 17.93769203564753, 56.00000000000001
50.050050050050054, 32.94215805492009, 584.64070532941, 17.93780689019705, 56.00000000000001
50.150150150150154, 32.931164800123575, 583.7067914142182, 17.937921651972, 56.00000000000001
50.25025025025025, 32.9201710937641, 582.7740034858471, 17.93803632098136, 56.00000000000001
50.350350350350354, 32.90917695598034, 581.8423395465499, 17.93815089734589, 56.00000000000001
50.450450450450454, 32.89818239310017, 580.9117989686049, 17.938265381103513, 56.00000000000001
50.550550550550554, 32.88718740512359, 579.9823817520122, 17.938379772254237, 56.00000000000001
50.650650650650654, 32.876191992084884, 579.054087893848, 17.938494070798242, 56.00000000000001
50.750750750750754, 32.8651961722971, 578.1269158324438, 17.938608276830713, 56.00000000000001
50.850850850850854, 32.85419996113475, 577.2008642567167, 17.93872239043157, 56.00000000000001
50.950950950950954, 32.84320335859786, 576.2759331666665, 17.9388364116008, 56.00000000000001
51.051051051051054, 32.83220636468641, 575.3521225622933, 17.938950340338415, 56.00000000000001
51.15115115115115, 32.82120893189399, 574.4294364693109, 17.93906417639636, 56.00000000000001
51.251251251251254, 32.81021123423251, 573.5078601418766, 17.93917792068322, 56.00000000000001
51.351351351351354, 32.79921315911278, 572.5874031208464, 17.939291572611126, 56.00000000000001
51.451451451451454, 32.78821471442866, 571.6680647372906, 17.93940513222129, 56.00000000000001
51.551551551551555, 32.77721590923973, 570.7498442363357, 17.939518599560394, 56.00000000000001
51.651651651651655, 32.76621676007177, 569.8327403126453, 17.939631974710107, 56.00000000000001
51.751751751751755, 32.75521727897559, 568.9167519908112, 17.939745257731133, 56.00000000000001
51.851851851851855, 32.74421747677378, 568.0018783859791, 17.939858448678418, 56.00000000000001
51.951951951951955, 32.73321736428887, 567.0881186132948, 17.939971547606895, 56.00000000000001
52.052052052052055, 32.72221695234346, 566.175471787904, 17.940084554571516, 56.00000000000001
52.152152152152155, 32.71121625176009, 565.2639370249527, 17.94019746962722, 56.00000000000001
52.252252252252255, 32.70021527162595, 564.3535137718205, 17.940310292809375, 56.00000000000001
52.352352352352355, 32.68921401964066, 563.444201741523, 17.940423024137704, 56.00000000000001
52.452452452452455, 32.67821250545131, 562.5360002742424, 17.94053566365389, 56.00000000000001
52.552552552552555, 32.667210738719405, 561.628908707406, 17.940648211399772, 56.00000000000001
52.652652652652655, 32.656208729106424, 560.7229263784411, 17.94076066741721, 56.00000000000001
52.752752752752755, 32.64520648627388, 559.8180526247752, 17.940873031748044, 56.00000000000001
52.852852852852855, 32.634204019098924, 558.9142867848886, 17.94098530443426, 56.00000000000001
52.952952952952955, 32.62320132649021, 558.0116282106483, 17.94109748551969, 56.00000000000001
53.053053053053056, 32.612198411669034, 557.1100762481294, 17.94120957504736, 56.00000000000001
53.153153153153156, 32.601195280413044, 556.2096302399748, 17.941321573059827, 56.00000000000001
53.253253253253256, 32.59019193849985, 555.3102895288273, 17.941433479599656, 56.00000000000001
53.353353353353356, 32.579188391707085, 554.4120534573294, 17.941545294709403, 56.00000000000001
53.453453453453456, 32.56818464581237, 553.5149213681242, 17.94165701843163, 56.00000000000001
53.553553553553556, 32.5571807097274, 552.618892607393, 17.941768650809227, 56.00000000000001
53.653653653653656, 32.546176597770234, 551.7239665274228, 17.941880191885645, 56.00000000000001
53.753753753753756, 32.535172318885984, 550.8301424744328, 17.94199164170378, 56.00000000000001
53.853853853853856, 32.52416788178507, 549.9374197943777, 17.942103000306492, 56.00000000000001
53.953953953953956, 32.51316329517792, 549.0457978332116, 17.94221426773665, 56.00000000000001
54.054054054054056, 32.50215856777495, 548.1552759368892, 17.942325444037127, 56.00000000000001
54.154154154154156, 32.49115370848239, 547.2658534516169, 17.94243652925081, 56.00000000000001
54.254254254254256, 32.480148732646136, 546.3775297318878, 17.942547523421386, 56.00000000000001
54.354354354354356, 32.469143654194866, 545.4903041303714, 17.94265842659237, 56.00000000000001
54.454454454454456, 32.45813848452106, 544.6041759964736, 17.942769238806967, 56.00000000000001
54.55455455455456, 32.44713323501717, 543.7191446796003, 17.94287996010837, 56.00000000000001
54.65465465465466, 32.436127917075666, 542.8352095291569, 17.942990590539782, 56.00000000000001
54.75475475475476, 32.42512254208901, 541.9523698945495, 17.943101130144406, 56.00000000000001
54.85485485485486, 32.41411712025961, 541.0706251286457, 17.94321157896587, 56.00000000000001
54.95495495495496, 32.40311165800164, 540.189974595333, 17.9433219370492, 56.00000000000001
55.05505505505506, 32.39210616471082, 539.3104176498255, 17.94343220443833, 56.00000000000001
55.155155155155164, 32.38110065012162, 538.4319536463522, 17.943542381177068, 56.00000000000001
55.25525525525526, 32.3700951239685, 537.554581939142, 17.94365246730922, 56.00000000000001
55.35535535535536, 32.35908959598592, 536.6783018824239, 17.943762462878592, 56.00000000000001
55.45545545545546, 32.34808407589941, 535.8031128304673, 17.943872367928996, 56.00000000000001
55.55555555555556, 32.33707857132102, 534.9290141471758, 17.94398218250545, 56.00000000000001
55.65565565565566, 32.32607308964684, 534.0560051974379, 17.944091906653092, 56.00000000000001
55.75575575575576, 32.31506763958537, 533.1840853401588, 17.944201540416305, 56.00000000000001
55.85585585585586, 32.30406222984511, 532.3132539342445, 17.94431108383949, 56.00000000000001
55.95595595595596, 32.29305686913457, 531.4435103386002, 17.944420536967034, 56.00000000000001
56.056056056056065, 32.28205156616225, 530.5748539121316, 17.944529899843324, 56.00000000000001
56.15615615615616, 32.27104633042216, 529.7072840154414, 17.944639172512943, 56.00000000000001
56.256256256256265, 32.26004117592431, 528.8408000188865, 17.94474835502155, 56.00000000000001
56.35635635635636, 32.24903611384835, 527.9754012867108, 17.944857447414115, 56.00000000000001
56.45645645645646, 32.238031154689985, 527.1110871816804, 17.94496644973547, 56.00000000000001
56.55655655655656, 32.22702630894489, 526.2478570665614, 17.945075362030426, 56.00000000000001
56.65665665665666, 32.21602158710879, 525.3857103041197, 17.945184184343802, 56.00000000000001
56.75675675675676, 32.205016999677355, 524.5246462571217, 17.945292916720412, 56.00000000000001
56.85685685685686, 32.19401255894768, 523.6646642947958, 17.94540155920583, 56.00000000000001
56.956956956956965, 32.183008278426854, 522.8057637907111, 17.94551011184614, 56.00000000000001
57.05705705705706, 32.17200416976015, 521.947944111758, 17.94561857468664, 56.00000000000001
57.157157157157165, 32.16100024458535, 521.0912046247996, 17.945726947772627, 56.00000000000001
57.25725725725726, 32.149996514540234, 520.2355446966992, 17.9458352311494, 56.00000000000001
57.357357357357365, 32.138992991262576, 519.3809636943203, 17.945943424862246, 56.00000000000001
57.45745745745746, 32.127990125626994, 518.5274360281735, 17.9460515307791, 56.00000000000001
57.55755755755756, 32.11698686875648, 517.6750212269358, 17.946159544554636, 56.00000000000001
57.65765765765766, 32.10598390842616, 516.8236802059319, 17.946267469043548, 56.00000000000001
57.75775775775776, 32.09498124463604, 515.9734129651613, 17.94637530424583, 56.00000000000001
57.85785785785786, 32.0839788773861, 515.1242195046243, 17.946483050161486, 56.00000000000001
57.95795795795796, 32.072976806676365, 514.276099824321, 17.946590706790513, 56.00000000000001
58.058058058058066, 32.06197503250683, 513.4290539242512, 17.946698274132917, 56.00000000000001
58.15815815815816, 32.05097355995767, 512.5830814034422, 17.946805752219483, 56.00000000000001
58.258258258258266, 32.03997239948729, 511.7381814364256, 17.94691314111363, 56.00000000000001
58.35835835835836, 32.02897155141103, 510.8943539983113, 17.94702044081726, 56.00000000000001
58.45845845845846, 32.01797101572891, 510.0515990890993, 17.947127651330376, 56.00000000000001
58.558558558558566, 32.00697080644692, 509.20991601434076, 17.947234772705198, 56.00000000000001
58.65865865865866, 31.995970958747666, 508.3693030296071, 17.9473418050729, 56.00000000000001
58.75875875875876, 31.984971474324954, 507.529760050915, 17.947448748439797, 56.00000000000001
58.858858858858866, 31.97397235317878, 506.6912870782642, 17.947555602805892, 56.00000000000001
58.958958958958966, 31.9629735215212, 505.85388749221875, 17.94766236791426, 56.00000000000001
59.05905905905906, 31.95197524824776, 505.01754897344284, 17.94776904470118, 56.00000000000001
59.15915915915916, 31.94097736099892, 504.1822794185156, 17.9478756325665, 56.00000000000001
59.25925925925927, 31.929979873287838, 503.3480782083374, 17.947982131557282, 56.00000000000001
59.35935935935937, 31.91898280146978, 502.5149445934038, 17.94808854173082, 56.00000000000001
59.45945945945946, 31.907986171898127, 501.68287736546483, 17.94819486318047, 56.00000000000001
59.55955955955956, 31.89699000387649, 500.85187563973636, 17.948301095974163, 56.00000000000001
59.65965965965967, 31.885994315798303, 500.0219385731958, 17.94840724017655, 56.00000000000001
59.75975975975976, 31.874999126057016, 499.19306532282087, 17.948513295852283, 56.00000000000001
59.85985985985986, 31.864004453005926, 498.36525504739075, 17.948619263065883, 56.00000000000001
59.95995995995997, 31.85301030585498, 497.5385073161309, 17.948725141852172, 56.00000000000001
60.06006006006007, 31.84201669242542, 496.7128217606071, 17.948830932241474, 56.00000000000001
60.16016016016016, 31.83102362596858, 495.88819776862675, 17.94893663428174, 56.00000000000001
60.26026026026026, 31.82003111973579, 495.06463472799743, 17.94904224802092, 56.00000000000001
60.36036036036037, 31.80903918697838, 494.2421320265265, 17.949147773506965, 56.00000000000001
60.46046046046047, 31.79804783964586, 493.4206890539452, 17.949253210788125, 56.00000000000001
60.56056056056056, 31.787057082654663, 492.60030521037584, 17.94935855991428, 56.00000000000001
60.66066066066066, 31.776066925099023, 491.78097988976816, 17.949463820934334, 56.00000000000001
60.76076076076077, 31.765077377022095, 490.96271248466974, 17.949568993896975, 56.00000000000001
60.86086086086086, 31.754088448467055, 490.14550238762837, 17.949674078850894, 56.00000000000001
60.96096096096096, 31.74310014947706, 489.3293489911917, 17.94977907584479, 56.00000000000001
61.06106106106107, 31.732112496184406, 488.5142516917557, 17.949883984927773, 56.00000000000001
61.16116116116117, 31.721125508055096, 487.70020988782414, 17.94998880614918, 56.00000000000001
61.26126126126126, 31.710139199274195, 486.8872229745623, 17.950093539557997, 56.00000000000001
61.36136136136136, 31.69915358402301, 486.07529034713343, 17.9501981852032, 56.00000000000001
61.46146146146147, 31.68816867648285, 485.26441140070045, 17.950302743133765, 56.00000000000001
61.56156156156157, 31.6771844911758, 484.45458553115833, 17.950407213398766, 56.00000000000001
61.66166166166166, 31.666201045675564, 483.64581214095125, 17.95051159604815, 56.00000000000001
61.76176176176177, 31.65521835639451, 482.83809063003065, 17.950615891131527, 56.00000000000001
61.86186186186187, 31.64423643921091, 482.0314203972024, 17.95072009869835, 56.00000000000001
61.96196196196196, 31.6332553098244, 481.2258008414979, 17.950824218798132, 56.00000000000001
62.06206206206206, 31.622274979271186, 480.4212313678545, 17.95092825148129, 56.00000000000001
62.16216216216217, 31.611295459190753, 479.61771138044526, 17.95103219679814, 56.00000000000001
62.26226226226227, 31.60031676268394, 478.81524028159305, 17.9511360547987, 56.00000000000001
62.36236236236236, 31.58933890285509, 478.01381747363143, 17.951239825532987, 56.00000000000001
62.46246246246246, 31.57836189397592, 477.2134423625353, 17.95134350905153, 56.00000000000001
62.56256256256257, 31.567385750672077, 476.41411435538333, 17.951447105405016, 56.00000000000001
62.66266266266267, 31.556410486900475, 475.6158328571686, 17.951550614643836, 56.00000000000001
62.76276276276276, 31.545436116618017, 474.81859727288395, 17.951654036818383, 56.00000000000001
62.86286286286287, 31.534462654781866, 474.02240700993116, 17.95175737197939, 56.00000000000001
62.96296296296297, 31.523490117540305, 473.2272614785809, 17.951860620178, 56.00000000000001
63.06306306306306, 31.51251851994472, 472.4331600864618, 17.951963781464965, 56.00000000000001
63.16316316316316, 31.50154787703105, 471.6401022411655, 17.952066855891054, 56.00000000000001
63.26326326326327, 31.490578203839963, 470.84808735196725, 17.952169843507274, 56.00000000000001
63.36336336336337, 31.479609515425082, 470.0571148327275, 17.952272744365334, 56.00000000000001
63.46346346346346, 31.468641826831302, 469.26718409421653, 17.952375558516465, 56.00000000000001
63.56356356356356, 31.457675153102766, 468.4782945469412, 17.952478286011868, 56.00000000000001
63.66366366366367, 31.446709509324293, 467.6904456021319, 17.952580926902844, 56.00000000000001
63.76376376376377, 31.435744910877442, 466.9036366762935, 17.952683481241507, 56.00000000000001
63.86386386386386, 31.424781373015087, 466.1178671836434, 17.952785949079615, 56.00000000000001
63.96396396396397, 31.41381891094509, 465.33313653759893, 17.95288833046881, 56.00000000000001
64.06406406406407, 31.402857539899824, 464.54944415174737, 17.952990625460757, 56.00000000000001
64.16416416416416, 31.391897275798435, 463.7667894444271, 17.953092834107846, 56.00000000000001
64.26426426426426, 31.38093813447904, 462.9851718334163, 17.953194956462383, 56.00000000000001
64.36436436436438, 31.36998013155718, 462.20459073495294, 17.95329699257644, 56.00000000000001
64.46446446446447, 31.35902328264839, 461.42504556527535, 17.95339894250209, 56.00000000000001
64.56456456456456, 31.348067603759702, 460.6465357441016, 17.953500806291952, 56.00000000000001
64.66466466466467, 31.337113111110035, 459.8690606930337, 17.95360258399892, 56.00000000000001
64.76476476476478, 31.326159820634064, 459.09261983114703, 17.953704275675523, 56.00000000000001
64.86486486486487, 31.31520774826648, 458.3172125775166, 17.953805881374265, 56.00000000000001
64.96496496496496, 31.304256910148105, 457.5428383533769, 17.953907401148005, 56.00000000000001
65.06506506506507, 31.29330732282782, 456.76949658423615, 17.95400883505029, 56.00000000000001
65.16516516516516, 31.282359002523613, 455.9971866921371, 17.954110183134098, 56.00000000000001
65.26526526526527, 31.271411965436876, 455.2259080989487, 17.95421144545239, 56.00000000000001
65.36536536536536, 31.260466227769314, 454.4556602265422, 17.95431262205813, 56.00000000000001
65.46546546546547, 31.24952180624283, 453.68644250133093, 17.954413713005003, 56.00000000000001
65.56556556556556, 31.23857871777866, 452.918254351469, 17.954514718346996, 56.00000000000001
65.66566566566567, 31.22763697894345, 452.15109520201406, 17.95461563813758, 56.00000000000001
65.76576576576578, 31.21669660630388, 451.38496447802424, 17.95471647243023, 56.00000000000001
65.86586586586587, 31.205757616462215, 450.6198616048696, 17.95481722127848, 56.00000000000001
65.96596596596596, 31.194820026701873, 449.85578601388556, 17.954917884736826, 56.00000000000001
66.06606606606607, 31.183883854140756, 449.09273713495827, 17.95501846285956, 56.00000000000001
66.16616616616618, 31.172949115702156, 448.33071439626906, 17.95511895570067, 56.00000000000001
66.26626626626627, 31.16201582830938, 447.569717226, 17.955219363314143, 56.00000000000001
66.36636636636636, 31.151084009013992, 446.8097450535013, 17.955319685754176, 56.00000000000001
66.46646646646647, 31.14015367552471, 446.05079731411104, 17.955419923075965, 56.00000000000001
66.56656656656658, 31.12922484518425, 445.2928734398329, 17.955520075334153, 56.00000000000001
66.66666666666667, 31.118297535256495, 444.5359728619517, 17.955620142583253, 56.00000000000001
66.76676676676676, 31.107371763005347, 443.78009501175273, 17.955720124877793, 56.00000000000001
66.86686686686687, 31.096447545998036, 443.0252393231935, 17.95582002227274, 56.00000000000001
66.96696696696698, 31.085524902307522, 442.2714052346881, 17.95591983482385, 56.00000000000001
67.06706706706707, 31.07460384956078, 441.51859218072025, 17.956019562586196, 56.00000000000001
67.16716716716716, 31.06368440536857, 440.7667995956314, 17.956119205614822, 56.00000000000001
67.26726726726727, 31.052766587341623, 440.0160269137626, 17.95621876396477, 56.00000000000001
67.36736736736736, 31.041850413509565, 439.2662735729584, 17.95631823769171, 56.00000000000001
67.46746746746747, 31.030935902323936, 438.51753901459244, 17.956417626851938, 56.00000000000001
67.56756756756758, 31.020023071777636, 437.769822676202, 17.956516931501056, 56.00000000000001
67.66766766766767, 31.009111939858837, 437.0231239952852, 17.956616151694682, 56.00000000000001
67.76776776776777, 30.998202524555698, 436.27744240933976, 17.956715287488407, 56.00000000000001
67.86786786786787, 30.987294844361436, 435.5327773601364, 17.956814338938624, 56.00000000000001
67.96796796796798, 30.97638891802396, 434.7891282916007, 17.956913306102095, 56.00000000000001
68.06806806806807, 30.965484763898463, 434.0464946443357, 17.957012189034998, 56.00000000000001
68.16816816816817, 30.9545824003401, 433.3048758589442, 17.9571109877935, 56.00000000000001
68.26826826826826, 30.94368184570777, 432.5642713760603, 17.95720970243377, 56.00000000000001
68.36836836836838, 30.932783118955438, 431.82468064132325, 17.957308333012918, 56.00000000000001
68.46846846846847, 30.921886239126266, 431.0861031011228, 17.957406879588202, 56.00000000000001
68.56856856856857, 30.910991224939693, 430.3485381991256, 17.95750534221635, 56.00000000000001
68.66866866866867, 30.900098095115187, 429.61198537899844, 17.95760372095411, 56.00000000000001
68.76876876876878, 30.889206868388566, 428.87644408454236, 17.957702015858242, 56.00000000000001
68.86886886886887, 30.87831756417684, 428.14191376513054, 17.957800226986585, 56.00000000000001
68.96896896896897, 30.867430201836818, 427.4083938696438, 17.95789835439688, 56.00000000000001
69.06906906906907, 30.856544800455865, 426.6758838447589, 17.95799639814644, 56.00000000000001
69.16916916916917, 30.845661379121356, 425.9443831371526, 17.958094358292588, 56.00000000000001
69.26926926926927, 30.834779956943038, 425.2138911936795, 17.95819223489267, 56.00000000000001
69.36936936936938, 30.82390055375022, 424.4844074669101, 17.95829002800517, 56.00000000000001
69.46946946946947, 30.813023189269583, 423.75593140860025, 17.958387737688405, 56.00000000000001
69.56956956956957, 30.802147882967773, 423.02846246843967, 17.958485364000286, 56.00000000000001
69.66966966966967, 30.79127465431144, 422.30200009611804, 17.95858290699873, 56.00000000000001
69.76976976976978, 30.780403522795513, 421.5765437415486, 17.95868036674168, 56.00000000000001
69.86986986986987, 30.769534508638838, 420.85209286036263, 17.958777743288273, 56.00000000000001
69.96996996996997, 30.75866763192099, 420.1286469070911, 17.958875036697396, 56.00000000000001
70.07007007007007, 30.747802912482292, 419.4062053343755, 17.958972247027564, 56.00000000000001
70.17017017017018, 30.73694037016308, 418.68476759485714, 17.959069374337282, 56.00000000000001
70.27027027027027, 30.726080024838854, 417.96433314145077, 17.95916641868513, 56.00000000000001
70.37037037037037, 30.71522189711876, 417.2449014327722, 17.959263380130867, 56.00000000000001
70.47047047047047, 30.704366007437073, 416.52647192607816, 17.959360258733973, 56.00000000000001
70.57057057057058, 30.69351237600622, 415.80904407690156, 17.95945705455357, 56.00000000000001
70.67067067067067, 30.68266102303863, 415.0926173407753, 17.959553767648778, 56.00000000000001
70.77077077077077, 30.67181196879014, 414.377191173562, 17.959650398078782, 56.00000000000001
70.87087087087087, 30.660965234267035, 413.6627650368227, 17.959746945904016, 56.00000000000001
70.97097097097098, 30.650120840261486, 412.9493383904931, 17.95984341118455, 56.00000000000001
71.07107107107107, 30.639278807357307, 412.23691069292636, 17.959939793980116, 56.00000000000001
71.17117117117117, 30.628439156138306, 411.5254814024754, 17.96003609435045, 56.00000000000001
71.27127127127127, 30.61760190722321, 410.81504997775045, 17.960132312355338, 56.00000000000001
71.37137137137137, 30.606767081984582, 410.1056158829116, 17.960228448055812, 56.00000000000001
71.47147147147147, 30.595934701618276, 409.39717858081747, 17.960324501512623, 56.00000000000001
71.57157157157158, 30.5851047870877, 408.6897375326159, 17.96042047278613, 56.00000000000001
71.67167167167167, 30.574277359356234, 407.9832921994544, 17.96051636193669, 56.00000000000001
71.77177177177177, 30.563452439413492, 407.277842042671, 17.960612169024714, 56.00000000000001
71.87187187187187, 30.552630048974965, 406.5733865288758, 17.960707894111827, 56.00000000000001
71.97197197197198, 30.541810209626323, 405.8699251237356, 17.96080353725945, 56.00000000000001
72.07207207207207, 30.530992942704536, 405.16745729111153, 17.960899098528586, 56.00000000000001
72.17217217217217, 30.520178269546573, 404.4659824948644, 17.96099457798022, 56.00000000000001
72.27227227227228, 30.509366211508404, 403.76550019899014, 17.961089975675375, 56.00000000000001
72.37237237237238, 30.498556790646518, 403.066009872465, 17.961185291676294, 56.00000000000001
72.47247247247248, 30.48775002893498, 402.3675109836795, 17.961280526045073, 56.00000000000001
72.57257257257257, 30.47694594808092, 401.67000299912615, 17.961375678843343, 56.00000000000001
72.67267267267268, 30.466144569791517, 400.9734853852978, 17.96147075013274, 56.00000000000001
72.77277277277278, 30.455345915787124, 400.27795760877865, 17.961565739974922, 56.00000000000001
72.87287287287288, 30.444550008468134, 399.58341914085776, 17.961660648432737, 56.00000000000001
72.97297297297297, 30.433756870198298, 398.8898694525707, 17.961755475568975, 56.00000000000001
73.07307307307308, 30.422966523051837, 398.1973080129497, 17.961850221445914, 56.00000000000001
73.17317317317318, 30.412178989102966, 397.50573429102735, 17.96194488612583, 56.00000000000001
73.27327327327328, 30.40139429042838, 396.8151477558523, 17.962039469671012, 56.00000000000001
73.37337337337338, 30.39061244971732, 396.12554788055604, 17.962133972144827, 56.00000000000001
73.47347347347348, 30.379833489776495, 395.4369341390528, 17.962228393610843, 56.00000000000001
73.57357357357357, 30.369057433053126, 394.7493060028612, 17.962322734132005, 56.00000000000001
73.67367367367368, 30.358284301994455, 394.06266294349945, 17.96241699377125, 56.00000000000001
73.77377377377378, 30.347514119047712, 393.3770044324861, 17.96251117259152, 56.00000000000001
73.87387387387388, 30.336746907161363, 392.6923299446105, 17.962605270656663, 56.00000000000001
73.97397397397397, 30.325982689567827, 392.00863895651474, 17.962699288031054, 56.00000000000001
74.07407407407409, 30.315221489079597, 391.3259309421009, 17.96279322477829, 56.00000000000001
74.17417417417418, 30.304463328508945, 390.64420537526945, 17.962887080961984, 56.00000000000001
74.27427427427428, 30.293708230668113, 389.963461729921, 17.962980856645732, 56.00000000000001
74.37437437437437, 30.28295621876783, 389.2836994824803, 17.96307455189389, 56.00000000000001
74.47447447447448, 30.272207316448547, 388.604918112095, 17.963168166771595, 56.00000000000001
74.57457457457458, 30.261461546887997, 387.9271170949811, 17.963261701343143, 56.00000000000001
74.67467467467468, 30.250718933257804, 387.250295907316, 17.963355155672804, 56.00000000000001
74.77477477477477, 30.23997949872958, 386.5744540252766, 17.963448529824856, 56.00000000000001
74.87487487487488, 30.229243266787766, 385.89959092694994, 17.963541823864155, 56.00000000000001
74.97497497497498, 30.218510261462406, 385.2257060937534, 17.963635037856626, 56.00000000000001
75.07507507507508, 30.207780506298846, 384.55279900414536, 17.96372817186725, 56.00000000000001
75.17517517517518, 30.197054024822712, 383.880869136464, 17.963821225960967, 56.00000000000001
75.27527527527528, 30.18633084055964, 383.20991596904787, 17.963914200202737, 56.00000000000001
75.37537537537538, 30.175610977238136, 382.53993898141533, 17.964007094657884, 56.00000000000001
75.47547547547548, 30.16489445926912, 381.8709376570557, 17.964099909393084, 56.00000000000001
75.57557557557558, 30.15418131059144, 381.20291147671134, 17.96419264447407, 56.00000000000001
75.67567567567568, 30.143471555086997, 380.5358599207934, 17.964285299966484, 56.00000000000001
75.77577577577577, 30.132765216637704, 379.8697824697133, 17.96437787593596, 56.00000000000001
75.87587587587588, 30.122062319238815, 379.20467860451856, 17.964470372448353, 56.00000000000001
75.97597597597598, 30.111362887610778, 378.54054781033045, 17.964562789570987, 56.00000000000001
76.07607607607608, 30.100666946090232, 377.8773895701144, 17.964655127370396, 56.00000000000001
76.17617617617617, 30.08997451890519, 377.21520336622547, 17.964747385912908, 56.00000000000001
76.27627627627629, 30.07928563028366, 376.55398868101884, 17.964839565264857, 56.00000000000001
76.37637637637638, 30.068600304505885, 375.89374499712994, 17.964931665492667, 56.00000000000001
76.47647647647648, 30.05791856655856, 375.2344718009834, 17.965023686664235, 56.00000000000001
76.57657657657657, 30.04724044118135, 374.57616857767897, 17.96511562884693, 56.00000000000001
76.67667667667668, 30.03656595294019, 373.9188348113843, 17.965207492107783, 56.00000000000001
76.77677677677679, 30.025895126400975, 373.2624699862669, 17.965299276513814, 56.00000000000001
76.87687687687688, 30.01522798614533, 372.60707358657413, 17.965390982132078, 56.00000000000001
76.97697697697699, 30.0045645573906, 371.95264509977346, 17.965482609030968, 56.00000000000001
77.07707707707708, 29.993904865285227, 371.2991840129833, 17.965574157278745, 56.00000000000001
77.17717717717719, 29.98324893472509, 370.64668981204267, 17.965665626943125, 56.00000000000001
77.27727727727728, 29.972596790606072, 369.99516198279076, 17.965757018091825, 56.00000000000001
77.37737737737739, 29.96194845782405, 369.3446000110665, 17.96584833079257, 56.00000000000001
77.47747747747748, 29.951303961747495, 368.6950033849391, 17.9659395651141, 56.00000000000001
77.57757757757759, 29.940663327975408, 368.0463715935655, 17.966030721125648, 56.00000000000001
77.67767767767768, 29.930026581731106, 367.3987041243297, 17.966121798895653, 56.00000000000001
77.77777777777779, 29.919393748237876, 366.7520004646156, 17.96621279849253, 56.00000000000001
77.87787787787788, 29.908764852719024, 366.1062601018076, 17.966303719984722, 56.00000000000001
77.97797797797797, 29.898139920683953, 365.46148252455185, 17.9663945634413, 56.00000000000001
78.0780780780781, 29.887518978122664, 364.8176672236153, 17.966485328932407, 56.00000000000001
78.17817817817819, 29.876902050589987, 364.1748136878448, 17.966576016527227, 56.00000000000001
78.27827827827828, 29.866289163624224, 363.53292140601417, 17.9666666262949, 56.00000000000001
78.37837837837837, 29.85568034276368, 362.8919898668974, 17.966757158304556, 56.00000000000001
78.4784784784785, 29.845075613699837, 362.25201855988837, 17.966847612625706, 56.00000000000001
78.57857857857859, 29.834475002730144, 361.6130069768339, 17.966937989329253, 56.00000000000001
78.67867867867868, 29.823878535756787, 360.97495460798086, 17.967028288485196, 56.00000000000001
78.77877877877879, 29.81328623862205, 360.3378609433336, 17.96711851016338, 56.00000000000001
78.87887887887888, 29.802698137168235, 359.70172547289656, 17.96720865443366, 56.00000000000001
78.97897897897899, 29.792114257303286, 359.0665476869122, 17.967298721366046, 56.00000000000001
79.07907907907908, 29.781534625562486, 358.4323270778977, 17.96738871103207, 56.00000000000001
79.17917917917919, 29.77095926820706, 357.79906313737644, 17.967478623502608, 56.00000000000001
79.27927927927928, 29.760388211372472, 357.166755356416, 17.96756845884822, 56.00000000000001
79.37937937937939, 29.74982148119416, 356.53540322608364, 17.967658217139466, 56.00000000000001
79.47947947947948, 29.739259103819556, 355.9050062374846, 17.967747898446948, 56.00000000000001
79.57957957957959, 29.728701105941422, 355.2755638834423, 17.967837502842638, 56.00000000000001
79.67967967967968, 29.71814751420518, 354.6470756566314, 17.967927030398382, 56.00000000000001
79.77977977977979, 29.70759835503101, 354.0195410490163, 17.96801648118547, 56.00000000000001
79.8798798798799, 29.697053654839067, 353.3929595525616, 17.968105855275184, 56.00000000000001
79.97997997997999, 29.68651344004952, 352.767330659232, 17.9681951527388, 56.00000000000001
80.08008008008008, 29.67597773744066, 352.1426538619408, 17.96828437364857, 56.00000000000001
80.18018018018017, 29.665446574036633, 351.51892865425265, 17.968373518077378, 56.00000000000001
80.2802802802803, 29.654919976528575, 350.89615452884993, 17.968462586097225, 56.00000000000001
80.38038038038039, 29.64439797160682, 350.27433097841316, 17.968551577780122, 56.00000000000001
80.48048048048048, 29.63388058596168, 349.6534574956225, 17.968640493198073, 56.00000000000001
80.58058058058057, 29.623367846475624, 349.0335335735547, 17.968729332423614, 56.00000000000001
80.6806806806807, 29.612859780477425, 348.4145587062074, 17.968818095530548, 56.00000000000001
80.78078078078079, 29.60235641493799, 347.79653238684017, 17.968906782591663, 56.00000000000001
80.88088088088088, 29.591857776803785, 347.1794541086617, 17.968995393679688, 56.00000000000001
80.98098098098099, 29.58136389302128, 346.56332336488066, 17.96908392886734, 56.00000000000001
81.08108108108108, 29.570874790620405, 345.9481396488212, 17.96917238822759, 56.00000000000001
81.18118118118119, 29.560390497142116, 345.3339024545123, 17.96926077183493, 56.00000000000001
81.28128128128128, 29.54991103985016, 344.7206112756004, 17.969349079763006, 56.00000000000001
81.38138138138139, 29.53943644593408, 344.1082656056296, 17.96943731208528, 56.00000000000001
81.48148148148148, 29.528966742583417, 343.4968649381441, 17.96952546887518, 56.00000000000001
81.58158158158159, 29.518501957016305, 342.88640876670513, 17.96961355020625, 56.00000000000001
81.6816816816817, 29.508042116917647, 342.2768965851538, 17.969701556153503, 56.00000000000001
81.78178178178179, 29.497587249828577, 341.66832788724486, 17.96978948679149, 56.00000000000001
81.88188188188188, 29.48713738316297, 341.06070216665705, 17.96987734219438, 56.00000000000001
81.98198198198199, 29.4766925443347, 340.45401891706877, 17.96996512243632, 56.00000000000001
82.0820820820821, 29.466252760761353, 339.8482776321574, 17.97005282759148, 56.00000000000001
82.18218218218219, 29.455818060232897, 339.24347780547856, 17.970140457735294, 56.00000000000001
82.28228228228228, 29.445388470561173, 338.6396189305804, 17.97022801294327, 56.00000000000001
82.38238238238237, 29.434964019369602, 338.03670050107286, 17.97031549329027, 56.00000000000001
82.4824824824825, 29.424544734281596, 337.43472201056585, 17.97040289885116, 56.00000000000001
82.58258258258259, 29.41413064292059, 336.8336829526695, 17.97049022970081, 56.00000000000001
82.68268268268268, 29.40372177314986, 336.2335828206486, 17.970577485914973, 56.00000000000001
82.78278278278279, 29.393318153031736, 335.63442110748167, 17.970664667570112, 56.00000000000001
82.8828828828829, 29.38291981038427, 335.03619730649876, 17.97075177474182, 56.00000000000001
82.98298298298299, 29.37252677302409, 334.4389109110319, 17.970838807505668, 56.00000000000001
83.08308308308308, 29.36213906876784, 333.84256141441296, 17.97092576593723, 56.00000000000001
83.18318318318319, 29.35175672556438, 333.247148309606, 17.971012650112616, 56.00000000000001
83.28328328328328, 29.34137977166131, 332.6526710887443, 17.97109946010912, 56.00000000000001
83.38338338338339, 29.331008235068275, 332.05912924462257, 17.971186196003085, 56.00000000000001
83.48348348348348, 29.320642143779544, 331.4665222700787, 17.971272857870797, 56.00000000000001
83.58358358358359, 29.310281525789378, 330.8748496579504, 17.971359445788547, 56.00000000000001
83.68368368368368, 29.299926409188462, 330.2841109006305, 17.97144595983306, 56.00000000000001
83.78378378378379, 29.289576822335196, 329.6943054892758, 17.971532400082268, 56.00000000000001
83.8838838838839, 29.27923279339074, 329.10543291595377, 17.971618766613233, 56.00000000000001
83.98398398398399, 29.2688943504984, 328.5174926728143, 17.97170505950291, 56.00000000000001
84.08408408408408, 29.258561521801496, 327.930484252007, 17.971791278828267, 56.00000000000001
84.18418418418419, 29.24823433551882, 327.34440714517785, 17.971877424666648, 56.00000000000001
84.2842842842843, 29.23791282012544, 326.75926084226217, 17.971963497096677, 56.00000000000001
84.38438438438439, 29.22759700392161, 326.1750448343623, 17.97204949619611, 56.00000000000001
84.48448448448448, 29.217286915186193, 325.59175861272314, 17.972135422042577, 56.00000000000001
84.58458458458459, 29.206982582198073, 325.00940166858953, 17.97222127471374, 56.00000000000001
84.6846846846847, 29.196684033291845, 324.4279734926742, 17.972307054287548, 56.00000000000001
84.78478478478479, 29.18639129703338, 323.8474735734803, 17.97239276084329, 56.00000000000001
84.88488488488488, 29.17610440184279, 323.26790140090367, 17.97247839445943, 56.00000000000001
84.98498498498499, 29.16582337611657, 322.68925646506534, 17.972563955214273, 56.00000000000001
85.08508508508508, 29.155548248251236, 322.11153825608676, 17.972649443186143, 56.00000000000001
85.18518518518519, 29.145279046680514, 321.53474626358656, 17.972734858453606, 56.00000000000001
85.28528528528528, 29.135015800030267, 320.9588799745904, 17.972820201096518, 56.00000000000001
85.38538538538539, 29.124758536821005, 320.38393887754523, 17.972905471194032, 56.00000000000001
85.48548548548548, 29.114507285550303, 319.80992246120854, 17.972990668825148, 56.00000000000001
85.58558558558559, 29.10426207471572, 319.23683021433743, 17.973075794068855, 56.00000000000001
85.6856856856857, 29.09402293288242, 318.66466162419187, 17.973160847004788, 56.00000000000001
85.78578578578579, 29.08378988868599, 318.09341617647317, 17.97324582771323, 56.00000000000001
85.88588588588588, 29.073562970688858, 317.5230933585017, 17.973330736273798, 56.00000000000001
85.98598598598599, 29.063342207452703, 316.95369265761514, 17.973415572766072, 56.00000000000001
86.0860860860861, 29.053127627543418, 316.3852135610263, 17.973500337269705, 56.00000000000001
86.18618618618619, 29.0429192596292, 315.81765555293305, 17.973585029865447, 56.00000000000001
86.28628628628628, 29.032717132359537, 315.2510181180843, 17.973669650633852, 56.00000000000001
86.38638638638639, 29.022521274351657, 314.68530074218006, 17.973754199655122, 56.00000000000001
86.4864864864865, 29.012331714222782, 314.12050291092044, 17.973838677009454, 56.00000000000001
86.58658658658659, 29.002148480607826, 313.5566241091532, 17.97392308277733, 56.00000000000001
86.68668668668668, 28.99197160221149, 312.9936638183611, 17.97400741704032, 56.00000000000001
86.78678678678679, 28.981801107695603, 312.4316215220944, 17.97409167987933, 56.00000000000001
86.8868868868869, 28.971637025715502, 311.87049670421584, 17.974175871375156, 56.00000000000001
86.98698698698699, 28.96147938492654, 311.31028884858785, 17.974259991608594, 56.00000000000001
87.08708708708708, 28.95132821400474, 310.750997436663, 17.974344040661144, 56.00000000000001
87.18718718718719, 28.941183541640818, 310.19262194818054, 17.974428018614805, 56.00000000000001
87.28728728728728, 28.93104539650778, 309.6351618649465, 17.97451192555097, 56.00000000000001
87.38738738738739, 28.920913807278577, 309.07861666877, 17.974595761551036, 56.00000000000001
87.4874874874875, 28.9107888026253, 308.522985840784, 17.974679526696576, 56.00000000000001
87.58758758758759, 28.900670411214907, 307.968268858162, 17.974763221070187, 56.00000000000001
87.68768768768768, 28.890558661716927, 307.4144652000693, 17.974846844753962, 56.00000000000001
87.78778778778779, 28.880453582801557, 306.86157434618656, 17.974930397829844, 56.00000000000001
87.8878878878879, 28.870355203138907, 306.30959577618194, 17.975013880379787, 56.00000000000001
87.98798798798799, 28.860263551372498, 305.75852896632955, 17.975097292486552, 56.00000000000001
88.08808808808809, 28.850178656139114, 305.20837339204206, 17.975180634233094, 56.00000000000001
88.18818818818819, 28.84010054609067, 304.6591285306653, 17.975263905701915, 56.00000000000001
88.2882882882883, 28.830029249879072, 304.11079385954514, 17.975347106975516, 56.00000000000001
88.38838838838839, 28.81996479613896, 303.5633688548315, 17.975430238136656, 56.00000000000001
88.48848848848849, 28.80990721344094, 303.0168529882454, 17.975513299269057, 56.00000000000001
88.58858858858859, 28.79985653039497, 302.47124573423014, 17.975596290455837, 56.00000000000001
88.6886886886887, 28.78981277561643, 301.92654656760413, 17.975679211780047, 56.00000000000001
88.78878878878879, 28.77977597771218, 301.3827549627846, 17.975762063324808, 56.00000000000001
88.88888888888889, 28.76974616493503, 300.83987037752917, 17.975844845176358, 56.00000000000001
88.988988988989, 28.75972336565726, 300.29789227521644, 17.975927557419883, 56.00000000000001
89.0890890890891, 28.74970760842404, 299.7568201273614, 17.97601020013905, 56.00000000000001
89.1891891891892, 28.73969892178056, 299.2166534054788, 17.976092773417523, 56.00000000000001
89.2892892892893, 28.72969733427198, 298.6773915810833, 17.976175277338967, 56.00000000000001
89.3893893893894, 28.71970287444349, 298.13903412569005, 17.976257711987042, 56.00000000000001
89.48948948948949, 28.709715570840267, 297.60158051081373, 17.97634007744542, 56.00000000000001
89.5895895895896, 28.69973545200748, 297.06503020796913, 17.976422373797764, 56.00000000000001
89.6896896896897, 28.689762546490307, 296.52938268867103, 17.97650460112773, 56.00000000000001
89.7897897897898, 28.679796882833926, 295.9946374244345, 17.976586759518995, 56.00000000000001
89.88988988988989, 28.669838489583523, 295.4607938867741, 17.976668849055216, 56.00000000000001
89.98998998999, 28.659887395284272, 294.9278515472049, 17.976750869820062, 56.00000000000001
90.0900900900901, 28.64994362848134, 294.3958098772415, 17.976832821897194, 56.00000000000001
90.1901901901902, 28.640007217719905, 293.8646683483989, 17.976914705370277, 56.00000000000001
90.29029029029029, 28.63007819154364, 293.3344264321374, 17.97699652032299, 56.00000000000001
90.3903903903904, 28.620156577272535, 292.8050835560139, 17.97707826684606, 56.00000000000001
90.4904904904905, 28.610242402192778, 292.27663914637185, 17.97715994503042, 56.00000000000001
90.5905905905906, 28.600335694560773, 291.7490926643651, 17.977241554961402, 56.00000000000001
90.69069069069069, 28.59043648263292, 291.2224435711477, 17.977323096724334, 56.00000000000001
90.7907907907908, 28.58054479466563, 290.69669132787357, 17.977404570404545, 56.00000000000001
90.8908908908909, 28.570660658915305, 290.1718353956968, 17.977485976087376, 56.00000000000001
90.990990990991, 28.56078410363836, 289.6478752357714, 17.97756731385815, 56.00000000000001
91.09109109109109, 28.55091515709118, 289.1248103092513, 17.9776485838022, 56.00000000000001
91.1911911911912, 28.541053847530186, 288.6026400772905, 17.977729786004854, 56.00000000000001
91.2912912912913, 28.53120020321178, 288.0813640010432, 17.977810920551445, 56.00000000000001
91.3913913913914, 28.52135425239237, 287.5609815416632, 17.97789198752731, 56.00000000000001
91.4914914914915, 28.511516023328355, 287.04149216030453, 17.97797298701777, 56.00000000000001
91.5915915915916, 28.501685544276146, 286.52289531812124, 17.978053919108163, 56.00000000000001
91.69169169169169, 28.491862843492147, 286.0051904762674, 17.97813478388382, 56.00000000000001
91.7917917917918, 28.48204794923276, 285.4883770958969, 17.978215581430064, 56.00000000000001
91.8918918918919, 28.472240887197337, 284.9724546177464, 17.978296311835106, 56.00000000000001
91.991991991992, 28.462441680123852, 284.4574224589069, 17.978376975190464, 56.00000000000001
92.09209209209209, 28.452650353333407, 283.9432800570948, 17.97845757158477, 56.00000000000001
92.19219219219221, 28.442866932221513, 283.4300268503325, 17.97853810110659, 56.00000000000001
92.2922922922923, 28.433091447334792, 282.9176622849867, 17.97861856384271, 56.00000000000001
92.3923923923924, 28.423323930252387, 282.4061858090965, 17.978698959879537, 56.00000000000001
92.49249249249249, 28.413564410143614, 281.89559686679735, 17.978779289304338, 56.00000000000001
92.5925925925926, 28.40381291600135, 281.38589490186877, 17.978859552204412, 56.00000000000001
92.6926926926927, 28.394069474111884, 280.87707935262887, 17.978939748667862, 56.00000000000001
92.7927927927928, 28.38433411134971, 280.36914965858256, 17.97901987878261, 56.00000000000001
92.89289289289289, 28.37460685522038, 279.86210526050814, 17.97909994263639, 56.00000000000001
92.992992992993, 28.364887733024634, 279.35594559803826, 17.979179940317085, 56.00000000000001
93.0930930930931, 28.355176770950084, 278.8506701045795, 17.979259871913204, 56.00000000000001
93.1931931931932, 28.345473995700786, 278.346278216427, 17.979339737512976, 56.00000000000001
93.2932932932933, 28.33577943410525, 277.84276937057194, 17.979419537204542, 56.00000000000001
93.3933933933934, 28.326093112988982, 277.34014300041065, 17.97949927107635, 56.00000000000001
93.4934934934935, 28.316415059171533, 276.8383985322161, 17.97957893921743, 56.00000000000001
93.5935935935936, 28.306745299477754, 276.3375353985941, 17.979658541716294, 56.00000000000001
93.6936936936937, 28.29708386073277, 275.8375530324885, 17.979738078661423, 56.00000000000001
93.7937937937938, 28.287430769761702, 275.33845086684306, 17.9798175501413, 56.00000000000001
93.89389389389389, 28.27778605338939, 274.8402283345956, 17.9798969562444, 56.00000000000001
93.99399399399401, 28.268149737911692, 274.34288485762005, 17.979976297060112, 56.00000000000001
94.0940940940941, 28.25852184945967, 273.84641985434433, 17.980055572678097, 56.00000000000001
94.1941941941942, 28.248902414543902, 273.35083275113357, 17.98013478318737, 56.00000000000001
94.29429429429429, 28.239291459674984, 272.85612297435284, 17.980213928676957, 56.00000000000001
94.39439439439441, 28.229689011363494, 272.3622899503674, 17.98029300923586, 56.00000000000001
94.4944944944945, 28.220095096062604, 271.86933310466634, 17.980372024953176, 56.00000000000001
94.5945945945946, 28.210509739228034, 271.3772518475165, 17.98045097591912, 56.00000000000001
94.69469469469469, 28.200932966637453, 270.8860455940983, 17.980529862223552, 56.00000000000001
94.7947947947948, 28.191364804357935, 270.3957137640083, 17.980608683956003, 56.00000000000001
94.8948948948949, 28.181805278456558, 269.90625577684364, 17.980687441205998, 56.00000000000001
94.994994994995, 28.172254415000392, 269.41767105220094, 17.980766134063057, 56.00000000000001
95.0950950950951, 28.162712239849633, 268.92995900619917, 17.980844762616943, 56.00000000000001
95.1951951951952, 28.153178777934876, 268.443119039329, 17.98092332695847, 56.00000000000001
95.2952952952953, 28.1436540547915, 267.957150562249, 17.98100182717778, 56.00000000000001
95.3953953953954, 28.134138096063417, 267.4720529874416, 17.981080263364863, 56.00000000000001
95.4954954954955, 28.124630927394485, 266.98782572738895, 17.981158635609734, 56.00000000000001
95.5955955955956, 28.115132574428596, 266.50446819457363, 17.981236944002397, 56.00000000000001
95.6956956956957, 28.105643062077387, 266.02197978803383, 17.981315188633655, 56.00000000000001
95.7957957957958, 28.096162414425077, 265.5403598916169, 17.981393369595217, 56.00000000000001
95.8958958958959, 28.086690656688216, 265.0596079099595, 17.98147148697756, 56.00000000000001
95.995995995996, 28.077227814109705, 264.57972324818195, 17.98154954087112, 56.00000000000001
96.09609609609609, 28.067773911932417, 264.1007053114042, 17.981627531366346, 56.00000000000001
96.19619619619621, 28.058328975399252, 263.62255350474646, 17.98170545855368, 56.00000000000001
96.2962962962963, 28.048893029753085, 263.1452672333289, 17.981783322523565, 56.00000000000001
96.3963963963964, 28.03946610023682, 262.66884590227164, 17.981861123366446, 56.00000000000001
96.49649649649649, 28.03004821209333, 262.19328891669477, 17.98193886117276, 56.00000000000001
96.59659659659661, 28.020639390565503, 261.7185956817185, 17.982016536032962, 56.00000000000001
96.6966966966967, 28.011239658632146, 261.24476557018295, 17.982094148039227, 56.00000000000001
96.7967967967968, 28.00184903814081, 260.7717979387997, 17.982171697284613, 56.00000000000001
96.8968968968969, 27.992467553365625, 260.2996921788768, 17.982249183860294, 56.00000000000001
96.996996996997, 27.983095228587626, 259.8284476818212, 17.982326607857466, 56.00000000000001
97.0970970970971, 27.973732088087853, 259.35806383903946, 17.982403969367308, 56.00000000000001
97.1971971971972, 27.96437815614735, 258.8885400419382, 17.982481268480996, 56.00000000000001
97.2972972972973, 27.955033457047154, 258.4198756819241, 17.98255850528972, 56.00000000000001
97.3973973973974, 27.9456980150683, 257.95207015040404, 17.98263567988466, 56.00000000000001
97.4974974974975, 27.936371854491824, 257.48512283878455, 17.982712792356995, 56.00000000000001
97.5975975975976, 27.927054999590375, 257.0190331383601, 17.982789842797917, 56.00000000000001
97.6976976976977, 27.91774747147079, 256.5538003981097, 17.98286683130051, 56.00000000000001
97.7977977977978, 27.90844929109464, 256.08942396507075, 17.982943757957937, 56.00000000000001
97.8978978978979, 27.89916048165947, 255.6259032161675, 17.983020622862025, 56.00000000000001
97.99799799799801, 27.88988106636281, 255.16323752832386, 17.983097426104617, 56.00000000000001
98.0980980980981, 27.880611068402185, 254.70142627846414, 17.983174167777538, 56.00000000000001
98.1981981981982, 27.871350510975144, 254.24046884351236, 17.98325084797262, 56.00000000000001
98.29829829829829, 27.86209941727921, 253.7803646003927, 17.983327466781695, 56.00000000000001
98.39839839839841, 27.852857810511917, 253.32111292602917, 17.983404024296586, 56.00000000000001
98.4984984984985, 27.843625713870807, 252.862713197346, 17.983480520609135, 56.00000000000001
98.5985985985986, 27.83440315048452, 252.40516479020778, 17.9835569558112, 56.00000000000001
98.69869869869869, 27.825190140122746, 251.9484670288168, 17.983633329996493, 56.00000000000001
98.79879879879881, 27.81598670335155, 251.4926192496237, 17.98370964325829, 56.00000000000001
98.8988988988989, 27.806792862365604, 251.0376208141284, 17.983785895688964, 56.00000000000001
98.998998998999, 27.797608639359606, 250.58347108383072, 17.9838620873809, 56.00000000000001
99.0990990990991, 27.78843405652824, 250.13016942023057, 17.983938218426474, 56.00000000000001
99.1991991991992, 27.77926913606619, 249.67771518482786, 17.984014288918065, 56.00000000000001
99.2992992992993, 27.770113900168155, 249.22610773912248, 17.984090298948058, 56.00000000000001
99.3993993993994, 27.760968371028813, 248.77534644461426, 17.98416624860883, 56.00000000000001
99.4994994994995, 27.751832570842854, 248.32543066280303, 17.98424213799276, 56.00000000000001
99.5995995995996, 27.742706521610433, 247.87635975274293, 17.984317967192297, 56.00000000000001
99.6996996996997, 27.73359024156673, 247.42813302615022, 17.984393736301303, 56.00000000000001
99.79979979979981, 27.72448375029648, 246.98074981170964, 17.98446944541313, 56.00000000000001
99.8998998998999, 27.715387068606688, 246.5342094534737, 17.984545094620675, 56.00000000000001
100.0, 27.706300217304364, 246.0885112954946, 17.98462068401683, 56.00000000000001
