Initial conditions: Te0=9.8, Ti0=4.2, rho0=1000.0, Rh0=15.0
t (ps), Te (keV), Ti (keV), rho (g/cm^3), Rh (um)
0.0, 9.8, 4.2, 1000.0, 15.0
0.05005005005005005, 8.552931819931056, 5.341752631394701, 993.7032975142357, 15.03162607409988
0.1001001001001001, 7.7476296393478705, 6.08081409095483, 987.4981022550971, 15.06305560869335
0.15015015015015015, 7.298902277188243, 6.496654029419265, 981.3743676948941, 15.094332183866648
0.2002002002002002, 7.076029066346231, 6.707778143326734, 975.3245909750891, 15.125487841969283
0.2502502502502503, 6.973656152043599, 6.8096282799921815, 969.344046857678, 15.156541388817889
0.3003003003003003, 6.929574694365722, 6.858659882373905, 963.4298606414657, 15.18750268200751
0.3503503503503504, 6.91240419496522, 6.883385278055833, 957.5801468598672, 15.218376785723724
0.4004004004004004, 6.907441469436213, 6.8971720556175065, 951.7935018261145, 15.249166457616234
0.45045045045045046, 6.908010123347163, 6.906092605456706, 946.0687519209616, 15.279873394679022
0.5005005005005005, 6.91111307199067, 6.912874444831611, 940.4048372695669, 15.310498813016308
0.5505505505505506, 6.91540812639147, 6.918740626758644, 934.8007593526855, 15.341043709869696
0.6006006006006006, 6.920293610633637, 6.924241109055346, 929.2555575046536, 15.371508980850574
0.6506506506506506, 6.925499264138207, 6.929624688737895, 923.7682982311967, 15.40189547241017
0.7007007007007008, 6.93090372554111, 6.935004914808949, 918.3380702116065, 15.432204005400328
0.7507507507507507, 6.936452768574965, 6.9404344014637935, 912.9639818182679, 15.462435385767236
0.8008008008008008, 6.942122615969365, 6.945938165038418, 907.6451597646767, 15.492590409467505
0.8508508508508509, 6.947903357001074, 6.951528690234477, 902.3807482618095, 15.52266986479442
0.9009009009009009, 6.953791489088638, 6.957212705650262, 897.1699083495256, 15.55267453354229
0.950950950950951, 6.959786437767253, 6.9629943469590225, 892.0118177912997, 15.582605191499749
1.001001001001001, 6.965889003978745, 6.968876565477571, 886.905669947223, 15.612462609053761
1.0510510510510511, 6.972100653747507, 6.974861775742133, 881.8506737061153, 15.64224755132929
1.1011011011011012, 6.978423216799489, 6.980952131748585, 876.8460533165552, 15.67196077831856
1.1511511511511512, 6.984858670340525, 6.987149723177385, 871.8910476547348, 15.701603045190742
1.2012012012012012, 6.991409099709204, 6.99345661447781, 866.9849101880772, 15.731175102349713
1.2512512512512513, 6.998076666139312, 6.999874876507629, 862.1269086893427, 15.760677695578378
1.3013013013013013, 7.0048635839672615, 7.0064066060238455, 857.3163243305709, 15.790111566383471
1.3513513513513515, 7.011772119547925, 7.0130539298890815, 852.5524516090968, 15.819477452054095
1.4014014014014016, 7.0188045885234835, 7.0198190121556046, 847.8345984595258, 15.848776085684177
1.4514514514514514, 7.0259633503273875, 7.02670405658446, 843.1620851546354, 15.878008196574712
1.5015015015015014, 7.033250815667873, 7.0337113133524145, 838.5342452235546, 15.9071745100547
1.5515515515515517, 7.040669434796946, 7.040843068600531, 833.9504229284187, 15.936275748190724
1.6016016016016017, 7.048221709404972, 7.048101654434714, 829.4099760186538, 15.96531262898279
1.6516516516516517, 7.05591019852616, 7.0554894468279645, 824.9122717760994, 15.994285867978212
1.7017017017017018, 7.063737518043526, 7.063008872479564, 820.4566922716174, 16.023196176275157
1.751751751751752, 7.0717063392584, 7.070662405342844, 816.04263147103, 16.052044261627355
1.8018018018018018, 7.079819385198665, 7.078452559245041, 811.669488993535, 16.080830830828557
1.851851851851852, 7.088079435694784, 7.086381897085696, 807.3366779568516, 16.10955658671405
1.901901901901902, 7.096489327878928, 7.094453038596955, 803.0436217662701, 16.13822222958182
1.951951951951952, 7.105051957331131, 7.102668667120734, 798.789753155887, 16.16682845769196
2.002002002002002, 7.113770156049112, 7.1110313879447276, 794.5744957014479, 16.195375970947634
2.052052052052052, 7.1226472729907, 7.1195443579519555, 790.397359850763, 16.2238654495651
2.1021021021021022, 7.131686073064831, 7.1282101254079615, 786.2577560045165, 16.252297597028765
2.1521521521521523, 7.140889749399539, 7.1370316831794085, 782.1551677796144, 16.280673099794328
2.2022022022022023, 7.150261524575476, 7.146012038468332, 778.0890787844422, 16.308992644990504
2.2522522522522523, 7.159804742383709, 7.155154181720349, 774.0589782184585, 16.337256918898877
2.3023023023023024, 7.16952282086579, 7.164461163099061, 770.0643640923278, 16.36546660617945
2.3523523523523524, 7.179419185210831, 7.173936163442699, 766.1047429409497, 16.39362239018401
2.4024024024024024, 7.189497327823756, 7.183582447059172, 762.1796298123242, 16.4217249530659
2.452452452452453, 7.199760853107821, 7.193403314444922, 758.2885474374668, 16.44977497600599
2.5025025025025025, 7.210213461421423, 7.203402133821927, 754.4310267629611, 16.477773139268162
2.552552552552553, 7.220858927818539, 7.213582358372088, 750.6066064101578, 16.50572012240617
2.6026026026026026, 7.231701103987803, 7.223947522872734, 746.8148322381267, 16.533616604421354
2.6526526526526526, 7.242743930934388, 7.234501239774997, 743.0552573200979, 16.56146326389243
2.702702702702703, 7.25399145675631, 7.245247202772503, 739.3274423325795, 16.589260779124
2.7527527527527527, 7.265447833075874, 7.256189194323888, 735.6309558724615, 16.617009828099267
2.802802802802803, 7.277117307844032, 7.267331071969943, 731.9653721000659, 16.644711089157425
2.852852852852853, 7.289004243475127, 7.278676795143719, 728.3302734654112, 16.672365240542536
2.9029029029029028, 7.301113086020956, 7.290230415050246, 724.7252474771176, 16.69997296113892
2.9529529529529532, 7.313448391876266, 7.3019960812419535, 721.1498887437529, 16.727534930116185
3.003003003003003, 7.326014834381458, 7.313978048147523, 717.6037980838639, 16.755051827499663
3.0530530530530533, 7.338817193797683, 7.326180659315046, 714.0865822303879, 16.78252433389239
3.1031031031031033, 7.351860430101566, 7.338608381302956, 710.5978556335982, 16.809953131352284
3.1531531531531534, 7.365149577560909, 7.351265748947042, 707.1372364821168, 16.837338902599505
3.2032032032032034, 7.378689823929412, 7.364157432789449, 703.7043498009944, 16.86468233200418
3.2532532532532534, 7.392486471448999, 7.377288240951695, 700.2988264158771, 16.891984105461486
3.3033033033033035, 7.4065449464434066, 7.390663084428234, 696.9203019871949, 16.919244910358458
3.3533533533533535, 7.420870841142757, 7.404286997635013, 693.5684181385051, 16.94646543605005
3.4034034034034035, 7.435469902364251, 7.418165133821543, 690.2428216978946, 16.973646373929654
3.4534534534534536, 7.45034802207716, 7.432302781280131, 686.9431643866423, 17.00078841766767
3.503503503503504, 7.465511251747379, 7.446705369195121, 683.6691033370611, 17.027892263305947
3.5535535535535536, 7.48096581309892, 7.461378463001784, 680.4203013358757, 17.054958609245734
3.6036036036036037, 7.496718085723242, 7.476327775341961, 677.196424540993, 17.081988157149954
3.6536536536536537, 7.512774645914328, 7.4915591843757845, 673.9971453464213, 17.10898161165241
3.703703703703704, 7.529142255787106, 7.507078729357197, 670.8221413443188, 17.1359396805303
3.753753753753754, 7.545827831466215, 7.5228925973129055, 667.6710924193134, 17.162863075158725
3.803803803803804, 7.562838478899614, 7.5390071376710885, 664.5436841355776, 17.189752509954086
3.853853853853854, 7.580181527436078, 7.555428878293537, 661.4396063008767, 17.216608703586033
3.903903903903904, 7.59786453303325, 7.572164527004594, 658.358552834953, 17.24343237909114
3.9539539539539543, 7.615895241003612, 7.5892209545703455, 655.3002222114835, 17.270224262963715
4.004004004004004, 7.634281668006415, 7.606605235353621, 652.2643165837663, 17.29698508716493
4.054054054054054, 7.653032056912819, 7.624324624536545, 649.2505422537612, 17.323715588015816
4.104104104104104, 7.672154872955506, 7.642386569494378, 646.2586096333353, 17.350416506321825
4.1541541541541545, 7.691658835848348, 7.660798782544898, 643.2882325760501, 17.377088589090395
4.2042042042042045, 7.7115529051503025, 7.6795691875822, 640.3391288180586, 17.403732588404058
4.2542542542542545, 7.7318463081581985, 7.698705952500979, 637.4110196763029, 17.430349262338694
4.3043043043043046, 7.752548533969321, 7.718217472846708, 634.5036301519864, 17.45693937461797
4.354354354354355, 7.773669428205467, 7.738112361740247, 631.6166885725861, 17.48350369573633
4.404404404404405, 7.795219135375596, 7.758399463541418, 628.7499267763786, 17.510043002392337
4.454454454454455, 7.817208122300171, 7.779087905351148, 625.9030798031342, 17.53655807857829
4.504504504504505, 7.839647171360809, 7.800187072591044, 623.0758860236339, 17.563049715121043
4.554554554554555, 7.862547377024918, 7.8217066819485375, 620.2680868732032, 17.589518710716522
4.604604604604605, 7.885920151495229, 7.843656751966699, 617.4794269441891, 17.615965871566853
4.654654654654655, 7.909777305881887, 7.86604758839506, 614.7096538016158, 17.64239201215583
4.704704704704705, 7.934131070270563, 7.888889793350564, 611.9585178960214, 17.66879795562174
4.754754754754755, 7.958994089376377, 7.912194271310794, 609.2257725766462, 17.695184533767538
4.804804804804805, 7.984379384444326, 7.935972303103753, 606.5111739638413, 17.721552587643703
4.854854854854855, 8.01030038413496, 7.960235541012649, 603.81448089459, 17.747902967831788
4.904904904904906, 8.0367709785019, 7.984995996225117, 601.135454839308, 17.774236534883517
4.954954954954955, 8.063805543106954, 8.010266047651857, 598.4738598357185, 17.800554159694155
5.005005005005005, 8.091418935088347, 8.03605846994119, 595.8294624337985, 17.826856723822804
5.055055055055055, 8.119626500944952, 8.062386471440556, 593.202031599844, 17.853145120063036
5.105105105105106, 8.148444113921874, 8.089263687853082, 590.5913386692921, 17.879420252753032
5.155155155155156, 8.177888204080983, 8.116704195845758, 587.9971572722095, 17.905683038254846
5.205205205205205, 8.207975770941818, 8.144722539550141, 585.4192632669125, 17.931934405408654
5.255255255255255, 8.23872440488843, 8.173333751586853, 582.8574346736806, 17.95817529600242
5.305305305305305, 8.270152319831192, 8.202553372715645, 580.3114515991731, 17.984406665330184
5.355355355355356, 8.302278374459663, 8.232397465553484, 577.7810961883293, 18.010629482562372
5.405405405405406, 8.335122097189556, 8.262882637372995, 575.2661525628498, 18.03684473124298
5.455455455455455, 8.368703725474909, 8.294026069826593, 572.7664067278683, 18.0630534100171
5.505505505505505, 8.403044232671903, 8.32584554283967, 570.2816465188462, 18.089256533141075
5.555555555555555, 8.438165345752155, 8.358359448263768, 567.8116615617922, 18.11545513080705
5.605605605605606, 8.474089608956799, 8.391586838781697, 565.3562431530695, 18.14165025025823
5.655655655655656, 8.510840375888566, 8.425547421888647, 562.9151842760334, 18.167842955646698
5.705705705705706, 8.54844190289737, 8.46026163201121, 560.4882794341147, 18.194034329649966
5.7557557557557555, 8.586919326124036, 8.495750614454685, 558.0753246970339, 18.220225473072478
5.8058058058058055, 8.626298769570996, 8.532036312508213, 555.676117518338, 18.246417506715414
5.855855855855856, 8.666607288428198, 8.56914142042937, 553.2904568261464, 18.27261157039902
5.9059059059059065, 8.707872985984668, 8.607089473317362, 550.9181428602285, 18.29880882484223
5.9559559559559565, 8.750125096133255, 8.645904909727406, 548.5589770594605, 18.325010452974414
6.006006006006006, 8.793393998757551, 8.68561308656219, 546.2127619959199, 18.35121766034452
6.056056056056057, 8.837711232952605, 8.726240296837254, 543.8793014319323, 18.377431675171604
6.106106106106107, 8.883109553242347, 8.767813813790546, 541.5584002343579, 18.40365374927875
6.156156156156157, 8.929623014814803, 8.810361954137843, 539.2498642190301, 18.42988515955006
6.206206206206207, 8.977287040166058, 8.853914140585845, 536.9535001423494, 18.456127208751155
6.256256256256257, 9.026138457814783, 8.89850093103042, 534.6691156278015, 18.482381226235585
6.306306306306307, 9.076215559422176, 8.94415406078735, 532.396519096285, 18.50864856881936
6.356356356356357, 9.127558236726296, 8.990906525368668, 530.1355196926462, 18.53493062237769
6.406406406406407, 9.18020799181041, 9.038792606167144, 527.8859272274584, 18.561228802298732
6.456456456456457, 9.234208015372445, 9.087847936720685, 525.6475521089526, 18.587544554608094
6.506506506506507, 9.289603303055529, 9.138109620490226, 523.4202052698247, 18.613879357615307
6.556556556556557, 9.346440687072135, 9.189616230963882, 521.2036981054042, 18.640234722383283
6.606606606606607, 9.404768939602823, 9.2424079137279, 518.9978424006823, 18.66661219420801
6.656656656656657, 9.46463889125412, 9.296526507469615, 516.8024502538302, 18.69301335429873
6.706706706706707, 9.526103461146903, 9.35201554787207, 514.6173340174512, 18.71943982025361
6.756756756756757, 9.589217825549232, 9.408920386680347, 512.4423062205473, 18.745893247932713
6.806806806806807, 9.654039548394403, 9.467288282034703, 510.2771794954139, 18.772375332967844
6.856856856856857, 9.720628598823154, 9.527168444979559, 508.1217665138796, 18.798887811491465
6.906906906906907, 9.789047538939247, 9.588612214203703, 505.975879903965, 18.825432462385287
6.956956956956957, 9.859361621264588, 9.651673133180402, 503.8393321795604, 18.85201110855885
7.007007007007008, 9.931638870612908, 9.71640700729472, 501.71193567268574, 18.878625618041703
7.057057057057057, 10.00595026853417, 9.782872142917775, 499.5935024455202, 18.90527790654676
7.107107107107107, 10.082369838619986, 9.85112939379771, 497.48384422306776, 18.931969938529953
7.157157157157157, 10.160974774696562, 9.921242262488208, 495.3827723201058, 18.95870372872333
7.207207207207207, 10.241845728011286, 9.993277113405526, 493.290097556905, 18.98548134486024
7.257257257257258, 10.325066829078803, 10.067303233080201, 491.2056301900768, 19.01230490861523
7.307307307307307, 10.410725859859923, 10.143392997400952, 489.1291798347768, 19.039176597637674
7.357357357357358, 10.498914496144373, 10.221622151518813, 487.06055538094876, 19.066098648382326
7.407407407407408, 10.589728377685507, 10.302069816281058, 484.99956492409734, 19.093073356998055
7.457457457457458, 10.683267305758111, 10.3848187535436, 482.94601568490776, 19.120103081900297
7.507507507507508, 10.779635443809687, 10.469955671352011, 480.8997139285313, 19.14719024652967
7.557557557557558, 10.87894142882517, 10.557571221543059, 478.8604648919344, 19.17433734038479
7.607607607607608, 10.98129865182145, 10.647760333789183, 476.82807271121663, 19.201546922056657
7.657657657657658, 11.086825477865043, 10.740622450036524, 474.80234034771377, 19.228821621653168
7.707707707707708, 11.195645330005577, 10.836261625188852, 472.78306950645634, 19.256164142307636
7.757757757757758, 11.30788696499191, 10.9347869743578, 470.77006057811667, 19.28357726351142
7.807807807807808, 11.423684655232018, 11.036312859886964, 468.7631125623016, 19.31106384324685
7.857857857857859, 11.54317835811314, 11.14095905036557, 466.7620229892863, 19.338626819980846
7.907907907907909, 11.666513894760142, 11.248851277973028, 464.76658787927494, 19.366269216017198
7.957957957957959, 11.793843147374647, 11.360121430073727, 462.77660166474385, 19.393994139700887
8.008008008008009, 11.92532428194263, 11.474907835438305, 460.79185713890445, 19.421804787842365
8.058058058058059, 12.061121968737654, 11.59335562819791, 458.8121454146705, 19.449704448364816
8.108108108108109, 12.201407522974462, 11.715617057391682, 456.8372558517148, 19.477696502814343
8.158158158158159, 12.346358974043877, 11.841852067275562, 454.8669760618919, 19.5057844290979
8.208208208208209, 12.4961613228403, 11.972228498212818, 452.9010918268591, 19.533971803924736
8.258258258258259, 12.651006549265718, 12.106922644717997, 450.939387114601, 19.562262305249007
8.308308308308309, 12.811093749166334, 12.246119659930478, 448.98164404512744, 19.59065971482142
8.358358358358359, 12.976629253500294, 12.390013946808876, 447.0276428734201, 19.619167920509195
8.408408408408409, 13.147826545305067, 12.538809741407414, 445.0771620670948, 19.64779091813494
8.458458458458459, 13.32490646526948, 12.692721450074654, 443.1299782262685, 19.67653281430629
8.508508508508509, 13.508096795548102, 12.851974338254381, 441.1858662359387, 19.705397827418928
8.558558558558559, 13.697632458203469, 13.01680491998215, 439.24459922430424, 19.734390290321908
8.608608608608609, 13.893755224880593, 13.187461507133227, 437.30594866559454, 19.763514651511798
8.65865865865866, 14.096713177906027, 13.364204832016288, 435.36968455789895, 19.792775475541454
8.70870870870871, 14.30676071160456, 13.54730843460369, 433.43557546428934, 19.822177444664735
8.75875875875876, 14.524158092661533, 13.737059201800074, 431.50338865786273, 19.851725359433264
8.80880880880881, 14.749170575313274, 13.933757968336582, 429.57289035165985, 19.881424138171734
8.85885885885886, 14.982067908385597, 14.137719950237829, 427.6438458742239, 19.911278816942158
8.90890890890891, 15.223123462748111, 14.349275191874135, 425.7160199314694, 19.941294548316876
8.95895895895896, 15.472613193661946, 14.568768950369671, 423.7891769056239, 19.971476599483378
9.00900900900901, 15.7308145913837, 14.796562072144111, 421.8630811572675, 20.001830350286493
9.05905905905906, 15.998005126265417, 15.03303121358391, 419.9374974422644, 20.032361289283482
9.10910910910911, 16.274460843310173, 15.278569031507274, 418.01219130696165, 20.06307501009798
9.15915915915916, 16.56045452742582, 15.533584215121358, 416.0869295842105, 20.093977205997955
9.20920920920921, 16.856253587340323, 15.798501312191716, 414.16148095478275, 20.125073663115753
9.259259259259261, 17.162117971315258, 16.07376056200301, 412.23561650422994, 20.15637025375706
9.30930930930931, 17.47829736742795, 16.359817233943833, 410.30911045532025, 20.18787292620937
9.35935935935936, 17.80502857728746, 16.65714099362407, 408.3817408621701, 20.219587695161433
9.40940940940941, 18.142532367289125, 16.96621487831628, 406.4532904344286, 20.251520629483576
9.45945945945946, 18.491009957577575, 17.287533790240197, 404.52354746161535, 20.283677837619425
9.50950950950951, 18.85063961527246, 17.621603073942993, 402.59230671318204, 20.31606545348701
9.55955955955956, 19.221572442529272, 17.968936085759307, 400.6593705624371, 20.348689617167313
9.60960960960961, 19.60392842888804, 18.330051866560378, 398.72455005649203, 20.38155645653497
9.65965965965966, 19.997792029029824, 18.705472163927645, 396.7876661236589, 20.414672065611366
9.70970970970971, 20.403207542848804, 19.095717635083457, 394.84855088962706, 20.448042479594314
9.759759759759762, 20.82017465480721, 19.50130429827113, 392.90704894781925, 20.481673651016422
9.809809809809812, 21.248643588479712, 19.922738507007015, 390.96301883559534, 20.515571419723578
9.85985985985986, 21.688510650835447, 20.36051218506886, 389.0163344359539, 20.549741484231138
9.90990990990991, 22.139613637195726, 20.815097306425006, 387.06688647836467, 20.58418936994858
9.95995995995996, 22.60172779865462, 21.286939547002554, 385.1145840683599, 20.618920394446413
10.01001001001001, 23.074561842151027, 21.77645236440942, 383.1593561700364, 20.653939634321233
10.06006006006006, 23.557754815369243, 22.28400983026629, 381.20115313257674, 20.689251887443973
10.11011011011011, 24.05087349828911, 22.8099400165297, 379.23994811157553, 20.7248616372487
10.16016016016016, 24.553410223273303, 23.354517918116052, 377.2757384973155, 20.7607730152826
10.210210210210212, 25.064782649749446, 23.917958543997432, 375.3085471407204, 20.796989764196464
10.260260260260262, 25.584332900415067, 24.500410287515187, 373.33842361213397, 20.83351520169147
10.310310310310312, 26.11133007405825, 25.101948792960883, 371.3654450884198, 20.870352185794072
10.360360360360362, 26.64497183499225, 25.722571397605762, 369.38971724977114, 20.907503082275635
10.41041041041041, 27.18438836439268, 26.362192356533946, 367.4113748828456, 20.944969734261527
10.46046046046046, 27.72864744320554, 27.02063902119965, 365.4305822630572, 20.982753434977685
10.51051051051051, 28.276760799489132, 27.69764941047463, 363.4475332352895, 21.0208549052695
10.56056056056056, 28.827691407803663, 28.392870831146794, 361.46245107331464, 21.059274274612466
10.61061061061061, 29.380361855000938, 29.10585980549639, 359.47558805979514, 21.098011066741435
10.66066066066066, 29.933663787650787, 29.83608362155787, 357.4872247338426, 21.137064191121258
10.710710710710712, 30.486467976371845, 30.582923362303458, 355.49766884210084, 21.17643194015603
10.760760760760762, 31.03763451200074, 31.34567762833978, 353.5072541472629, 21.216111989438534
10.810810810810812, 31.586024305014977, 32.123569149133374, 351.51633864582584, 21.256101409338385
10.860860860860862, 32.13050896784124, 32.91575031838593, 349.52530298944686, 21.29639667448988
10.91091091091091, 32.669981970098725, 33.7213114832613, 347.53454834047125, 21.33699368413462
10.96096096096096, 33.20336833744037, 34.53928904147355, 345.54449424955936, 21.37788778431259
11.01101101101101, 33.729634387395535, 35.368674676694425, 343.55557625255767, 21.419073796384172
11.06106106106106, 34.24779631690222, 36.20842472387108, 341.5682434128804, 21.460546048681223
11.11111111111111, 34.756927690948956, 37.057469464703104, 339.5829558288207, 21.50229841085134
11.161161161161163, 35.256166180057335, 37.914722736695445, 337.60018203691664, 21.544324331945585
11.211211211211213, 35.744718842725085, 38.77909095281921, 335.6203964745995, 21.586616879803316
11.261261261261263, 36.22186636036714, 39.64948178574097, 333.6440769702393, 21.6291687818607
11.311311311311313, 36.68696606435986, 40.52481242958458, 331.67170227045267, 21.67197246741719
11.361361361361363, 37.13945372688014, 41.40401688275414, 329.7037497294408, 21.71502010891339
11.411411411411413, 37.578844329112805, 42.28605276840366, 327.74069306247156, 21.75830366389781
11.461461461461461, 38.004731706542486, 43.16990717464162, 325.7830002741278, 21.80181491561518
11.511511511511511, 38.41678737243297, 44.054601684780394, 323.8311317537286, 21.84554551198651
11.561561561561561, 38.814758157341025, 44.93919677841718, 321.885538456556, 21.889487005045613
11.611611611611611, 39.198463868167096, 45.822795001104204, 319.9466604396191, 21.93363088399023
11.661661661661663, 39.56779330768374, 46.70454377198174, 318.01492537333536, 21.977968611415776
11.711711711711713, 39.92270094020212, 47.5836373516812, 316.09074738355076, 22.022491652741454
11.761761761761763, 40.26320198386707, 48.45931799602958, 314.17452597854304, 22.06719150664546
11.811811811811813, 40.589368482232324, 49.3308768358073, 312.2666452036464, 22.112059730156254
11.861861861861863, 40.90132393674706, 50.19765378403783, 310.36747293578134, 22.157087963503418
11.911911911911913, 41.19923908014084, 51.05903753029658, 308.4773603266215, 22.202267950823995
11.961961961961963, 41.48332648966375, 51.91446452803075, 306.59664142507205, 22.247591559504478
12.012012012012011, 41.75383631032947, 52.763418298062255, 304.7256328785975, 22.29305079662954
12.062062062062061, 42.01105116695087, 53.60542781732476, 302.86463382871534, 22.338637823308357
12.112112112112113, 42.25528205834339, 54.440066311286905, 301.01392583757575, 22.384344967087323
12.162162162162163, 42.4868637643985, 55.26694931194737, 299.17377299886533, 22.43016473194152
12.212212212212213, 42.70615106526259, 56.08573311273887, 297.34442205228765, 22.47608980703425
12.262262262262263, 42.9135147613286, 56.896112697134676, 295.52610265714605, 22.522113073076845
12.312312312312313, 43.10933833108826, 57.69782001209663, 293.7190276569993, 22.568227607887927
12.362362362362363, 43.29401460360505, 58.490621917516634, 291.9233934692542, 22.614426689825947
12.412412412412413, 43.467942929634155, 59.27431842071648, 290.13938046267816, 22.66070380065805
12.462462462462463, 43.631526520649686, 60.04874081200677, 288.3671534107208, 22.70705262692014
12.512512512512513, 43.78517015376676, 60.81374991700069, 286.6068619700035, 22.753467060285764
12.562562562562562, 43.92927813085367, 61.56923431706939, 284.8586412320379, 22.799941196378615
12.612612612612613, 44.06425276384006, 62.31510951565225, 283.12261208513115, 22.846469336129257
12.662662662662663, 44.19049292927962, 63.051316101685615, 281.39888190510356, 22.893045981392692
12.712712712712714, 44.30839405390922, 63.77782072697654, 279.68754493666927, 22.93966583573514
12.762762762762764, 44.418347588974456, 64.49461537109431, 277.98868287818374, 22.986323800941104
12.812812812812814, 44.52073755149786, 65.20171262265127, 276.302365409406, 23.033014974350163
12.862862862862864, 44.61593199286291, 65.89913419099439, 274.6286506188446, 23.07973464777917
12.912912912912914, 44.704274809796985, 66.58689724836084, 272.96758589621254, 23.126478294128002
12.962962962962964, 44.7860797480636, 67.26500383110262, 271.31920877958567, 23.173241554183072
13.013013013013014, 44.86165571076134, 67.93347467247581, 269.683547569596, 23.220020228275196
13.063063063063064, 44.93129433247107, 68.59233150981362, 268.0606217883114, 23.26681027277336
13.113113113113114, 44.99527315910424, 69.24160018797502, 266.45044275681295, 23.313607792290636
13.163163163163164, 45.0538571279673, 69.8813116599276, 264.85301411695485, 23.360409033446565
13.213213213213214, 45.10729919634921, 70.51150209299297, 263.2683322139524, 23.407210380369172
13.263263263263264, 45.15584102201953, 71.13221282429721, 261.6963865696455, 23.454008349161004
13.313313313313314, 45.19971379465653, 71.74349038140825, 260.13716043375246, 23.500799581442525
13.363363363363364, 45.23913830373272, 72.34538616820771, 258.59063095049373, 23.54758084245779
13.413413413413414, 45.27432564577983, 72.93795640666663, 257.0567696493573, 23.594349015309394
13.463463463463464, 45.30547753224788, 73.52126182416518, 255.53554274129488, 23.641101097414648
13.513513513513514, 45.332786777982456, 74.09536749754524, 254.02691149242736, 23.687834196099004
13.563563563563564, 45.35643761197425, 74.6603425490915, 252.53083250628768, 23.73454552516461
13.613613613613614, 45.37660605092132, 75.21625992547425, 251.04725803504067, 23.781232401134083
13.663663663663664, 45.393460217582096, 75.76319612572532, 249.5761362555893, 23.8278922398514
13.713713713713714, 45.40716063828298, 76.30123094289092, 248.11741150605133, 23.874522553421357
13.763763763763764, 45.41786063902285, 76.8304472211847, 246.67102463005736, 23.921120946164653
13.813813813813814, 45.425706629233204, 77.35093060334059, 245.2369132072337, 23.967685111626167
13.863863863863864, 45.43083819772334, 77.86276927714533, 243.81501159639774, 24.014212831323203
13.913913913913914, 45.43338863741917, 78.36605372153633, 242.40525140658377, 24.060701969519126
13.963963963963964, 45.43348511510265, 78.86087649936901, 241.00756160260428, 24.1071504713736
14.014014014014016, 45.43124882605417, 79.3473320765043, 239.6218685890313, 24.153556361282472
14.064064064064066, 45.426795441063625, 79.82551650045332, 238.2480966204968, 24.199917738243766
14.114114114114114, 45.4202352063298, 80.29552729896466, 236.8861678174726, 24.24623277482307
14.164164164164164, 45.41167317915682, 80.7574632794466, 235.53600233797675, 24.29249971469473
14.214214214214214, 45.40120956992565, 81.21142423607989, 234.19751867374902, 24.3387168690454
14.264264264264265, 45.38893980511568, 81.65751093131261, 232.87063363398934, 24.38488261586628
14.314314314314315, 45.37495481454994, 82.09582484360874, 231.55526257408576, 24.43099539696556
14.364364364364365, 45.3593412810726, 82.5264679578113, 230.2513195845749, 24.477053715356245
14.414414414414415, 45.34218170230256, 82.9495427721325, 228.95871748227125, 24.52305613451752
14.464464464464465, 45.323554683859314, 83.3651520318852, 227.67736804302734, 24.569001275356133
14.514514514514516, 45.30353512405613, 83.77339859311091, 226.40718212458182, 24.61488781422789
14.564564564564566, 45.2821942672665, 84.17438544400947, 225.1480696607734, 24.660714482217244
14.614614614614615, 45.25960000517001, 84.56821542798089, 223.89993989480521, 24.70648006206337
14.664664664664665, 45.23581700629829, 84.95499117309701, 222.66270144815724, 24.75218338670917
14.714714714714717, 45.210906813698465, 85.33481505205548, 221.4362623776135, 24.79782333803752
14.764764764764765, 45.18492799457647, 85.70778908941806, 220.22053025682914, 24.843398845269924
14.814814814814817, 45.15793626637035, 86.07401489521796, 219.0154122394399, 24.888908883562546
14.864864864864865, 45.12998467469359, 86.4335935334056, 217.8208151861641, 24.93435247205511
14.914914914914917, 45.10112381562162, 86.78662533851269, 216.63664583449065, 24.979728671517552
14.964964964964965, 45.07140178943742, 87.1332100523559, 215.4628106931937, 25.025036584553128
15.015015015015017, 45.04086437060069, 87.47344670046793, 214.299216162353, 25.07027535372439
15.065065065065065, 45.009555165227624, 87.80743346465567, 213.14576865940248, 25.115444159661575
15.115115115115117, 44.97751567512266, 88.13526769805321, 212.002374619984, 25.160542220287216
15.165165165165165, 44.944785396814446, 88.45704588237025, 210.86894055105924, 25.205568789590597
15.215215215215215, 44.91140193203369, 88.77286356055217, 209.74537310279658, 25.25052315626706
15.265265265265267, 44.87740107861282, 89.08281529912162, 208.6315791176448, 25.295404642557735
15.315315315315315, 44.842816902949565, 89.38699467949803, 207.52746565842685, 25.340212603267595
15.365365365365367, 44.807681832511435, 89.68549425671485, 206.43294005855446, 25.38494642462047
15.415415415415415, 44.77202676835013, 89.97840550505013, 205.34790997698786, 25.429605523067643
15.465465465465467, 44.735881124899635, 90.2658188294027, 204.27228341605144, 25.4741893444568
15.515515515515515, 44.69927291006273, 90.54782354033907, 203.20596875845288, 25.518697363029716
15.565565565565567, 44.662228795315784, 90.8245078215863, 202.1488748117276, 25.56312908038669
15.615615615615615, 44.624774178861635, 91.09595872445166, 201.10091083188502, 25.607484024623915
15.665665665665667, 44.58693324462126, 91.36226216437399, 200.0619865454433, 25.651761749498775
15.715715715715717, 44.54872902671476, 91.62350290212541, 199.0320121816733, 25.695961833523082
15.765765765765765, 44.51018347768922, 91.87976452335762, 198.0108985044965, 25.740083879064706
15.815815815815817, 44.47131750021264, 92.13112945642493, 196.99855682109896, 25.78412751167898
15.865865865865866, 44.43215100359255, 92.37767896271471, 195.99489900618465, 25.828092379302692
15.915915915915917, 44.39270296853586, 92.61949311787902, 194.99983753115302, 25.871978151407458
15.965965965965966, 44.35299147896609, 92.85665082641532, 194.01328547261068, 25.915784518365676
16.016016016016017, 44.31303376940653, 93.08922982128797, 193.0351565304399, 25.959511190712096
16.066066066066064, 44.2728462456908, 93.3173066755584, 192.0653650320987, 26.00315789867046
16.116116116116117, 44.23244457583339, 93.54095677004068, 191.10382597909324, 26.04672439098955
16.166166166166168, 44.19184367189062, 93.7602543412212, 190.15045502202258, 26.090210434849055
16.216216216216218, 44.15105775037936, 93.97527246773039, 189.2051684882132, 26.13361581500959
16.266266266266268, 44.110100378003736, 94.18608306584935, 188.26788339801516, 26.17694033316166
16.316316316316318, 44.06898448021757, 94.39275691851991, 187.33851746081024, 26.220183807488972
16.366366366366368, 44.02772237550659, 94.59536368116856, 186.41698908505975, 26.26334607208343
16.416416416416418, 43.98632581184869, 94.79397188159575, 185.5032173896425, 26.306426976389496
16.466466466466468, 43.94480600272048, 94.98864891979588, 184.5971222149555, 26.349426384656226
16.516516516516518, 43.90317364504062, 95.17946109617476, 183.69862412385146, 26.392344175365526
16.566566566566568, 43.86143895368538, 95.36647361324104, 182.80764441189393, 26.435180240687608
16.616616616616618, 43.81961165077649, 95.5497505988242, 181.9241050914571, 26.477934486440425
16.666666666666668, 43.77770100449081, 95.72935511188903, 181.04792890455232, 26.5206068314272
16.716716716716718, 43.73571588125838, 95.90534914361469, 180.1790393434212, 26.563197206606077
16.766766766766768, 43.693664753834526, 96.07779363423548, 179.3173606454586, 26.605705554813145
16.816816816816818, 43.651555664552994, 96.24674850758831, 178.46281776124596, 26.648131831050392
16.866866866866868, 43.60939629890583, 96.41227266314051, 177.61533638826307, 26.690476001384816
16.916916916916918, 43.56719401062493, 96.57442398670872, 176.774842975728, 26.732738042458074
16.966966966966968, 43.524955822430584, 96.73325936954438, 175.94126471475687, 26.774917941319945
17.017017017017018, 43.48268840169129, 96.88883473407579, 175.11452951300444, 26.817015695629816
17.067067067067065, 43.44039813365755, 97.04120503052047, 174.29456602903082, 26.859031312483037
17.117117117117118, 43.39809112648881, 97.19042425386026, 173.48130366491802, 26.90096480819854
17.167167167167168, 43.355773204467496, 97.33654546230701, 172.67467255313608, 26.942816208269775
17.217217217217218, 43.3134499028726, 97.47962079515504, 171.87460354451053, 26.984585547292088
17.26726726726727, 43.271126527682014, 97.619701477236, 171.08102823154138, 27.026272867985664
17.31731731731732, 43.22880815319751, 97.75683783615061, 170.293878937871, 27.06787822108527
17.36736736736737, 43.186499598535185, 97.89107931935541, 169.51308869617506, 27.10940166559153
17.41741741741742, 43.144205461405875, 98.02247450621553, 168.7385912573722, 27.150843268122397
17.46746746746747, 43.101930153189286, 98.15107111994453, 167.97032110053996, 27.192203102244306
17.51751751751752, 43.05967789789609, 98.27691604269509, 167.2082134230905, 27.233481248370815
17.56756756756757, 43.01745274139419, 98.40005532946765, 166.45220413670333, 27.27467779350128
17.61761761761762, 42.97525848441839, 98.52053422334083, 165.70222982432205, 27.315792832181593
17.66766766766767, 42.93309876419666, 98.63839716812475, 164.958227773074, 27.356826465081934
17.71771771771772, 42.890977075548626, 98.7536878220638, 164.22013597626815, 27.397778798545083
17.76776776776777, 42.84889676274991, 98.86644907204644, 163.48789312045923, 27.438649944603426
17.81781781781782, 42.80686102297009, 98.97672304620883, 162.76143857858003, 27.479440020829248
17.86786786786787, 42.76487286273907, 99.08455111759481, 162.04071238017144, 27.52014915106843
17.91791791791792, 42.72293516849433, 99.18997392953708, 161.32565523723864, 27.560777464028444
17.96796796796797, 42.681050706506525, 99.29303140759195, 160.6162085356721, 27.60132509319464
18.01801801801802, 42.6392221234533, 99.39376277159751, 159.91231432698405, 27.641792176734395
18.06806806806807, 42.5974519442272, 99.49220654536114, 159.21391531924405, 27.682178857472607
18.11811811811812, 42.55574254203791, 99.588400556126, 158.52095485597238, 27.722485283440424
18.16816816816817, 42.514096200311975, 99.682381967903, 157.83337693493158, 27.762711606524874
18.21821821821822, 42.472515103890274, 99.77418728871942, 157.15112619618884, 27.802857982581177
18.26826826826827, 42.43100134236941, 99.86385238234797, 156.4741479154561, 27.842924571293807
18.31831831831832, 42.3895569012935, 99.95141247417637, 155.80238799405262, 27.882911536275934
18.36836836836837, 42.34818364450208, 100.03690215301788, 155.13579294612347, 27.922819045344387
18.41841841841842, 42.30688336684976, 100.12035540522047, 154.47430990768882, 27.96264726939833
18.46846846846847, 42.26565778148603, 100.20180561874106, 153.81788662539216, 28.00239638259639
18.518518518518523, 42.22450852386497, 100.28128559489814, 153.16647145043927, 28.04206656220174
18.56856856856857, 42.18343714174185, 100.358827547697, 152.5200133288693, 28.081657988795587
18.61861861861862, 42.14244509487248, 100.43446311148554, 151.87846179439646, 28.121170846239753
18.66866866866867, 42.10153378383958, 100.5082233736171, 151.2417669689675, 28.160605320886056
18.71871871871872, 42.06070454275904, 100.58013887610224, 150.60987955375094, 28.199961601719746
18.76876876876877, 42.01995864314546, 100.6502396268193, 149.98275082309877, 28.239239880214413
18.81881881881882, 41.979297279301846, 100.71855509153964, 149.36033261609327, 28.278440350680025
18.86886886886887, 41.93872158082782, 100.78511421409885, 148.74257733164916, 28.31756320988726
18.91891891891892, 41.89823262884964, 100.84994544043069, 148.12943792410252, 28.356608656592567
18.96896896896897, 41.857831451202564, 100.91307672075605, 147.52086789604184, 28.39557689162486
19.01901901901902, 41.81751902576889, 100.9745355202367, 146.91682129220732, 28.434468117754577
19.069069069069073, 41.777296270545634, 101.03434881420371, 146.31725269323334, 28.473282539920014
19.11911911911912, 41.737164038562604, 101.09254308902426, 145.72211720944796, 28.512020365323075
19.16916916916917, 41.69712314860614, 101.14914438458707, 145.13137047509764, 28.55068180256105
19.21921921921922, 41.657174375394995, 101.20417828965688, 144.54496864209088, 28.589267061850016
19.26926926926927, 41.61731845193564, 101.25766995138574, 143.96286837388598, 28.627776354920396
19.31931931931932, 41.577556067687915, 101.30964407730119, 143.38502684032198, 28.666209895056248
19.36936936936937, 41.53788785886864, 101.360124923397, 142.81140171413568, 28.704567897401965
19.41941941941942, 41.49831443094244, 101.40913633912014, 142.24195116057416, 28.742850578174522
19.46946946946947, 41.45883635417775, 101.45670176474599, 141.67663383278474, 28.78105815479156
19.519519519519523, 41.41945416481894, 101.50284423868091, 141.11540886600113, 28.819190845808492
19.56956956956957, 41.380168365514635, 101.54758640316206, 140.5582358721913, 28.8572488708816
19.619619619619623, 41.3409794141602, 101.59095048744032, 140.00507493933338, 28.895232451129726
19.66966966966967, 41.30188774155394, 101.63295834696198, 139.4558866191829, 28.933141808504583
19.71971971971972, 41.26289375085343, 101.67363146717953, 138.91063192230874, 28.970977165787307
19.76976976976977, 41.22399781722813, 101.71299096774386, 138.36927231305162, 29.008738746578175
19.81981981981982, 41.18520028916155, 101.75105760984249, 137.83176970389457, 29.04642677522972
19.86986986986987, 41.14650147936374, 101.78785178155151, 137.2980864561322, 29.084041477139266
19.91991991991992, 41.107901674865744, 101.82339352377993, 136.76818536891145, 29.12158307837782
19.969969969969974, 41.069401141201304, 101.8577025437013, 136.24202967185659, 29.15905180552348
20.02002002002002, 41.03100012060586, 101.89079821552538, 135.71958302132137, 29.196447885701897
20.070070070070074, 40.99269883331113, 101.92269958781968, 135.20080949476437, 29.233771546519634
20.12012012012012, 40.95449747353398, 101.95342537474059, 134.68567359073396, 29.271023016233112
20.170170170170174, 40.91639621141644, 101.98299396531263, 134.17414022256108, 29.30820252365334
20.22022022022022, 40.87839520009871, 102.0114234482742, 133.66617470662663, 29.34531029782257
20.27027027027027, 40.84049457360924, 102.03873160907456, 133.16174276033576, 29.382346568098885
20.32032032032032, 40.802694447927244, 102.06493593649172, 132.66081049673915, 29.41931156409983
20.37037037037037, 40.76499491922479, 102.09005362046699, 132.16334442277466, 29.456205515767564
20.420420420420424, 40.72739606129575, 102.1141015474073, 131.66931143855368, 29.493028653469057
20.47047047047047, 40.689897934808215, 102.13709633230812, 131.17867882146692, 29.529781207586893
20.520520520520524, 40.652500584847786, 102.1590543144117, 130.6914142253237, 29.56646340861457
20.57057057057057, 40.61520404163109, 102.17999156273838, 130.207485675421, 29.603075487115152
20.620620620620624, 40.578008320591046, 102.19992387938609, 129.72686156467537, 29.639617673708642
20.67067067067067, 40.540913417395934, 102.2188667852663, 129.24951065792763, 29.67609019928798
20.720720720720724, 40.50391931595583, 102.23683555086518, 128.7754020752975, 29.7124932946489
20.77077077077077, 40.46702598796883, 102.25384519767434, 128.30450528918564, 29.74882719050159
20.82082082082082, 40.430233392752186, 102.2699105006093, 127.83679012081564, 29.78509211746952
20.87087087087087, 40.39354147789518, 102.2850459932405, 127.37222673547639, 29.821288306051496
20.92092092092092, 40.35695017643235, 102.29926595745526, 126.91078564581964, 29.857415986771358
20.970970970970974, 40.320459409472484, 102.3125844375299, 126.45243770252779, 29.893475390033473
21.02102102102102, 40.28406908882523, 102.32501525419114, 125.99715408498686, 29.929466745978363
21.071071071071074, 40.24777911614758, 102.33657200310716, 125.54490630001592, 29.965390284525967
21.12112112112112, 40.21158938351301, 102.34726805974316, 125.09566617730366, 30.00124623534224
21.171171171171174, 40.175499772479, 102.35711657733678, 124.64940586875139, 30.037034827884753
21.22122122122122, 40.139510152662034, 102.366130482615, 124.20609784909892, 30.072756291474224
21.27127127127127, 40.10362038673804, 102.37432250095775, 123.765714899829, 30.108410855027845
21.32132132132132, 40.067830329118756, 102.38170515257937, 123.32823010952937, 30.143998747125483
21.37137137137137, 40.03213982632923, 102.388290756507, 122.89361686982706, 30.179520195986324
21.421421421421424, 39.996548717096715, 102.39409143304337, 122.46184887227417, 30.214975429461784
21.47147147147147, 39.9610568299478, 102.39911909352973, 122.0329001130477, 30.250364675166463
21.521521521521525, 39.92566398714952, 102.40338546244301, 121.60674487775368, 30.285688160257564
21.57157157157157, 39.890370004546796, 102.40690207857746, 121.18335773910118, 30.320946111441714
21.621621621621625, 39.855174691512815, 102.40968029680143, 120.76271355422212, 30.356138754975536
21.67167167167167, 39.82007785130773, 102.41173129187625, 120.3447874607272, 30.391266316643698
21.721721721721725, 39.78507927959592, 102.41306605091268, 119.92955488023526, 30.426329021853448
21.77177177177177, 39.75017876582483, 102.41369538348414, 119.5169915102891, 30.461327095548143
21.82182182182182, 39.71537609465658, 102.41362993206633, 119.10707331605641, 30.496260762117537
21.871871871871875, 39.68067104551741, 102.41288017086234, 118.69977652967052, 30.531130245427015
21.92192192192192, 39.646063392910406, 102.41145640933772, 118.29507764647263, 30.56593576879856
21.971971971971975, 39.611552905904276, 102.40936879049733, 117.89295342495349, 30.600677555043156
22.02202202202202, 39.57713934737592, 102.40662728759006, 117.49338088780081, 30.63535582650849
22.072072072072075, 39.54282247682495, 102.40324172361156, 117.096337306909, 30.669970804903933
22.12212212212212, 39.5086020496152, 102.39922176800181, 116.70180020443176, 30.704522711348275
22.172172172172175, 39.4744778171875, 102.39457693954334, 116.30974734947245, 30.739011766357013
22.22222222222222, 39.44044952730373, 102.38931660944925, 115.92015675464592, 30.773438189827562
22.272272272272275, 39.40651692251796, 102.3834499923813, 115.53300668157445, 30.80780220113746
22.322322322322325, 39.37267974151302, 102.37698615697721, 115.14827563194297, 30.842104019060063
22.37237237237237, 39.338937720343324, 102.36993403573985, 114.76594233902631, 30.876343861686298
22.422422422422425, 39.305290591901546, 102.36230242283348, 114.38598576816801, 30.91052194645945
22.47247247247247, 39.27173808612937, 102.35409997694559, 114.00838511350958, 30.944638490162507
22.522522522522525, 39.23827993003801, 102.34533522255975, 113.6331197959701, 30.978693708919593
22.57257257257257, 39.20491584655337, 102.33601654140699, 113.26016946895733, 31.012687818283396
22.622622622622625, 39.17164555647802, 102.32615218996132, 112.88951400357779, 31.046621033094254
22.67267267267267, 39.138468778359304, 102.31575029943845, 112.52113348761982, 31.080493567492677
22.722722722722725, 39.105385228460555, 102.30481887665653, 112.15500822385773, 31.114305634924317
22.772772772772772, 39.07239462093649, 102.29336580660305, 111.79111872701314, 31.14805744812997
22.822822822822825, 39.03949666746425, 102.28139885035944, 111.42944572455657, 31.181749219174296
22.872872872872875, 39.00669107679894, 102.26892564238192, 111.06997015804139, 31.215381159480042
22.922922922922922, 38.9739775564944, 102.25595370624676, 110.71267316916375, 31.248953479707918
22.972972972972975, 38.94135581240045, 102.2424904514341, 110.3575361015077, 31.282466389794923
23.023023023023022, 38.908825548780605, 102.2285431754023, 110.0045404979141, 31.315920098948457
23.073073073073076, 38.87638646844298, 102.21411906577377, 109.65366809776178, 31.349314815639445
23.123123123123122, 38.844038271929165, 102.19922519430455, 109.30490084140489, 31.382650747660705
23.173173173173176, 38.811780658278224, 102.18386852459014, 108.95822086264664, 31.415928102076215
23.223223223223222, 38.77961332563102, 102.16805591837833, 108.613610482427, 31.44914708518156
23.273273273273276, 38.74753597097312, 102.15179413437082, 108.27105220905113, 31.482307902523885
23.323323323323326, 38.71554829025163, 102.13508983028541, 107.9305287355788, 31.51541075889603
23.373373373373376, 38.68364997837839, 102.11794956368142, 107.59202293833634, 31.548455858339835
23.423423423423426, 38.65184072860135, 102.10037978591167, 107.25551788166983, 31.581443404200666
23.473473473473472, 38.62012023360225, 102.08238685485588, 106.92099680564498, 31.614373599042075
23.523523523523526, 38.58848818540314, 102.06397703469507, 106.58844312551335, 31.64724664465693
23.573573573573572, 38.55694427535832, 102.0451564966143, 106.25784043033622, 31.68006274207166
23.623623623623626, 38.52548819425164, 102.02593132065306, 105.92917248056568, 31.71282209154195
23.673673673673672, 38.49411963187298, 102.00630749123306, 105.60242321165194, 31.745524892592886
23.723723723723726, 38.462838276810146, 101.98629089530222, 105.27757673515671, 31.778171344040715
23.773773773773776, 38.431643817993475, 101.96588734174843, 104.95461731959689, 31.810761643865025
23.823823823823826, 38.400535944078015, 101.94510255457008, 104.63352939629786, 31.843295989265506
23.873873873873876, 38.36951434351183, 101.92394217437445, 104.31429755731044, 31.875774576660085
23.923923923923926, 38.338578704625895, 101.90241176013645, 103.99690655307971, 31.90819760168128
23.973973973973976, 38.30772871572386, 101.88051679095754, 103.68134129011362, 31.94056525917254
24.024024024024023, 38.276964065171924, 101.85826266782452, 103.36758682865191, 31.97287774318455
24.074074074074076, 38.246284441488626, 101.83565471536825, 103.05562838033462, 32.00513524697161
24.124124124124123, 38.21568953175223, 101.81269816636278, 102.74545132275126, 32.03733796310423
24.174174174174176, 38.185179020502716, 101.78939815129863, 102.43704120902665, 32.06948608354761
24.224224224224226, 38.15475259480447, 101.76575975115648, 102.13038371559725, 32.10157979931419
24.274274274274276, 38.12440994192948, 101.74178797447728, 101.82546466402536, 32.133619300626385
24.324324324324326, 38.094150749336606, 101.71748775798697, 101.52227001977708, 32.165604776920546
24.374374374374376, 38.06397470473605, 101.69286396809478, 101.22078589014583, 32.19753641684506
24.424424424424426, 38.03388149615371, 101.66792140239157, 100.92099852217576, 32.229414408258414
24.474474474474476, 38.003870811995725, 101.64266479114828, 100.62289430058532, 32.26123893822732
24.524524524524526, 37.97394234111282, 101.61709879881417, 100.32645974569057, 32.29301019302478
24.574574574574573, 37.944095771746085, 101.59122801098376, 100.03168152641807, 32.324728358217925
24.624624624624627, 37.91433079066078, 101.565056923807, 99.73854647078034, 32.356393618740746
24.674674674674673, 37.88464708672487, 101.53858999113422, 99.44704151640092, 32.38800615861031
24.724724724724727, 37.85504434930806, 101.5118316043811, 99.15715373090119, 32.41956616105847
24.774774774774777, 37.825522268259846, 101.4847860929058, 98.8688703109885, 32.451073808536826
24.824824824824827, 37.79608053395642, 101.45745772527876, 98.58217858061673, 32.48252928271628
24.874874874874877, 37.76671883734746, 101.42985071055257, 98.29706598914707, 32.513932764486505
24.924924924924927, 37.737436870003016, 101.40196919953185, 98.01352010950883, 32.54528443395546
24.974974974974977, 37.70823432416032, 101.37381728604302, 97.73152863636007, 32.57658447044891
25.025025025025027, 37.67911089235235, 101.3453989963236, 97.45107939713421, 32.60783305257362
25.075075075075077, 37.650066267051265, 101.31671827883613, 97.17216036262586, 32.63903035827839
25.125125125125123, 37.62110014211034, 101.28777904515863, 96.89475960217894, 32.670176564640904
25.175175175175177, 37.592212212163375, 101.25858515286698, 96.61886530179041, 32.70127184796598
25.225225225225227, 37.563402172633765, 101.2291404057332, 96.34446576343349, 32.73231638379072
25.275275275275277, 37.534669719774556, 101.19944855480034, 96.07154940342961, 32.76331034688514
25.325325325325327, 37.50601455070836, 101.16951329945759, 95.80010475082051, 32.794253911252696
25.375375375375377, 37.477436363467405, 101.13933828851535, 95.53012044574024, 32.82514725013078
25.425425425425427, 37.44893485703344, 101.1089271212802, 95.26158523778713, 32.85599053599135
25.475475475475477, 37.42050973036318, 101.07828333933224, 94.9944879952427, 32.886783940587705
25.525525525525527, 37.392160681308305, 101.04741041733824, 94.72881771541435, 32.917527635006174
25.575575575575574, 37.36388741024466, 101.01631179701562, 94.46456348464055, 32.94822178950287
25.625625625625627, 37.335689618481396, 100.98499087326373, 94.20171449409557, 32.97886657357865
25.675675675675677, 37.30756700819443, 100.95345099426245, 93.94026003930061, 33.00946215598458
25.725725725725727, 37.27951928244909, 100.92169546238839, 93.68018951868146, 33.040008704723185
25.775775775775777, 37.25154614522266, 100.88972753513052, 93.42149243212599, 33.07050638704985
25.825825825825827, 37.22364730142711, 100.8575504260063, 93.164158379542, 33.10095536947416
25.875875875875877, 37.19582245693161, 100.82516730547756, 92.90817705941474, 33.131355817761175
25.925925925925927, 37.16807131819965, 100.79258129431811, 92.65353827650625, 33.16170789696429
25.975975975975977, 37.14039359182938, 100.7597954550897, 92.4002319518457, 33.192011771465765
26.026026026026027, 37.112788986021776, 100.72681282135522, 92.14824808701644, 33.222267604860335
26.076076076076077, 37.08525720996037, 100.69363638600983, 91.89757677795518, 33.25247556000895
26.126126126126128, 37.05779797378692, 100.66026910127773, 91.6482082146225, 33.282635799043916
26.176176176176178, 37.03041098861717, 100.62671387949342, 91.400132679724, 33.31274848337076
26.226226226226228, 37.00309596655654, 100.59297359388246, 91.15334054743121, 33.34281377367023
26.276276276276278, 36.97585262071591, 100.55905107934268, 90.90782228210287, 33.37283182990008
26.326326326326328, 36.948680665227265, 100.52494913322498, 90.66356843700575, 33.40280281129704
26.376376376376378, 36.92157981520971, 100.49067050995343, 90.42056966075943, 33.43272687639977
26.426426426426428, 36.894549786715274, 100.4562179131615, 90.17881670689404, 33.46260418308022
26.476476476476478, 36.86759029694242, 100.42159402094146, 89.93830040189815, 33.492434888462
26.526526526526528, 36.84070106416567, 100.38680147597037, 89.69901165729671, 33.522219148958726
26.576576576576578, 36.81388180774433, 100.35184288542537, 89.46094146945751, 33.551957120278786
26.626626626626628, 36.7871322481373, 100.31672082165062, 89.22408091845504, 33.581648957427696
26.676676676676678, 36.76045210691783, 100.28143782282443, 88.98842116693456, 33.61129481471034
26.726726726726728, 36.73384110678844, 100.24599639362604, 88.75395345897603, 33.64089484573332
26.776776776776778, 36.7072989715956, 100.2103990059028, 88.52066911895814, 33.67044920340721
26.826826826826828, 36.68082542593067, 100.17464809486924, 88.28855955642359, 33.69995803996197
26.876876876876878, 36.65442019435229, 100.1387460512219, 88.05761627643052, 33.72942150697455
26.926926926926928, 36.628083003342454, 100.10269524275826, 87.82783085027336, 33.75883975530934
26.976976976976978, 36.60181358053109, 100.0664980065151, 87.59919492580269, 33.78821293514563
27.027027027027028, 36.57561165462349, 100.03015664849197, 87.37170022755663, 33.81754119598267
27.077077077077078, 36.549476955406305, 99.99367344422349, 87.14533855575196, 33.846824686642286
27.127127127127128, 36.523409213753595, 99.9570506393515, 86.9201017852755, 33.87606355527137
27.177177177177178, 36.49740816163284, 99.92029045019729, 86.69598186467539, 33.9052579493445
27.227227227227228, 36.47147353211097, 99.88339506433384, 86.47297081515231, 33.934408015666534
27.27727727727728, 36.445605059262355, 99.84636663786263, 86.25106073409098, 33.96351390038211
27.32732732732733, 36.41980247792743, 99.8092072876715, 86.03024380550612, 33.992575748995904
27.37737737737738, 36.394065524260206, 99.77191911020478, 85.81051227396233, 34.021593706336596
27.42742742742743, 36.36839393552969, 99.7345041751607, 85.59185845303692, 34.05056791657397
27.47747747747748, 36.3427874500955, 99.69696452503975, 85.37427472572158, 34.0794985232237
27.52752752752753, 36.31724580741148, 99.6593021756363, 85.15775354352498, 34.10838566915008
27.577577577577582, 36.2917687480293, 99.62151911652978, 84.94228742557547, 34.13722949656879
27.62762762762763, 36.2663560136021, 99.58361731157619, 84.72786895772386, 34.166030147049575
27.67767767767768, 36.24100734688809, 99.54559869939924, 84.51449079164594, 34.19478776151905
27.72772772772773, 36.21572249175867, 99.50746519147259, 84.30214564736953, 34.22350248026671
27.77777777777778, 36.1905011932167, 99.46921866475974, 84.09082632353565, 34.25217444295835
27.82782782782783, 36.1653431973709, 99.43086097786471, 83.88052567424592, 34.28080378861748
27.87787787787788, 36.14024825144964, 99.39239396609291, 83.67123661588298, 34.309390655635475
27.92792792792793, 36.11521610380652, 99.3538194408576, 83.46295212775513, 34.33793518177578
27.97797797797798, 36.09024650392418, 99.31513919010231, 83.25566525129717, 34.36643750417675
28.028028028028032, 36.065339202418, 99.2763549787229, 83.04936908927141, 34.39489775935451
28.07807807807808, 36.040493951039906, 99.2374685489899, 82.84405680496843, 34.42331608320573
28.128128128128132, 36.015710502682055, 99.1984816209708, 82.63972162140807, 34.45169261101053
28.17817817817818, 35.99098861124133, 99.15939589127119, 82.43635682308623, 34.4800274774366
28.22822822822823, 35.966328031043254, 99.12021302646066, 82.23395576577204, 34.50832081654748
28.27827827827828, 35.94172851791305, 99.08093467637403, 82.03251185620336, 34.536572761795384
28.32832832832833, 35.91718982884517, 99.04156247050038, 81.83201855739567, 34.564783446027135
28.37837837837838, 35.89271172191689, 99.00209801731782, 81.6324693894906, 34.59295300148788
28.42842842842843, 35.86829395628732, 98.96254290465839, 81.43385792904313, 34.62108155982395
28.478478478478483, 35.843936292196446, 98.92289870007339, 81.23617780830901, 34.64916925208579
28.52852852852853, 35.81963849096416, 98.88316695119856, 81.03942271453202, 34.67721620873076
28.578578578578583, 35.79540031498924, 98.84334918611928, 80.84358638923126, 34.7052225596261
28.62862862862863, 35.77122152773494, 98.80344691252105, 80.64866262935895, 34.733188434051655
28.678678678678683, 35.74710189365669, 98.76346161162512, 80.45464529648706, 34.76111396070228
28.72872872872873, 35.723041178323264, 98.7233947495667, 80.26152829913812, 34.788999267691565
28.77877877877878, 35.699039148382084, 98.68324777472245, 80.06930559674953, 34.8168444825545
28.82882882882883, 35.67509557154579, 98.64302211694951, 79.87797120069493, 34.844649732250254
28.87887887887888, 35.65121021659068, 98.60271918790116, 79.68751917364774, 34.87241514316504
28.92892892892893, 35.62738285335521, 98.5623403813425, 79.49794362894477, 34.90014084111502
28.97897897897898, 35.60361325273845, 98.52188707346619, 79.30923872994954, 34.92782695134914
29.029029029029033, 35.57990118669856, 98.48136062320816, 79.12139868941604, 34.955473598552075
29.07907907907908, 35.55624642826401, 98.44076237150733, 78.93441777052986, 34.98308090684611
29.129129129129133, 35.5326487516153, 98.40009363474374, 78.74829029720003, 35.01064899978824
29.17917917917918, 35.50910793194209, 98.35935571673204, 78.56301063486701, 35.03817800038295
29.22922922922923, 35.48562374547711, 98.31854990611667, 78.37857319450684, 35.06566803108262
29.279279279279283, 35.46219596951166, 98.27767747527339, 78.19497243424172, 35.09311921378923
29.32932932932933, 35.43882438239449, 98.23673968059303, 78.01220285875435, 35.12053166985712
29.37937937937938, 35.41550876353068, 98.19573776276538, 77.83025901870185, 35.14790552009593
29.429429429429433, 35.39224889338046, 98.154672947063, 77.64913551012998, 35.17524088477341
29.479479479479483, 35.36904455345808, 98.11354644362518, 77.46882697388743, 35.20253788361825
29.52952952952953, 35.34589552633069, 98.07235944774153, 77.28932809503978, 35.22979663582297
29.57957957957958, 35.32280159561717, 98.03111314013606, 77.11063360228368, 35.25701726004678
29.629629629629633, 35.299762545746084, 97.989808683076, 76.9327382742729, 35.28419987441206
29.679679679679683, 35.27677816165593, 97.94844721548114, 76.75563694759889, 35.311344596499545
29.72972972972973, 35.253848229746644, 97.907029869716, 76.57932448887485, 35.33845154337591
29.77977977977978, 35.23097253744621, 97.86555776438352, 76.40379580655005, 35.36552083158542
29.829829829829833, 35.208150873178106, 97.8240320040644, 76.22904585122552, 35.39255257715192
29.87987987987988, 35.185383026357464, 97.78245367955434, 76.05506961514526, 35.41954689558161
29.92992992992993, 35.16266878738729, 97.7408238681014, 75.8818621316873, 35.44650390186587
29.979979979979984, 35.14000794765455, 97.69914363364326, 75.70941847485511, 35.47342371048397
30.030030030030034, 35.11740029952642, 97.65741402704445, 75.5377337587688, 35.50030643540594
30.08008008008008, 35.09484563634643, 97.61563608633378, 75.36680313715615, 35.527152190095265
30.13013013013013, 35.0723437524306, 97.57381083694062, 75.19662180284551, 35.5539610875117
30.180180180180184, 35.04989444309832, 97.53193928577888, 75.02718499781841, 35.58073324009888
30.230230230230234, 35.02749750464771, 97.49002242516666, 74.85848800638041, 35.60746875979616
30.28028028028028, 35.00515273431508, 97.44806123960251, 74.69052614342917, 35.63416775805755
30.33033033033033, 34.982859930297465, 97.40605670130552, 74.52329476200768, 35.66083034584288
30.380380380380384, 34.96061889174903, 97.36400977041771, 74.35678925285532, 35.68745663362049
30.43043043043043, 34.93842941877744, 97.32192139520662, 74.19100504395892, 35.714046731369976
30.48048048048048, 34.91629131244019, 97.27979251226762, 74.02593760010357, 35.74060074858482
30.530530530530534, 34.89420437474103, 97.23762404672652, 73.86158242242377, 35.7671187942751
30.580580580580584, 34.87216840862627, 97.1954169124419, 73.69793504795435, 35.79360097697023
30.63063063063063, 34.85018321798122, 97.15317201220766, 73.53499104918153, 35.820047404721585
30.68068068068068, 34.82824860764421, 97.11089023753574, 73.37274603432667, 35.84645818510373
30.730730730730734, 34.80636438370117, 97.06857246181164, 73.2111956592005, 35.87283342519167
30.780780780780784, 34.784530353079184, 97.02621955001722, 73.0503356101328, 35.89917323159787
30.83083083083083, 34.762746323559966, 96.98383235852945, 72.89016160422766, 35.925477710473544
30.880880880880884, 34.741012103869956, 96.94141173310756, 72.73066939278264, 35.951746967503325
30.930930930930934, 34.719327503677974, 96.89895850906453, 72.57185476089376, 35.97798110790783
30.98098098098098, 34.69769233359289, 96.8564735114388, 72.41371352706, 36.004180236446274
31.03103103103103, 34.6761064051613, 96.81395755516606, 72.25624154278812, 36.030344457419034
31.081081081081084, 34.654569530865196, 96.77141144525078, 72.09943469219738, 36.05647387467026
31.131131131131134, 34.633081524119625, 96.72883597693803, 71.94328889162432, 36.08256859159039
31.18118118118118, 34.61164219927038, 96.68623193588508, 71.78780008922742, 36.10862871111882
31.23123123123123, 34.590251371435215, 96.64360009701741, 71.63296426708848, 36.134654335740436
31.281281281281284, 34.56890885596804, 96.60094122021233, 71.47877744933444, 36.16064556746781
31.331331331331334, 34.547614469557516, 96.5582560597321, 71.32523568416683, 36.1866025078859
31.38138138138138, 34.526368029840135, 96.51554536115991, 71.1723350496068, 36.21252525813993
31.431431431431434, 34.505169355317335, 96.47280986089434, 71.02007165438505, 36.23841391893487
31.481481481481485, 34.48401826535027, 96.4300502862967, 70.86844163759278, 36.26426859053791
31.53153153153153, 34.46291458015461, 96.38726735583816, 70.71744116833283, 36.29008937278097
31.58158158158158, 34.441858120795274, 96.3444617792472, 70.56706644537051, 36.3158763650631
31.631631631631635, 34.42084870918122, 96.3016342576568, 70.41731369678494, 36.341629666353036
31.681681681681685, 34.39988616806021, 96.25878548375175, 70.26817917961988, 36.3673493751916
31.73173173173173, 34.37897032101359, 96.21591614191588, 70.11965917953484, 36.3930355896942
31.78178178178178, 34.35810099256895, 96.17302690573871, 69.9717500154246, 36.41868840753828
31.831831831831835, 34.33727800822564, 96.13011843747742, 69.82444804035967, 36.44430792596192
31.881881881881885, 34.31650119416, 96.08719139468268, 69.67774962904788, 36.46989424180309
31.93193193193193, 34.295770377375035, 96.04424642687923, 69.5316511840078, 36.49544745148247
31.981981981981985, 34.27508538569931, 96.00128417562186, 69.3861491353918, 36.52096765100537
32.032032032032035, 34.25444604778262, 95.95830527462122, 69.24123994067754, 36.546454935964086
32.08208208208208, 34.233852193091714, 95.91531034986967, 69.09692008435911, 36.57190940154027
32.13213213213213, 34.213303651906045, 95.87230001976714, 68.95318607763843, 36.597331142507194
32.18218218218219, 34.19280025531349, 95.82927489524707, 68.81003445811666, 36.62272025323225
32.232232232232235, 34.17234183520608, 95.78623557990213, 68.6674617894855, 36.64807682767917
32.28228228228228, 34.151928224279715, 95.74318267005314, 68.52546466132873, 36.673400959410024
32.332332332332335, 34.13155925633098, 95.70011675059011, 68.38403969709174, 36.698692741558595
32.38238238238239, 34.11123476594253, 95.65703839951524, 68.24318354523894, 36.723952266862604
32.432432432432435, 34.09095458835154, 95.61394818987868, 68.10289287544845, 36.749179627678345
32.48248248248248, 34.070718559599484, 95.57084668771333, 67.96316438253658, 36.774374915968124
32.532532532532535, 34.0505265165289, 95.52773445214522, 67.82399478617896, 36.79953822330259
32.58258258258258, 34.030378296780185, 95.48461203550401, 67.68538083063171, 36.824669640862915
32.632632632632635, 34.010273738788456, 95.44147998343341, 67.54731928445248, 36.84976925944311
32.68268268268268, 33.9902126817803, 95.39833883500165, 67.40980694022167, 36.874837169452185
32.732732732732735, 33.97019496577063, 95.35518912281188, 67.27284061426337, 36.89987346091647
32.78278278278278, 33.950220431559465, 95.31203137311265, 67.13641714636672, 36.92487822348181
32.832832832832835, 33.93028892072872, 95.2688661059084, 67.00053339950686, 36.94985154641585
32.88288288288289, 33.910400275602804, 95.22569383467258, 66.86518626038932, 36.974793518607065
32.932932932932935, 33.89055433876215, 95.18251506116705, 66.73037265013893, 36.999704228524756
32.98298298298298, 33.8707509537456, 95.13933028327816, 66.59608950800676, 37.02458376428302
33.033033033033036, 33.85098996497066, 95.09613999428896, 66.46233379282904, 37.0494322136363
33.08308308308309, 33.83127121758857, 95.05294468143803, 66.32910248596448, 37.07424966396922
33.133133133133136, 33.81159455747958, 95.00974482601234, 66.1963925910518, 37.099036202298684
33.18318318318318, 33.79195983124806, 94.96654090343999, 66.06420113376727, 37.12379191527603
33.233233233233236, 33.77236688621777, 94.92333338338322, 65.93252516158239, 37.14851688918906
33.28328328328329, 33.75281557042703, 94.88012272983119, 65.8013617435215, 37.173211209964215
33.333333333333336, 33.733305732623926, 94.83690940119278, 65.67070796991925, 37.19787496316863
33.38338338338338, 33.71383722226152, 94.79369385038954, 65.54056095217828, 37.22250823401226
33.433433433433436, 33.69440988949303, 94.75047652494845, 65.41091782252678, 37.24711110734999
33.48348348348349, 33.6750235852149, 94.70725786629652, 65.28177573544028, 37.27168366767638
33.533533533533536, 33.65567816127664, 94.66403830627152, 65.15313187486535, 37.29622599909488
33.58358358358358, 33.63637347006074, 94.62081827414485, 65.02498343953276, 37.32073818538362
33.633633633633636, 33.617109364609156, 94.5775981945236, 64.897327647281, 37.34522030997734
33.68368368368368, 33.59788569865665, 94.53437848680751, 64.77016173613987, 37.369672455963695
33.733733733733736, 33.57870232662676, 94.49115956526803, 64.64348296411649, 37.394094706085205
33.78378378378379, 33.559559103627876, 94.44794183912744, 64.51728860898147, 37.41848714274127
33.833833833833836, 33.54045588544922, 94.40472571263811, 64.39157596805521, 37.442849847990104
33.88388388388388, 33.5213925285569, 94.36151158516151, 64.26634235799379, 37.46718290355073
33.933933933933936, 33.502368890089905, 94.3182998512475, 64.14158511457535, 37.49148639080498
33.98398398398399, 33.48338482785615, 94.27509090071334, 64.01730159248608, 37.51576039079947
34.034034034034036, 33.46444020032849, 94.23188511872303, 63.89348916510649, 37.540004984247524
34.08408408408408, 33.445534866784925, 94.1886828845132, 63.770145227149925, 37.56422025151688
34.13413413413413, 33.42666868750644, 94.14548456957864, 63.647267198441206, 37.588406272611536
34.18418418418419, 33.407841523152044, 94.10229054357856, 63.524852511417954, 37.61256312723556
34.234234234234236, 33.38905323503328, 94.05910117180264, 63.402898616425794, 37.63669089476732
34.28428428428428, 33.37030368513306, 94.01591681503571, 63.28140298195653, 37.660789654259204
34.334334334334336, 33.35159273610302, 93.97273782962475, 63.16036309445987, 37.6848594844395
34.38438438438439, 33.332920251260816, 93.929564567546, 63.03977645815511, 37.70890046371418
34.434434434434436, 33.31428609458744, 93.88639737647198, 62.91964059484275, 37.73291267016883
34.48448448448448, 33.29569013072451, 93.84323659983852, 62.799953043716194, 37.756896181570426
34.53453453453454, 33.27713222497161, 93.80008257691182, 62.68071136117343, 37.78085107536924
34.58458458458458, 33.258612243283615, 93.75693564285554, 62.5619131206287, 37.80477742870067
34.63463463463464, 33.24013005226794, 93.7137961287977, 62.44355591232417, 37.82867531838706
34.68468468468469, 33.22168551886478, 93.67066436019374, 62.32563734718706, 37.85254482091819
34.73473473473474, 33.20327851037566, 93.62754065706176, 62.20815505624227, 37.8763860124551
34.78478478478478, 33.18490889508137, 93.58442533738395, 62.09110668250765, 37.90019896887406
34.83483483483484, 33.16657654187402, 93.54131871521129, 61.97448988546484, 37.92398376574362
34.88488488488489, 33.14828132024933, 93.4982211007035, 61.85830234093491, 37.94774047832618
34.93493493493494, 33.13002310030224, 93.45513280018695, 61.742541740912024, 37.971469181579685
34.98498498498498, 33.11180175272248, 93.41205411621229, 61.62720579339702, 37.99516995015937
35.03503503503504, 33.093617148790145, 93.36898534761237, 61.51229222223114, 38.018842858419504
35.08508508508509, 33.07546916037135, 93.32592678955996, 61.39779876692963, 38.04248798041511
35.13513513513514, 33.05735765991371, 93.28287873362555, 61.28372318251547, 38.066105389903704
35.18518518518518, 33.03928252044205, 93.23984146783516, 61.17006323935291, 38.08969516034704
35.23523523523524, 33.02124361555569, 93.19681527671194, 61.05681672301758, 38.113257364912606
35.28528528528529, 33.003240819675995, 93.15380043907811, 60.94398143922623, 38.13679207644488
35.33533533533534, 32.98527400780832, 93.11079723020475, 60.83155520894439, 38.1602993674953
35.38538538538538, 32.96734305539074, 93.06780592318532, 60.719535865248, 38.183779310341876
35.43543543543544, 32.94944783843512, 93.0248267876901, 60.6079212561012, 38.207231976973205
35.48548548548549, 32.931588233523684, 92.98186009001553, 60.49670924420917, 38.230657439090145
35.53553553553554, 32.913764117805506, 92.93890609313347, 60.38589770687075, 38.25405576810745
35.585585585585584, 32.895975368993106, 92.8959650567406, 60.27548453583134, 38.27742703515533
35.63563563563564, 32.878221865358924, 92.85303723730775, 60.16546763713556, 38.30077131108111
35.685685685685684, 32.86050348573189, 92.81012288812913, 60.055844930980165, 38.32408866645086
35.73573573573574, 32.84282010949394, 92.76722225937176, 59.94661435156665, 38.34737917155099
35.78578578578579, 32.82517161657656, 92.72433559812467, 59.83777384695409, 38.370642896389874
35.83583583583584, 32.80755788747617, 92.68146314832173, 59.72932137920371, 38.393879910697564
35.885885885885884, 32.78997880357321, 92.63860514862367, 59.621254929224065, 38.41709028389503
35.93593593593594, 32.7724342466835, 92.5957618354586, 59.51357248973331, 38.44027408514046
35.98598598598599, 32.75492409907542, 92.55293344293236, 59.406272065431786, 38.463431383328874
36.03603603603604, 32.73744824357112, 92.5101202021746, 59.299351674475226, 38.48656224708317
36.086086086086084, 32.72000656354419, 92.4673223413807, 59.19280934834423, 38.509666744755656
36.13613613613614, 32.70259894291721, 92.42454008585386, 59.0866431317138, 38.53274494442956
36.18618618618619, 32.685225266159435, 92.38177365804722, 58.9808510823229, 38.55579691392053
36.23623623623624, 32.66788541828435, 92.33902327760586, 58.875431270843926, 38.57882272077816
36.286286286286284, 32.65057928484732, 92.2962891614088, 58.770381780752224, 38.60182243228749
36.33633633633634, 32.633306751943195, 92.25357152361111, 58.665700708195615, 38.62479611547052
36.38638638638639, 32.616067706203935, 92.21087057568602, 58.56138616186398, 38.64774383708771
36.43643643643644, 32.598862034724, 92.16818652614916, 58.4574362637008, 38.6706656636338
36.486486486486484, 32.58168962473994, 92.1255195792017, 58.353849152481985, 38.69356166131418
36.53653653653654, 32.564550364246294, 92.08286993749223, 58.25062297647424, 38.71643189609525
36.58658658658659, 32.54744414179621, 92.04023780129212, 58.147755895602714, 38.73927643369039
36.63663663663664, 32.530370846443105, 91.99762336829153, 58.04524608197249, 38.762095339557035
36.68668668668669, 32.51333036773705, 91.95502683363604, 57.94309171975257, 38.784888678898085
36.73673673673674, 32.49632259572117, 91.91244838996332, 57.84129100505982, 38.80765651666331
36.786786786786784, 32.47934742092803, 91.86988822743967, 57.7398421458428, 38.83039891755078
36.83683683683684, 32.46240473437598, 91.82734653379677, 57.63874336176575, 38.85311594600828
36.88688688688689, 32.44549442756558, 91.78482349436814, 57.537992884092446, 38.875807666234714
36.93693693693694, 32.428616392475945, 91.74231929212591, 57.43758895557022, 38.8984741421815
36.986986986986985, 32.41177052156116, 91.69983410771732, 57.33752983031374, 38.92111543755402
37.037037037037045, 32.3949567078444, 91.65736811885188, 57.23781377528178, 38.943731615801134
37.08708708708709, 32.37817484500876, 91.61492149971085, 57.138439071699096, 38.96632274010507
37.13713713713714, 32.3614248270375, 91.57249442334934, 57.039404009139396, 38.988888873426205
37.187187187187185, 32.34470654838026, 91.5300870606052, 56.940706888174965, 39.01143007848379
37.23723723723724, 32.32801990395938, 91.487699580069, 56.842346020423896, 39.03394641775616
37.28728728728729, 32.31136478916714, 91.44533214811545, 56.74431972844677, 39.05643795348203
37.33733733733734, 32.294741099862904, 91.40298492893486, 56.646626345643156, 39.07890474766185
37.387387387387385, 32.278148732370234, 91.36065808456459, 56.54926421614827, 39.10134686205911
37.43743743743744, 32.261587583474096, 91.31835177492053, 56.45223169472957, 39.123764358201626
37.48748748748749, 32.24505755041803, 91.27606615782851, 56.355527146683364, 39.146157297382906
37.53753753753754, 32.228558530901275, 91.23380138905574, 56.2591489477314, 39.168525740663426
37.58758758758759, 32.212090423075914, 91.19155762234227, 56.16309548391742, 39.190869748872004
37.63763763763764, 32.19565312571131, 91.14933500845963, 56.06736515395037, 39.2131893825876
37.68768768768769, 32.17924653810167, 91.10713369576304, 55.971956367791165, 39.23548470215108
37.73773773773774, 32.16287055985788, 91.06495383141791, 55.87686754354408, 39.25775576769044
37.78778778778779, 32.1465250910472, 91.02279556060166, 55.78209710943959, 39.28000263910553
37.83783783783784, 32.13021003219125, 90.98065902653076, 55.687643503742414, 39.302225376069266
37.887887887887885, 32.11392528426389, 90.9385443704876, 55.59350517465911, 39.32442403802887
37.93793793793794, 32.09767074868916, 90.89645173184763, 55.499680580245816, 39.34659868420711
37.98798798798799, 32.081446327339165, 90.8543812481064, 55.406168188316, 39.368749373603514
38.03803803803804, 32.065251922532056, 90.81233305490653, 55.31296647634815, 39.39087616499562
38.088088088088085, 32.04908743702988, 90.77030728606476, 55.22007393139341, 39.41297911694018
38.138138138138146, 32.03295277403656, 90.72830407359902, 55.12748904998333, 39.435058287774396
38.18818818818819, 32.016847837187264, 90.68632354772096, 55.03521033813835, 39.45711373561636
38.23823823823824, 32.00077253030468, 90.64436583588444, 54.94323631413275, 39.479145518342726
38.288288288288285, 31.984726757696855, 90.60243106402692, 54.8515655048564, 39.50115369361912
38.33833833833834, 31.968710424183243, 90.56051935671069, 54.76019644538901, 39.523138318904174
38.38838838838839, 31.952723434998386, 90.51863083676805, 54.66912768002295, 39.54509945144147
38.43843843843844, 31.936765695788957, 90.47676562532499, 54.57835776218072, 39.56703714826081
38.48848848848849, 31.920837112610887, 90.4349238418248, 54.48788525433236, 39.58895146617927
38.53853853853854, 31.904937591926455, 90.39310560405194, 54.39770872791301, 39.610842461802406
38.58858858858859, 31.889067040601372, 90.35131102815555, 54.30782676324026, 39.632710191525405
38.63863863863864, 31.87322536590188, 90.30954022867323, 54.21823794943162, 39.654554711534175
38.68868868868869, 31.857412475491845, 90.26779331855475, 54.12894088432202, 39.67637607780659
38.73873873873874, 31.841628277429866, 90.22607040918574, 54.03993417438125, 39.69817434611353
38.78878878878879, 31.825872680193587, 90.18437161026753, 53.9512164350132, 39.719949572016745
38.83883883883884, 31.810145592847437, 90.1426970289401, 53.862786292865344, 39.74170181084855
38.88888888888889, 31.794446924740097, 90.1010467713875, 53.774642381545966, 39.763431117750535
38.93893893893894, 31.7787765855802, 90.05942094244661, 53.68678334264356, 39.785137547664824
38.988988988988986, 31.7631344854689, 90.01781964544357, 53.5992078261415, 39.80682115533083
39.03903903903905, 31.74752053489758, 89.97624298221419, 53.511914490344054, 39.828481995286296
39.08908908908909, 31.731934644745554, 89.93469105312448, 53.424902001802536, 39.8501201218684
39.13913913913914, 31.716376726277776, 89.89316395709108, 53.338169035241236, 39.871735589214786
39.189189189189186, 31.700846691142555, 89.85166179160166, 53.25171427348353, 39.89332845126469
39.23923923923925, 31.685344451369254, 89.81018465273546, 53.1655364073779, 39.91489876175998
39.28928928928929, 31.669869919365997, 89.76873263518371, 53.079634135724035, 39.93644657424622
39.33933933933934, 31.654423007917384, 89.72730583227013, 52.9940061651988, 39.95797194207375
39.38938938938939, 31.63900363023531, 89.6859043356783, 52.908651211086266, 39.979474918391276
39.43943943943944, 31.623611700042705, 89.64452823499771, 52.82356799850585, 40.000955556134585
39.48948948948949, 31.60824713132416, 89.603177619107, 52.73875525859876, 40.02241390806286
39.53953953953954, 31.59290983843142, 89.56185257559981, 52.65421173008552, 40.04385002674435
39.58958958958959, 31.577599736091308, 89.52055319074915, 52.56993615934619, 40.06526396455605
39.63963963963964, 31.562316739403887, 89.47927954952513, 52.485927300353744, 40.086655773684676
39.68968968968969, 31.54706076384067, 89.43803173561271, 52.40218391460748, 40.10802550612766
39.73973973973974, 31.531831725242803, 89.39680983142951, 52.31870477106646, 40.12937321369418
39.78978978978979, 31.516629539819274, 89.35561391814355, 52.235488646082906, 40.15069894800616
39.83983983983984, 31.5014541241451, 89.31444407569104, 52.15253432333569, 40.17200276049925
39.88988988988989, 31.486305395159516, 89.27330038279419, 52.06984059376366, 40.19328470242385
39.93993993993995, 31.471183270164175, 89.23218291697884, 51.98740625549906, 40.214544824846136
39.98998998998999, 31.456087666760126, 89.19109175432187, 51.905230114657726, 40.235783178640716
40.04004004004004, 31.441018502774504, 89.15002696915276, 51.82331098627274, 40.256999814481986
40.09009009009009, 31.425975696501713, 89.10898863514541, 51.74164769082804, 40.27819478287805
40.14014014014015, 31.410959166588952, 89.06797682483794, 51.66023905576816, 40.299368134156474
40.190190190190194, 31.395968832026583, 89.0269916096158, 51.579083915541446, 40.32051991846416
40.24024024024024, 31.38100461214581, 88.98603305972739, 51.4981811115404, 40.34165018576836
40.29029029029029, 31.366066426616396, 88.94510124429955, 51.41752949204202, 40.36275898585758
40.34034034034035, 31.351154195444344, 88.9041962313532, 51.337127912148176, 40.383846368342525
40.390390390390394, 31.33626783896961, 88.86331808781893, 51.25697523372599, 40.40491238265704
40.44044044044044, 31.32140727786381, 88.82246687955258, 51.17707032534808, 40.425957078059
40.490490490490494, 31.306572433127865, 88.78164267135078, 51.097412062233055, 40.44698050363134
40.54054054054054, 31.291763226089795, 88.74084552696657, 51.01799932618574, 40.46798270828288
40.590590590590594, 31.27697957846623, 88.70007550883574, 50.9388310063701, 40.48896374074075
40.64064064064064, 31.262221412409904, 88.659332677867, 50.85990599989836, 40.50992364954453
40.690690690690694, 31.247488650292134, 88.61861709443211, 50.78122320896627, 40.53086248307627
40.74074074074074, 31.232781214806298, 88.57792881790243, 50.70278154217241, 40.551780289547125
40.790790790790794, 31.218099028970833, 88.53726790664054, 50.624579914527374, 40.57267711699762
40.84084084084085, 31.20344201612738, 88.49663441801373, 50.54661724740007, 40.59355301329847
40.890890890890894, 31.188810099938973, 88.45602840840753, 50.468892468464134, 40.61440802615149
40.94094094094094, 31.17420320438817, 88.41544993323926, 50.39140451164418, 40.63524220309048
40.990990990990994, 31.15962125377521, 88.37489904697141, 50.314152317062224, 40.65605559148206
41.04104104104105, 31.1450641727162, 88.33437580312527, 50.23713483098393, 40.67684823852659
41.091091091091094, 31.13053188614124, 88.29388025429431, 50.16035100576506, 40.697620191259006
41.14114114114114, 31.116024319292617, 88.2534124521578, 50.08379979979769, 40.71837149654971
41.19119119119119, 31.101541397774003, 88.21297244721637, 50.00748017828763, 40.739102201096436
41.24124124124125, 31.087083047571287, 88.17256028868266, 49.93139111356832, 40.75981235142117
41.291291291291294, 31.072649194905612, 88.13217602528371, 49.85553158268767, 40.78050199389651
41.34134134134134, 31.058239766307135, 88.09181970486331, 49.779900568584026, 40.80117117473334
41.391391391391394, 31.04385468861579, 88.0514913743815, 49.704497060074644, 40.821819939981154
41.44144144144145, 31.0294938889798, 88.01119107992615, 49.62932005180744, 40.84244833552891
41.491491491491495, 31.015157294854106, 87.97091886672479, 49.554368544212586, 40.86305640710582
41.54154154154154, 31.000844833998915, 87.93067477915623, 49.47964154345426, 40.88364420028224
41.591591591591595, 30.986556434478143, 87.89045886076238, 49.405138061382274, 40.904211760470375
41.64164164164164, 30.972292024657925, 87.85027115425984, 49.33085711548382, 40.92475913292517
41.691691691691695, 30.958051533205097, 87.81011170155176, 49.256797728835075, 40.94528636274513
41.74174174174174, 30.943834889085686, 87.7699805437394, 49.18295893005291, 40.965793494873104
41.791791791791795, 30.92964202150845, 87.72987772089787, 49.10933975406505, 40.986280574088
41.84184184184184, 30.91547285991527, 87.68980327205311, 49.03593924218249, 41.006747645004246
41.891891891891895, 30.901327334109666, 87.64975723575216, 48.962756440113814, 41.027194752094225
41.94194194194195, 30.887205374183306, 87.60973964976567, 48.889790398989575, 41.04762193967708
41.991991991991995, 30.873106910512856, 87.56975055109264, 48.817040175337844, 41.06802925191932
42.04204204204204, 30.85903187375819, 87.52978997597086, 48.74450483104054, 41.088416732835576
42.092092092092095, 30.844980194860536, 87.48985795988719, 48.67218343328989, 41.108784426289326
42.14214214214215, 30.830951805040627, 87.44995453758791, 48.60007505454481, 41.12913237599372
42.192192192192195, 30.81694663579693, 87.41007974308917, 48.52817877248739, 41.149460625512276
42.24224224224224, 30.802964618903754, 87.37023360968718, 48.45649366997919, 41.16976921825972
42.292292292292295, 30.789005686409457, 87.33041616996869, 48.38501883501772, 41.19005819750268
42.34234234234235, 30.7750697706346, 87.2906274558213, 48.31375336069287, 41.21032760636049
42.392392392392395, 30.761156804237835, 87.2508674981838, 48.242696345949106, 41.2305774877964
42.44244244244244, 30.747266720206497, 87.2111363270857, 48.17184689545146, 41.250807884619434
42.492492492492495, 30.733399451723102, 87.171433972163, 48.10120411797556, 41.27101883950364
42.54254254254254, 30.719554932241405, 87.13176046236963, 48.03076712729044, 41.29121039497795
42.592592592592595, 30.70573309548556, 87.09211582598381, 47.96053504212718, 41.31138259342679
42.64264264264264, 30.691933875448697, 87.05250009061707, 47.89050698613959, 41.33153547709076
42.692692692692695, 30.678157206391393, 87.01291328322327, 47.820682087864796, 41.35166908806738
42.74274274274274, 30.664403022840233, 86.97335543010753, 47.751059480683914, 41.37178346831178
42.792792792792795, 30.650671259586307, 86.93382655693526, 47.68163830278258, 41.391878659637435
42.84284284284285, 30.636961851683758, 86.89432668874113, 47.612417697111624, 41.41195470371687
42.892892892892895, 30.623274734448287, 86.85485584993813, 47.543396811347705, 41.43201164208238
42.94294294294294, 30.609609843455672, 86.81541406432648, 47.47457479785387, 41.45204951612672
42.992992992992995, 30.595967114591144, 86.77600135482264, 47.40595081455795, 41.47206836709262
43.04304304304305, 30.58234648402794, 86.7366177435782, 47.337524024552984, 41.492068236077834
43.093093093093096, 30.56874788814678, 86.69726325242438, 47.26929359463053, 41.51204916405344
43.14314314314314, 30.555171263586168, 86.6579379025958, 47.2012586961761, 41.53201119185303
43.193193193193196, 30.541616547241226, 86.6186417147377, 47.133418505135474, 41.551954360173404
43.24324324324325, 30.528083676262412, 86.57937470891406, 47.0657722019784, 41.57187870957522
43.293293293293296, 30.514572588054147, 86.54013690461557, 46.99831897166217, 41.591784280483665
43.34334334334334, 30.50108322027359, 86.50092832076783, 46.931058003595346, 41.61167111318913
43.393393393393396, 30.487615510829254, 86.46174897573928, 46.86398849160141, 41.63153924784795
43.44344344344345, 30.474169397879763, 86.4225988873494, 46.79710963388244, 41.651388724482956
43.493493493493496, 30.4607448198325, 86.38347807287658, 46.73042063298277, 41.67121958298428
43.54354354354354, 30.447341715342308, 86.34438654906644, 46.66392069575265, 41.69103186310995
43.593593593593596, 30.433960023310185, 86.30532433213962, 46.597609033311876, 41.71082560448661
43.64364364364364, 30.4205996828745, 86.2662914377306, 46.5314848612647, 41.73060084660698
43.693693693693696, 30.407260633358614, 86.22728788042303, 46.46554740137133, 41.75035762880895
43.74374374374375, 30.39394281435993, 86.1883136745944, 46.39979587848836, 41.770095990314495
43.793793793793796, 30.380646165725466, 86.1493688342101, 46.334229521305446, 41.78981597022058
43.84384384384384, 30.367370627539067, 86.11045337272533, 46.26884756269321, 41.809517607494996
43.893893893893896, 30.35411614012001, 86.07156730309191, 46.20364923967099, 41.82920094097697
43.94394394394395, 30.340882644021523, 86.03271063776525, 46.13863379337458, 41.848866009377765
43.993993993993996, 30.327670080029403, 85.99388338871128, 46.07380046902409, 41.868512851281345
44.04404404404404, 30.314478389160545, 85.95508556741339, 46.0091485158916, 41.888141505144965
44.094094094094096, 30.30130751266154, 85.91631718487932, 45.94467718726898, 41.90775200929982
44.14414414414415, 30.288157392007225, 85.8775782516481, 45.88038574043563, 41.92734440195167
44.194194194194196, 30.275027968899273, 85.83886877779709, 45.816273436626304, 41.94691872118145
44.24424424424424, 30.261919185264745, 85.80018877294869, 45.752339540998776, 41.96647500494589
44.294294294294296, 30.248830983254667, 85.76153824627745, 45.68858332260169, 41.98601329107818
44.34434434434435, 30.235763305309252, 85.72291720624446, 45.6250040552795, 42.005533617276136
44.394394394394396, 30.222716094137372, 85.68432566068226, 45.561601017371636, 42.02503602110643
44.44444444444444, 30.209689292599474, 85.64576361727472, 45.498373490054234, 42.0445205400267
44.4944944944945, 30.196682843779016, 85.60723108326604, 45.43532075833226, 42.06398721137265
44.54454454454455, 30.183696690981634, 85.56872806546522, 45.37244211101594, 42.08343607235851
44.5945945945946, 30.170730777733965, 85.53025457025198, 45.30973684069172, 42.10286716007768
44.64464464464465, 30.157785047782408, 85.49181060358278, 45.2472042436933, 42.12228051150326
44.6946946946947, 30.14485944509199, 85.45339617099678, 45.184843620072684, 42.14167616348867
44.74474474474474, 30.131953913845088, 85.4150112776219, 45.12265427357119, 42.1610541527682
44.7947947947948, 30.119068398440294, 85.37665592818067, 45.06063551159045, 42.18041451595763
44.84484484484485, 30.106202843491197, 85.33833012699631, 44.998786645163435, 42.19975728955478
44.8948948948949, 30.093357193825167, 85.30003387799871, 44.93710698892554, 42.21908250994009
44.94494494494494, 30.080531394482183, 85.26176718473036, 44.875595861085536, 42.23839021337722
44.994994994995, 30.06772539072507, 85.22353005030523, 44.81425258356169, 42.25768043601134
45.04504504504505, 30.054939128125664, 85.1853224770554, 44.75307648321194, 42.27695321385211
45.0950950950951, 30.0421725524135, 85.14714446715452, 44.69206688964124, 42.296208582804475
45.14514514514514, 30.02942560950987, 85.1089960224789, 44.63122313568078, 42.31544657866214
45.1951951951952, 30.016698245547346, 85.07087714452807, 44.570544557657676, 42.33466723710402
45.24524524524525, 30.003990406868795, 85.03278783443001, 44.51003049536901, 42.35387059369471
45.2952952952953, 29.991302040026365, 84.99472809294626, 44.44968029205573, 42.37305668388511
45.34534534534534, 29.978633091780523, 84.95669792047704, 44.38949329437675, 42.392225543012884
45.3953953953954, 29.965983509099033, 84.91869731706643, 44.329468852382846, 42.411377206303094
45.44544544544545, 29.953353239155987, 84.88072628240745, 44.269606319490734, 42.43051170886864
45.4954954954955, 29.940742229330795, 84.84278481584725, 44.20990505245701, 42.449629085710875
45.545545545545544, 29.928150427207214, 84.80487291639217, 44.150364411352164, 42.468729371720116
45.5955955955956, 29.915577780572317, 84.7669905827129, 44.09098375953457, 42.487812601676175
45.64564564564565, 29.903024237415554, 84.72913781314972, 44.03176246362452, 42.50687881024893
45.6956956956957, 29.890489745881673, 84.69131460554632, 43.97269989419514, 42.52592803198861
45.74574574574575, 29.877974254277813, 84.65352095728493, 43.91379542562127, 42.544960301328175
45.7957957957958, 29.86547771116104, 84.61575686562065, 43.855048434674124, 42.56397565260344
45.845845845845844, 29.853000065283513, 84.57802232748648, 43.796458301333665, 42.582974120041726
45.8958958958959, 29.8405412655909, 84.54031733949608, 43.73802440877225, 42.601955737762225
45.94594594594595, 29.828101261221214, 84.50264189794842, 43.67974614333118, 42.620920539776556
45.995995995996, 29.815680001503654, 84.46499599883218, 43.62162289449739, 42.639868559989196
46.046046046046044, 29.80327743595742, 84.42737963783026, 43.56365405487998, 42.65879983219803
46.096096096096105, 29.79089351429058, 84.38979281032438, 43.505839020186855, 42.677714390094856
46.14614614614615, 29.77852818639892, 84.35223551139951, 43.44817718920132, 42.69661226726586
46.1961961961962, 29.766181402364744, 84.31470773584843, 43.390667963758716, 42.71549349719217
46.246246246246244, 29.75385311245574, 84.27720947817616, 43.33331074872297, 42.73435811325028
46.2962962962963, 29.741543267123827, 84.23974073260459, 43.27610495196325, 42.75320614871263
46.34634634634635, 29.729251817014458, 84.20230149304521, 43.21904998444654, 42.77203763674633
46.3963963963964, 29.716978713055305, 84.16489175283206, 43.162145261208195, 42.79085261039871
46.446446446446444, 29.70472390630516, 84.12751150517956, 43.10539019966957, 42.80965110262278
46.4964964964965, 29.692487347984656, 84.09016074309051, 43.04878421996751, 42.828433146272445
46.54654654654655, 29.6802689894976, 84.05283945929283, 42.99232674517958, 42.84719877409923
46.5965965965966, 29.66806878243, 84.01554764624328, 42.936017201303, 42.8659480187528
46.64664664664665, 29.655886678549116, 83.9782852961314, 42.8798550172335, 42.884680912781384
46.6966966966967, 29.643722629802532, 83.94105240088345, 42.823839624744345, 42.90339748863224
46.74674674674675, 29.631576588317188, 83.90384895216617, 42.767970458465165, 42.92209777865217
46.7967967967968, 29.619448506398406, 83.86667494139071, 42.71224695586091, 42.94078181508796
46.84684684684685, 29.607338336528986, 83.82953035971656, 42.65666855721079, 42.95944963008684
46.8968968968969, 29.595246031368227, 83.79241519805535, 42.6012347055872, 42.978101255696956
46.946946946946944, 29.583171543750986, 83.75532944707474, 42.545944846834566, 42.99673672386786
46.996996996997005, 29.57111482668671, 83.71827309720238, 42.490798429548356, 43.01535606645096
47.04704704704705, 29.559075833404243, 83.68124613847056, 42.43579490566463, 43.03395931519049
47.0970970970971, 29.54705451734646, 83.64424856053552, 42.380933730379915, 43.05254650172486
47.147147147147145, 29.535050832072333, 83.60728035301861, 42.3262143608358, 43.071117657607374
47.197197197197205, 29.523064731314086, 83.5703415053081, 42.271636256873165, 43.0896728142945
47.24724724724725, 29.511096168977076, 83.53343200656019, 42.21719888102225, 43.10821200314626
47.2972972972973, 29.499145099138946, 83.49655184570247, 42.1629016984832, 43.1267352554266
47.347347347347345, 29.48721147604881, 83.45970101143726, 42.108744177106836, 43.145242602303945
47.3973973973974, 29.475295254126458, 83.42287949224514, 42.054725787375155, 43.16373407485148
47.44744744744745, 29.463396387961495, 83.38608727638834, 42.0008460023821, 43.18220970404774
47.4974974974975, 29.451514832312558, 83.3493243519141, 41.947104297814136, 43.20066952077697
47.54754754754755, 29.439650542106456, 83.31259070665826, 41.893500151930915, 43.21911355582957
47.5975975975976, 29.427803472437375, 83.27588632824852, 41.84003304554592, 43.23754183990259
47.64764764764765, 29.415973578566053, 83.23921120410796, 41.78670246200713, 43.2559544036001
47.6976976976977, 29.40416081591893, 83.20256532145845, 41.733507887177566, 43.27435127743368
47.74774774774775, 29.39236514008739, 83.16594866732409, 41.6804488094161, 43.29273249182286
47.7977977977978, 29.380586506797897, 83.12936122835367, 41.62752472036176, 43.31109807708267
47.84784784784785, 29.36882487191663, 83.09280299085782, 41.574735114764955, 43.329448063426504
47.8978978978979, 29.357080191505613, 83.05627394116843, 41.522079488886234, 43.34778248099185
47.94794794794795, 29.345352421786878, 83.0197740654233, 41.46955734144896, 43.36610135982523
47.997997997998, 29.33364151914126, 82.98330334956717, 41.41716817363099, 43.384404729882355
48.048048048048045, 29.32194744010748, 82.94686177935448, 41.36491148904753, 43.402692621028656
48.098098098098106, 29.31027014138126, 82.91044934035246, 41.31278679373395, 43.420965063039624
48.14814814814815, 29.298609579814404, 82.87406601794405, 41.26079359612865, 43.43922208560121
48.1981981981982, 29.286965712413917, 82.83771179733071, 41.208931407055864, 43.45746371831026
48.248248248248245, 29.275338496341075, 82.80138666353552, 41.157199739708496, 43.47568999067493
48.298298298298306, 29.26372788891057, 82.76509060140604, 41.10559810963094, 43.49390093211505
48.34834834834835, 29.252133847589562, 82.72882359561721, 41.05412603470197, 43.51209657196257
48.3983983983984, 29.24055632999681, 82.69258563067434, 41.00278303511752, 43.53027693946194
48.44844844844845, 29.228995293901754, 82.65637669091606, 40.951568633373476, 43.548442063770544
48.4984984984985, 29.217450697223622, 82.62019676051722, 40.900482354248645, 43.56659197395906
48.54854854854855, 29.205922498085528, 82.58404582332903, 40.84952372545236, 43.584726699000875
48.5985985985986, 29.19441065479859, 82.5479238629263, 40.79869227742687, 43.6028462677754
48.64864864864865, 29.18291512576094, 82.5118308629068, 40.74798754211869, 43.62095070908872
48.6986986986987, 29.17143586951995, 82.47576680670714, 40.69740905372607, 43.639040051661226
48.74874874874875, 29.159972844771975, 82.43973167760392, 40.646956348688605, 43.65711432412797
48.7987987987988, 29.148526010361557, 82.4037254587163, 40.59662896567182, 43.67517355503897
48.84884884884885, 29.137095325280676, 82.36774813300856, 40.54642644555181, 43.69321777285962
48.8988988988989, 29.125680748667993, 82.33179968329254, 40.496348331399716, 43.71124700597108
48.94894894894895, 29.11428223980811, 82.29588009223014, 40.446394168466405, 43.72926128267063
48.99899899899901, 29.10289975813078, 82.25998934233588, 40.39656350416696, 43.74726063117206
49.04904904904905, 29.091533263210184, 82.22412741597941, 40.34685588806535, 43.76524507960604
49.0990990990991, 29.080182714764167, 82.18829429538795, 40.29727087185894, 43.78321465602051
49.149149149149146, 29.068848072653466, 82.15248996264883, 40.24780800936308, 43.801169388381055
49.19919919919921, 29.057529296880965, 82.11671439971205, 40.198466856495706, 43.81910930457127
49.24924924924925, 29.046226347590938, 82.08096758839278, 40.14924697126194, 43.83703443239313
49.2992992992993, 29.034939185126547, 82.04524951022137, 40.10014791436504, 43.85494479955648
49.349349349349346, 29.023667770008505, 82.00956014649974, 40.05116924896965, 43.872840433683166
49.39939939939941, 29.012412062836347, 81.97389947856027, 40.002310539633065, 43.89072136232596
49.44944944944945, 29.001172024351316, 81.93826748760182, 39.95357135297381, 43.90858761295688
49.4994994994995, 28.989947615436012, 81.90266415469107, 39.90495125766084, 43.926439212967516
49.54954954954955, 28.978738797113788, 81.86708946076467, 39.85644982439973, 43.94427618966941
49.5995995995996, 28.96754553054816, 81.83154338663142, 39.80806662591884, 43.96209857029436
49.64964964964965, 28.95636777704217, 81.7960259129743, 39.75980123695551, 43.9799063819948
49.6996996996997, 28.945205498037794, 81.76053702035266, 39.71165323424215, 43.997699651844144
49.74974974974975, 28.934058655115336, 81.72507668920429, 39.6636221964925, 44.01547840683712
49.7997997997998, 28.92292720999281, 81.68964489984758, 39.61570770438775, 44.033242673890136
49.84984984984985, 28.911811124525336, 81.65424163248368, 39.567909340562736, 44.05099247984164
49.89989989989991, 28.900710360704544, 81.61886686719848, 39.520226689592064, 44.06872785145244
49.94994994994995, 28.88962488065794, 81.58352058396488, 39.47265933797634, 44.08644881540606
50.0, 28.878554646648308, 81.5482027626449, 39.42520687412828, 44.10415539830912
