Initial conditions: Te0=24.0, Ti0=16.0, rho0=1000.0, Rh0=15.0
t (ps), Te (keV), Ti (keV), rho (g/cm^3), Rh (um)
0.0, 24.0, 16.0, 1000.0, 15.0
0.05005005005005005, 24.421293575405823, 17.32240345705154, 1000.0015953501812, 15.0
0.1001001001001001, 25.07955093051576, 18.7298023281752, 1000.0032011450573, 15.0
0.15015015015015015, 25.965895473336975, 20.246920912999247, 1000.0048238818877, 15.0
0.2002002002002002, 27.06918302603511, 21.899052825548537, 1000.0064718617189, 15.0
0.2502502502502503, 28.375814234984873, 23.710371070992025, 1000.0081554823976, 15.0
0.3003003003003003, 29.869121164950595, 25.70205611183934, 1000.0098873563887, 15.0
0.3503503503503504, 31.528699378398972, 27.890352384925517, 1000.0116822275916, 15.0
0.4004004004004004, 33.33008768034716, 30.28479357296696, 1000.0135566710146, 15.0
0.45045045045045046, 35.24509132169464, 32.88694814900373, 1000.0155285777607, 15.0
0.5005005005005005, 37.24283580709465, 35.690028260477675, 1000.0176164615856, 15.0
0.5505505505505506, 39.291392524105675, 38.679535641487526, 1000.0198386595094, 15.0
0.6006006006006006, 41.35963670327963, 41.83484638057649, 1000.0222125231367, 15.0
0.6506506506506506, 43.41895647790045, 45.13139073763729, 1000.0247536985262, 15.0
0.7007007007007008, 45.44452829811282, 48.542977659935104, 1000.0274755703642, 15.0
0.7507507507507507, 47.416040998807404, 52.04387187030322, 1000.0303889105675, 15.0
0.8008008008008008, 49.317907476106015, 55.61039643103888, 1000.0335017352593, 15.0
0.8508508508508509, 51.139098442559266, 59.22201675755735, 1000.0368193494813, 15.0
0.9009009009009009, 52.87279235272856, 62.86204733611007, 1000.0403445434656, 15.0
0.950950950950951, 54.5161265538557, 66.51840178815401, 1000.044077919123, 15.0
1.001001001001001, 56.068844161702735, 70.18230613059171, 1000.0480182959534, 15.0
1.0510510510510511, 57.5303168859416, 73.84348244584145, 1000.0521628689997, 15.0
1.1011011011011012, 58.900114498190376, 77.49094146156412, 1000.056507235082, 15.0
1.1511511511511512, 60.17851775917936, 81.11393547761116, 1000.0610455289129, 15.0
1.2012012012012012, 61.36666610149771, 84.70241560279729, 1000.0657706217339, 15.0
1.2512512512512513, 62.466556685527344, 88.24728025420045, 1000.070674350767, 15.0
1.3013013013013013, 63.48096788087066, 91.74050330939654, 1000.075747761236, 15.0
1.3513513513513515, 64.4133419452015, 95.17517958501786, 1000.0809813454981, 15.0
1.4014014014014016, 65.26764860341649, 98.54551167986071, 1000.0863652681553, 15.0
1.4514514514514514, 66.04824588796524, 101.84675985355668, 1000.0918895693628, 15.0
1.5015015015015014, 66.7597471058514, 105.0751673092364, 1000.0975443416637, 15.0
1.5515515515515517, 67.40690060699853, 108.2278716456023, 1000.1033198774163, 15.0
1.6016016016016017, 67.99448387540089, 111.30281098904253, 1000.1092067900755, 15.0
1.6516516516516517, 68.52721712322023, 114.29862807986368, 1000.1151961032004, 15.0
1.7017017017017018, 69.00969235592076, 117.21457890541416, 1000.121279317559, 15.0
1.751751751751752, 69.44631917926337, 120.05044641841855, 1000.1274484546512, 15.0
1.8018018018018018, 69.84128519994862, 122.80646123743749, 1000.1336960811609, 15.0
1.851851851851852, 70.19852903480448, 125.48322992377716, 1000.1400153176938, 15.0
1.901901901901902, 70.52172436101935, 128.08167107655163, 1000.1463998344295, 15.0
1.951951951951952, 70.81427294219709, 130.60295897727465, 1000.1528438367477, 15.0
2.002002002002002, 71.07930478185666, 133.04847453788014, 1000.159342043452, 15.0
2.052052052052052, 71.31968241468422, 135.41976196282883, 1000.1658896614684, 15.0
2.1021021021021022, 71.53801125852384, 137.71849209661877, 1000.1724823546089, 15.0
2.1521521521521523, 71.73665216721325, 139.9464309246791, 1000.1791162113717, 15.0
2.2022022022022023, 71.91773555658803, 142.10541279116805, 1000.1857877124827, 15.0
2.2522522522522523, 72.08317706497945, 144.19731764603748, 1000.1924936980694, 15.0
2.3023023023023024, 72.23469351784343, 146.22405182548405, 1000.1992313359408, 15.0
2.3523523523523524, 72.37381976183218, 148.18753265611522, 1000.2059980902978, 15.0
2.4024024024024024, 72.50192335056863, 150.08967442241763, 1000.2127916941407, 15.0
2.452452452452453, 72.62022067439716, 151.93237819618702, 1000.2196101213145, 15.0
2.5025025025025025, 72.72979102772535, 153.71752243805525, 1000.2264515618683, 15.0
2.552552552552553, 72.83159049092072, 155.4469560625743, 1000.2333143987493, 15.0
2.6026026026026026, 72.92646456610491, 157.1224927787756, 1000.2401971868486, 15.000000000000002
2.6526526526526526, 73.01515970456806, 158.74590639623776, 1000.2470986340044, 15.000000000000004
2.702702702702703, 73.09833417902229, 160.31892773557863, 1000.2540175836825, 15.000000000000004
2.7527527527527527, 73.17656785263515, 161.84324182044202, 1000.2609529993362, 15.000000000000005
2.802802802802803, 73.25037103772878, 163.3204862348936, 1000.2679039505392, 15.000000000000005
2.852852852852853, 73.32019246142313, 164.7522500112643, 1000.2748696006253, 15.000000000000007
2.9029029029029028, 73.38642651654389, 166.14007285873473, 1000.2818491954722, 15.000000000000007
2.9529529529529532, 73.4494196148088, 167.48544523109967, 1000.2888420539283, 15.000000000000009
3.003003003003003, 73.50947609143532, 168.78980814823248, 1000.2958475587523, 15.000000000000009
3.0530530530530533, 73.56686321168166, 170.0545539083939, 1000.3028651492066, 15.00000000000001
3.1031031031031033, 73.62181574943375, 171.28102668218742, 1000.3098943141945, 15.000000000000012
3.1531531531531534, 73.67454004785397, 172.47052338556267, 1000.3169345862574, 15.000000000000012
3.2032032032032034, 73.72521750785646, 173.62429475563812, 1000.323985536462, 15.000000000000014
3.2532532532532534, 73.77400784393005, 174.74354640600274, 1000.3310467696119, 15.000000000000014
3.3033033033033035, 73.82105171774373, 175.8294401508998, 1000.3381179204519, 15.000000000000016
3.3533533533533535, 73.86647328671177, 176.88309519859638, 1000.3451986499412, 15.000000000000016
3.4034034034034035, 73.91038222449188, 177.90558955880942, 1000.3522886423705, 15.000000000000018
3.4534534534534536, 73.95287567510678, 178.89796133427512, 1000.3593876025329, 15.00000000000002
3.503503503503504, 73.99403983341372, 179.8612101174637, 1000.3664952534715, 15.00000000000002
3.5535535535535536, 74.03395137817449, 180.79629834167562, 1000.3736113344261, 15.000000000000021
3.6036036036036037, 74.072678735152, 181.70415262570435, 1000.3807355990307, 15.000000000000021
3.6536536536536537, 74.11028311173388, 182.58566512434098, 1000.3878678138421, 15.000000000000023
3.703703703703704, 74.1468194980591, 183.44169481332457, 1000.395007756908, 15.000000000000023
3.753753753753754, 74.1823374369216, 184.27306878706992, 1000.4021552166723, 15.000000000000025
3.803803803803804, 74.21688175768612, 185.08058349613503, 1000.4093099909251, 15.000000000000025
3.853853853853854, 74.25049310078181, 185.86500598362042, 1000.4164718860559, 15.000000000000027
3.903903903903904, 74.28320863454915, 186.6270749991595, 1000.4236407160125, 15.000000000000027
3.9539539539539543, 74.31506242285914, 187.36750222985032, 1000.4308163017821, 15.000000000000027
4.004004004004004, 74.34608572491258, 188.08697327138208, 1000.437998470936, 15.000000000000027
4.054054054054054, 74.37630755030928, 188.7861488384886, 1000.4451870568365, 15.000000000000028
4.104104104104104, 74.40575466663994, 189.46566561385885, 1000.4523818985942, 15.000000000000028
4.1541541541541545, 74.43445214368414, 190.126137403861, 1000.4595828402839, 15.00000000000003
4.2042042042042045, 74.46242336194842, 190.76815587760615, 1000.4667897308999, 15.00000000000003
4.2542542542542545, 74.48969039349271, 191.39229166205723, 1000.4740024237966, 15.000000000000032
4.3043043043043046, 74.51627397476055, 191.99909502204477, 1000.481220776689, 15.000000000000032
4.354354354354355, 74.54219381004604, 192.58909685985932, 1000.4884446512007, 15.000000000000032
4.404404404404405, 74.56746855022878, 193.1628093269473, 1000.4956739128526, 15.000000000000034
4.454454454454455, 74.59211604451379, 193.720726801844, 1000.5029084306826, 15.000000000000034
4.504504504504505, 74.61615328988813, 194.26332636972853, 1000.5101480772728, 15.000000000000036
4.554554554554555, 74.63959660162917, 194.79106870094927, 1000.5173927284787, 15.000000000000036
4.604604604604605, 74.66246164075197, 195.30439860848023, 1000.5246422633506, 15.000000000000037
4.654654654654655, 74.68476347828656, 195.80374571309125, 1000.531896564005, 15.000000000000037
4.704704704704705, 74.7065166654571, 196.28952508577967, 1000.5391555154897, 15.000000000000039
4.754754754754755, 74.72773523433645, 196.76213771330737, 1000.5464190057405, 15.000000000000039
4.804804804804805, 74.74843278848002, 197.22197121475813, 1000.5536869254183, 15.00000000000004
4.854854854854855, 74.76862247613884, 197.6694001755023, 1000.5609591679038, 15.00000000000004
4.904904904904906, 74.78831707041522, 198.1047868486552, 1000.5682356291481, 15.00000000000004
4.954954954954955, 74.80752895564419, 198.5284814521529, 1000.5755162076512, 15.000000000000043
5.005005005005005, 74.82627017579019, 198.94082278024945, 1000.5828008043541, 15.000000000000043
5.055055055055055, 74.84455243410123, 199.34213852455773, 1000.5900893226016, 15.000000000000044
5.105105105105106, 74.8623871210352, 199.73274577609155, 1000.5973816680627, 15.000000000000044
5.155155155155156, 74.8797853291602, 200.1129514249875, 1000.6046777486712, 15.000000000000046
5.205205205205205, 74.89675784945379, 200.48305243384505, 1000.6119774745933, 15.000000000000046
5.255255255255255, 74.91331520577927, 200.84333638244877, 1000.6192807581394, 15.000000000000046
5.305305305305305, 74.92946764742769, 201.19408163560806, 1000.6265875137392, 15.000000000000048
5.355355355355356, 74.94522517132982, 201.53555783335526, 1000.6338976578706, 15.000000000000048
5.405405405405406, 74.96059752320811, 201.86802611457242, 1000.6412111090237, 15.00000000000005
5.455455455455455, 74.97559420675844, 202.1917394491777, 1000.6485277876504, 15.00000000000005
5.505505505505505, 74.9902244945549, 202.50694298299328, 1000.6558476161125, 15.00000000000005
5.555555555555555, 75.00449742725164, 202.81387421123492, 1000.6631705186509, 15.000000000000052
5.605605605605606, 75.01842182778381, 203.11276338317032, 1000.6704964213257, 15.000000000000052
5.655655655655656, 75.03200630222891, 203.40383363962485, 1000.6778252519863, 15.000000000000053
5.705705705705706, 75.0452592483084, 203.6873013430588, 1000.685156940222, 15.000000000000053
5.7557557557557555, 75.05818885776684, 203.9633762323879, 1000.69249141733, 15.000000000000053
5.8058058058058055, 75.07080312260679, 204.23226168845395, 1000.6998286162722, 15.000000000000053
5.855855855855856, 75.08310984427501, 204.49415508357598, 1000.7071684716233, 15.000000000000055
5.9059059059059065, 75.09511663681161, 204.74924795899835, 1000.7145109195367, 15.000000000000055
5.9559559559559565, 75.10683092983422, 204.9977261634441, 1000.7218558977138, 15.000000000000055
6.006006006006006, 75.11825996771142, 205.23976980855517, 1000.7292033453924, 15.000000000000055
6.056056056056057, 75.12941081847255, 205.47555373544876, 1000.7365532032821, 15.000000000000055
6.106106106106107, 75.14029037425824, 205.70524755995305, 1000.7439054135434, 15.000000000000057
6.156156156156157, 75.15090535372264, 205.92901579945968, 1000.7512599197572, 15.000000000000057
6.206206206206207, 75.16126232774108, 206.14701850883444, 1000.7586166668453, 15.000000000000057
6.256256256256257, 75.17136770625045, 206.35941106505587, 1000.7659756010742, 15.000000000000057
6.306306306306307, 75.1812277360885, 206.56634418577605, 1000.7733366700357, 15.000000000000059
6.356356356356357, 75.19084850892312, 206.76796416200884, 1000.7806998226068, 15.000000000000059
6.406406406406407, 75.2002359676681, 206.96441312364055, 1000.7880650089124, 15.000000000000059
6.456456456456457, 75.20939591311989, 207.1558293130948, 1000.7954321802886, 15.000000000000059
6.506506506506507, 75.21833399876897, 207.3423468870871, 1000.8028012892717, 15.000000000000059
6.556556556556557, 75.2270557367178, 207.52409616033376, 1000.8101722895645, 15.00000000000006
6.606606606606607, 75.2355665015307, 207.70120373093306, 1000.8175451360072, 15.00000000000006
6.656656656656657, 75.2438715423476, 207.87379268301245, 1000.8249197845388, 15.00000000000006
6.706706706706707, 75.25197597693995, 208.0419825994224, 1000.8322961921829, 15.00000000000006
6.756756756756757, 75.25988479605321, 208.2058896741969, 1000.83967431702, 15.000000000000062
6.806806806806807, 75.26760286780738, 208.36562682045817, 1000.8470541181617, 15.000000000000062
6.856856856856857, 75.27513494019037, 208.52130383166218, 1000.8544355557214, 15.000000000000062
6.906906906906907, 75.28248564428323, 208.67302746665092, 1000.861818590789, 15.000000000000062
6.956956956956957, 75.28965949796043, 208.82090148207539, 1000.8692031854121, 15.000000000000062
7.007007007007008, 75.29666090859051, 208.96502674764466, 1000.87658930257, 15.000000000000062
7.057057057057057, 75.30349417418182, 209.10550135698045, 1000.8839769061508, 15.000000000000062
7.107107107107107, 75.31016347478842, 209.2424206856797, 1000.8913659609544, 15.000000000000062
7.157157157157157, 75.31667289070047, 209.3758775400054, 1000.8987564326321, 15.000000000000062
7.207207207207207, 75.32302639564396, 209.5059621274424, 1000.9061482876946, 15.000000000000064
7.257257257257258, 75.32922786058717, 209.63276218341346, 1000.9135414934826, 15.000000000000064
7.307307307307307, 75.33528106988577, 209.75636307048282, 1000.9209360181279, 15.000000000000064
7.357357357357358, 75.34118971738037, 209.8768478294295, 1000.9283318305423, 15.000000000000066
7.407407407407408, 75.3469574049146, 209.99429723619838, 1000.9357289004047, 15.000000000000066
7.457457457457458, 75.35258764415067, 210.10878987331424, 1000.9431271981434, 15.000000000000066
7.507507507507508, 75.35808385951609, 210.22040219733498, 1000.950526694916, 15.000000000000068
7.557557557557558, 75.36344939292896, 210.32920860759504, 1000.9579273625855, 15.000000000000068
7.607607607607608, 75.3686874988019, 210.43528149498925, 1000.9653291737166, 15.000000000000068
7.657657657657658, 75.37380134313882, 210.53869129988604, 1000.9727321015628, 15.00000000000007
7.707707707707708, 75.3787940117991, 210.6395065957042, 1000.9801361200349, 15.00000000000007
7.757757757757758, 75.3836685147143, 210.73779411662542, 1000.987541203687, 15.00000000000007
7.807807807807808, 75.38842779511603, 210.83361878214853, 1000.9949473276954, 15.000000000000071
7.857857857857859, 75.3930747209619, 210.92704380928424, 1001.0023544678469, 15.000000000000071
7.907907907907909, 75.39761208968655, 211.01813073528615, 1001.009762600524, 15.000000000000071
7.957957957957959, 75.4020426262618, 211.10693943421143, 1001.0171717027017, 15.000000000000073
8.008008008008009, 75.40636899054378, 211.19352821399949, 1001.0245817519152, 15.000000000000073
8.058058058058059, 75.41059377728605, 211.27795388515864, 1001.0319927262417, 15.000000000000073
8.108108108108109, 75.41471950614815, 211.36027158060642, 1001.039404604358, 15.000000000000073
8.158158158158159, 75.41874863925024, 211.4405352131827, 1001.0468173654009, 15.000000000000075
8.208208208208209, 75.42268357292372, 211.5187971536619, 1001.0542309890602, 15.000000000000075
8.258258258258259, 75.42652665112989, 211.59510840585142, 1001.0616454555133, 15.000000000000076
8.308308308308309, 75.43028015722031, 211.66951863612897, 1001.0690607454304, 15.000000000000076
8.358358358358359, 75.43394631616525, 211.7420761973102, 1001.0764768399654, 15.000000000000076
8.408408408408409, 75.43752730244547, 211.81282824595365, 1001.0838937207097, 15.000000000000078
8.458458458458459, 75.44102523200638, 211.88182060460042, 1001.0913113697444, 15.000000000000078
8.508508508508509, 75.44444216637297, 211.94909787111663, 1001.0987297696029, 15.000000000000078
8.558558558558559, 75.44778012051869, 212.0147036636828, 1001.1061489031935, 15.00000000000008
8.608608608608609, 75.45104105298627, 212.0786803038481, 1001.1135687538994, 15.00000000000008
8.65865865865866, 75.45422687344951, 212.14106900843575, 1001.1209893055155, 15.00000000000008
8.70870870870871, 75.4573394513168, 212.20191008143365, 1001.1284105421839, 15.000000000000082
8.75875875875876, 75.46038060223407, 212.2612426183378, 1001.1358324484933, 15.000000000000082
8.80880880880881, 75.46335209807006, 212.31910473159914, 1001.1432550094024, 15.000000000000082
8.85885885885886, 75.46625567178941, 212.37553366285584, 1001.1506782102026, 15.000000000000083
8.90890890890891, 75.46909300688966, 212.43056553913294, 1001.1581020366002, 15.000000000000083
8.95895895895896, 75.4718657468402, 212.4842356101932, 1001.165526474636, 15.000000000000083
9.00900900900901, 75.47457549656309, 212.5365782877266, 1001.172951510672, 15.000000000000085
9.05905905905906, 75.47722381630282, 212.58762698134984, 1001.1803771314476, 15.000000000000085
9.10910910910911, 75.47981223143866, 212.63741433195844, 1001.1878033239972, 15.000000000000087
9.15915915915916, 75.48234222825754, 212.6859721152692, 1001.1952300756851, 15.000000000000087
9.20920920920921, 75.48481525334503, 212.73333122830044, 1001.2026573742096, 15.000000000000087
9.259259259259261, 75.48723272209814, 212.7795218857384, 1001.210085207534, 15.000000000000089
9.30930930930931, 75.48959601141964, 212.82457345107585, 1001.217513563946, 15.000000000000089
9.35935935935936, 75.49190646347536, 212.8685145262175, 1001.2249424320263, 15.000000000000089
9.40940940940941, 75.49416539038181, 212.91137306400756, 1001.2323718006083, 15.00000000000009
9.45945945945946, 75.49637406669977, 212.953176188172, 1001.2398016588426, 15.00000000000009
9.50950950950951, 75.4985337408131, 212.9939504565819, 1001.2472319961017, 15.00000000000009
9.55955955955956, 75.50064562598905, 213.0337216565268, 1001.2546628020544, 15.000000000000092
9.60960960960961, 75.50271090545306, 213.07251492075102, 1001.2620940666238, 15.000000000000092
9.65965965965966, 75.50473073839561, 213.11035486241457, 1001.2695257799373, 15.000000000000092
9.70970970970971, 75.50670625167139, 213.14726538796555, 1001.276957932396, 15.000000000000094
9.759759759759762, 75.50863854146203, 213.18326973496622, 1001.2843905146599, 15.000000000000094
9.809809809809812, 75.51052867588282, 213.21839053123193, 1001.291823517627, 15.000000000000096
9.85985985985986, 75.51237769602561, 213.25264981866255, 1001.2992569324247, 15.000000000000096
9.90990990990991, 75.51418661744876, 213.28606908916345, 1001.3066907503959, 15.000000000000096
9.95995995995996, 75.51595643304476, 213.31866935782415, 1001.3141249630706, 15.000000000000098
10.01001001001001, 75.51768811128439, 213.35047111106016, 1001.3215595621881, 15.000000000000098
10.06006006006006, 75.51938259809408, 213.381494353013, 1001.328994539679, 15.000000000000098
10.11011011011011, 75.52104081814197, 213.4117586359573, 1001.3364298876542, 15.0000000000001
10.16016016016016, 75.52266367592968, 213.44128308545285, 1001.3438655983953, 15.0000000000001
10.210210210210212, 75.52425204958006, 213.47008624909952, 1001.351301664408, 15.0000000000001
10.260260260260262, 75.52580678214781, 213.49818588546594, 1001.3587380784961, 15.0000000000001
10.310310310310312, 75.52732870560135, 213.5255995420601, 1001.3661748335578, 15.0000000000001
10.360360360360362, 75.5288186321723, 213.55234434519534, 1001.3736119226587, 15.0000000000001
10.41041041041041, 75.5302773545409, 213.5784370032555, 1001.3810493390312, 15.000000000000101
10.46046046046046, 75.5317056465057, 213.60389382165485, 1001.3884870760684, 15.000000000000101
10.51051051051051, 75.53310426102414, 213.62873064024024, 1001.3959251273445, 15.000000000000101
10.56056056056056, 75.53447393101526, 213.65296285217943, 1001.4033634866076, 15.000000000000103
10.61061061061061, 75.53581537350635, 213.67660552147714, 1001.4108021477407, 15.000000000000103
10.66066066066066, 75.5371292883377, 213.69967333997815, 1001.4182411047748, 15.000000000000103
10.710710710710712, 75.53841635873914, 213.7221806395747, 1001.4256803518846, 15.000000000000105
10.760760760760762, 75.53967725178751, 213.74414140309077, 1001.433119883384, 15.000000000000105
10.810810810810812, 75.54091261322571, 213.76556921146855, 1001.4405596937495, 15.000000000000105
10.860860860860862, 75.54212307240543, 213.78647730531952, 1001.4479997775932, 15.000000000000107
10.91091091091091, 75.54330924494968, 213.8068786207188, 1001.4554401296501, 15.000000000000107
10.96096096096096, 75.54447173115118, 213.82678577682597, 1001.4628807447831, 15.000000000000107
11.01101101101101, 75.54561111640204, 213.84621108645445, 1001.4703216179782, 15.000000000000108
11.06106106106106, 75.54672797132157, 213.86516654943966, 1001.477762744348, 15.000000000000108
11.11111111111111, 75.54782285176772, 213.88366383937498, 1001.4852041191331, 15.000000000000108
11.161161161161163, 75.54889629916075, 213.90171430814365, 1001.4926457377024, 15.00000000000011
11.211211211211213, 75.54994884214234, 213.91932906652912, 1001.500087595525, 15.00000000000011
11.261261261261263, 75.55098099623167, 213.93651895070585, 1001.5075296881805, 15.000000000000112
11.311311311311313, 75.55199326423993, 213.95329453194356, 1001.5149720113562, 15.000000000000112
11.361361361361363, 75.55298613681667, 213.9696661128356, 1001.5224145608464, 15.000000000000112
11.411411411411413, 75.5539600933684, 213.9856436869695, 1001.5298573325632, 15.000000000000114
11.461461461461461, 75.55491560157874, 214.00123703213168, 1001.5373003225097, 15.000000000000114
11.511511511511511, 75.55585311809227, 214.01645569091045, 1001.5447435267836, 15.000000000000114
11.561561561561561, 75.55677308897924, 214.03130897154654, 1001.5521869415767, 15.000000000000115
11.611611611611611, 75.55767595013545, 214.04580595420174, 1001.5596305631726, 15.000000000000115
11.661661661661663, 75.55856212767772, 214.0599554968421, 1001.5670743879436, 15.000000000000117
11.711711711711713, 75.55943203833509, 214.0737662407346, 1001.5745184123482, 15.000000000000117
11.761761761761763, 75.56028608832595, 214.08724660951287, 1001.5819626329336, 15.000000000000117
11.811811811811813, 75.56112466722209, 214.1004047877945, 1001.589407046351, 15.000000000000119
11.861861861861863, 75.56194815898066, 214.11324876819342, 1001.5968516493244, 15.000000000000119
11.911911911911913, 75.56275693901823, 214.12578634205863, 1001.6042964386579, 15.000000000000119
11.961961961961963, 75.56355137355058, 214.13802509891897, 1001.6117414112364, 15.00000000000012
12.012012012012011, 75.56433181975049, 214.14997242883675, 1001.6191865640249, 15.00000000000012
12.062062062062061, 75.56509862589027, 214.16163552433179, 1001.6266318940675, 15.00000000000012
12.112112112112113, 75.5658521314692, 214.17302138187657, 1001.6340773984864, 15.000000000000123
12.162162162162163, 75.56659266648433, 214.18413683033842, 1001.6415230744747, 15.000000000000123
12.212212212212213, 75.56732054734951, 214.19498866754682, 1001.6489689192606, 15.000000000000124
12.262262262262263, 75.56803608352769, 214.2055834473713, 1001.6564149301621, 15.000000000000124
12.312312312312313, 75.56873957571455, 214.21592754075942, 1001.6638611045713, 15.000000000000124
12.362362362362363, 75.56943131518773, 214.2260271579301, 1001.6713074399476, 15.000000000000126
12.412412412412413, 75.57011158371456, 214.23588835146853, 1001.6787539338171, 15.000000000000126
12.462462462462463, 75.57078065343788, 214.2455170192109, 1001.6862005837729, 15.000000000000126
12.512512512512513, 75.57143878673983, 214.25491890691865, 1001.6936473874729, 15.000000000000128
12.562562562562562, 75.57208623992562, 214.26409961895695, 1001.7010943426318, 15.000000000000128
12.612612612612613, 75.57272328497866, 214.27306466744932, 1001.7085414469752, 15.00000000000013
12.662662662662663, 75.57335017631704, 214.28181940367267, 1001.7159886983076, 15.00000000000013
12.712712712712714, 75.57396715927456, 214.2903690385029, 1001.7234360944936, 15.00000000000013
12.762762762762764, 75.5745744737844, 214.2987186524396, 1001.7308836334503, 15.000000000000131
12.812812812812814, 75.57517235476641, 214.30687319841866, 1001.7383313131448, 15.000000000000131
12.862862862862864, 75.57576103252698, 214.31483750448893, 1001.7457791315935, 15.000000000000131
12.912912912912914, 75.57634073317128, 214.32261627635162, 1001.7532270868603, 15.000000000000133
12.962962962962964, 75.57691168044485, 214.33021410142103, 1001.7606751770526, 15.000000000000133
13.013013013013014, 75.57747410548512, 214.3376354619903, 1001.7681234003035, 15.000000000000135
13.063063063063064, 75.57802823377978, 214.34488472157256, 1001.7755717547941, 15.000000000000135
13.113113113113114, 75.57857428883217, 214.3519661306419, 1001.7830202387472, 15.000000000000135
13.163163163163164, 75.579112494417, 214.35888383057298, 1001.7904688504219, 15.000000000000137
13.213213213213214, 75.57964307533909, 214.36564185567786, 1001.7979175881121, 15.000000000000137
13.263263263263264, 75.58016625821897, 214.37224413512254, 1001.8053664501448, 15.000000000000137
13.313313313313314, 75.58068227230522, 214.3786944947235, 1001.8128154348783, 15.000000000000137
13.363363363363364, 75.58119134384512, 214.38499666246446, 1001.8202645407088, 15.000000000000139
13.413413413413414, 75.5816935871551, 214.39115433523529, 1001.8277137662058, 15.000000000000139
13.463463463463464, 75.58218899751331, 214.39717118370683, 1001.8351631101216, 15.00000000000014
13.513513513513514, 75.58267774327634, 214.40305067543997, 1001.8426125710254, 15.000000000000142
13.563563563563564, 75.58316002049406, 214.40879618178005, 1001.8500621474781, 15.000000000000142
13.613613613613614, 75.5836360043626, 214.414411025138, 1001.8575118380885, 15.000000000000144
13.663663663663664, 75.58410583760424, 214.4198984394877, 1001.8649616415427, 15.000000000000144
13.713713713713714, 75.58456962854096, 214.4252615896341, 1001.8724115565999, 15.000000000000146
13.763763763763764, 75.5850275715085, 214.43050353133717, 1001.8798615819317, 15.000000000000147
13.813813813813814, 75.58547982355583, 214.43562725631597, 1001.8873117162859, 15.000000000000147
13.863863863863864, 75.58592651232932, 214.4406356922798, 1001.8947619584745, 15.00000000000015
13.913913913913914, 75.58636777198103, 214.4455316905747, 1001.9022123073265, 15.00000000000015
13.963963963963964, 75.58680373519344, 214.45031803124533, 1001.9096627616971, 15.000000000000151
14.014014014014016, 75.58723454150163, 214.45499742142835, 1001.9171133204565, 15.000000000000151
14.064064064064066, 75.58766032285381, 214.45957250285602, 1001.9245639825082, 15.000000000000153
14.114114114114114, 75.58808120090148, 214.4640458547414, 1001.932014746792, 15.000000000000153
14.164164164164164, 75.58849729672752, 214.4684199914463, 1001.9394656122709, 15.000000000000155
14.214214214214214, 75.58890872704436, 214.47269736561006, 1001.946916577935, 15.000000000000155
14.264264264264265, 75.58931560587403, 214.4768803691623, 1001.9543676427994, 15.000000000000156
14.314314314314315, 75.58971804770289, 214.48097133342202, 1001.9618188058988, 15.000000000000156
14.364364364364365, 75.59011616475156, 214.4849725319041, 1001.9692700662912, 15.000000000000158
14.414414414414415, 75.59051006334658, 214.48888618298753, 1001.9767214230621, 15.000000000000158
14.464464464464465, 75.59089984699933, 214.49271445044886, 1001.9841728753197, 15.000000000000158
14.514514514514516, 75.59128561741117, 214.4964594437222, 1001.9916244221932, 15.00000000000016
14.564564564564566, 75.59166747351802, 214.50012322088116, 1001.9990760628336, 15.00000000000016
14.614614614614615, 75.59204551238412, 214.5037077886879, 1002.0065277964122, 15.000000000000162
14.664664664664665, 75.59241982866574, 214.50721510397636, 1002.0139796221206, 15.000000000000162
14.714714714714717, 75.59279051457122, 214.5106470749543, 1002.0214315391709, 15.000000000000162
14.764764764764765, 75.59315765977303, 214.51400556479697, 1002.0288835467941, 15.000000000000163
14.814814814814817, 75.59352135163127, 214.51729238694975, 1002.0363356442415, 15.000000000000163
14.864864864864865, 75.59388167538756, 214.52050931131845, 1002.0437878307827, 15.000000000000163
14.914914914914917, 75.59423871429522, 214.52365806713235, 1002.051240105704, 15.000000000000165
14.964964964964965, 75.59459254926035, 214.5267403357777, 1002.058692468311, 15.000000000000165
15.015015015015017, 75.59494325949285, 214.5297577608683, 1002.0661449179256, 15.000000000000165
15.065065065065065, 75.59529092228908, 214.5327119451392, 1002.0735974538856, 15.000000000000167
15.115115115115117, 75.595635615047, 214.53560449373805, 1002.0810500755284, 15.000000000000167
15.165165165165165, 75.5959774048876, 214.53843680056556, 1002.0885027822784, 15.000000000000169
15.215215215215215, 75.59631636930766, 214.5412104739463, 1002.0959555734717, 15.000000000000169
15.265265265265267, 75.59665257607195, 214.54392692072645, 1002.1034084485271, 15.000000000000169
15.315315315315315, 75.59698609197243, 214.54658752779645, 1002.1108614068721, 15.000000000000169
15.365365365365367, 75.59731698435631, 214.5491936934369, 1002.1183144479296, 15.00000000000017
15.415415415415415, 75.59764532022194, 214.55174680864644, 1002.1257675711249, 15.00000000000017
15.465465465465467, 75.59797115989814, 214.55424812550584, 1002.1332207759411, 15.00000000000017
15.515515515515515, 75.59829456474765, 214.5566989176317, 1002.1406740618523, 15.000000000000172
15.565565565565567, 75.5986155976818, 214.55910049089542, 1002.1481274283193, 15.000000000000172
15.615615615615615, 75.5989343172417, 214.5614540603825, 1002.1555808748402, 15.000000000000172
15.665665665665667, 75.59925077730323, 214.56376074426447, 1002.1630344009533, 15.000000000000172
15.715715715715717, 75.59956503562147, 214.56602174129802, 1002.1704880061636, 15.000000000000172
15.765765765765765, 75.59987714487019, 214.56823814478278, 1002.1779416900193, 15.000000000000172
15.815815815815817, 75.60018716531928, 214.57041120566808, 1002.1853954520043, 15.000000000000172
15.865865865865866, 75.60049513969251, 214.57254181074973, 1002.1928492917519, 15.000000000000174
15.915915915915917, 75.60080112289391, 214.57463109961216, 1002.2003032087919, 15.000000000000174
15.965965965965966, 75.60110516381613, 214.5766800869844, 1002.2077572027049, 15.000000000000176
16.016016016016017, 75.60140730976572, 214.5786897546722, 1002.2152112730855, 15.000000000000176
16.066066066066064, 75.60170760850487, 214.58066109397697, 1002.2226654195246, 15.000000000000176
16.116116116116117, 75.60200610608686, 214.58259506072554, 1002.2301196416271, 15.000000000000178
16.166166166166168, 75.60230284685603, 214.58449257527022, 1002.237573939013, 15.000000000000178
16.216216216216218, 75.60259787344773, 214.58635452248876, 1002.2450283113171, 15.000000000000178
16.266266266266268, 75.6028912267884, 214.58818175178422, 1002.2524827581883, 15.00000000000018
16.316316316316318, 75.60318294658998, 214.5899750873154, 1002.2599372792862, 15.00000000000018
16.366366366366368, 75.60347307711348, 214.5917354472229, 1002.267391874232, 15.000000000000181
16.416416416416418, 75.60376165888925, 214.593463672351, 1002.2748465426782, 15.000000000000181
16.466466466466468, 75.60404872964571, 214.59516054545935, 1002.2823012843015, 15.000000000000181
16.516516516516518, 75.60433432577975, 214.5968268216406, 1002.2897560987903, 15.000000000000183
16.566566566566568, 75.60461848235671, 214.59846322832044, 1002.297210985844, 15.000000000000183
16.616616616616618, 75.60490123311043, 214.60007046525743, 1002.3046659451736, 15.000000000000185
16.666666666666668, 75.60518261044318, 214.6016492045433, 1002.3121209765015, 15.000000000000185
16.716716716716718, 75.60546264692384, 214.60320012177155, 1002.3195760795488, 15.000000000000187
16.766766766766768, 75.60574138074352, 214.60472400954248, 1002.3270312539883, 15.000000000000187
16.816816816816818, 75.6060188449081, 214.60622155261268, 1002.3344864995371, 15.000000000000187
16.866866866866868, 75.60629507074566, 214.6076934008683, 1002.341941815927, 15.000000000000188
16.916916916916918, 75.60657008868434, 214.6091401855075, 1002.3493972028972, 15.000000000000188
16.966966966966968, 75.60684392825233, 214.61056251904046, 1002.3568526601949, 15.000000000000188
17.017017017017018, 75.60711661807787, 214.61196099528948, 1002.3643081875749, 15.00000000000019
17.067067067067065, 75.6073881858892, 214.61333618938883, 1002.3717637847997, 15.00000000000019
17.117117117117118, 75.60765865946867, 214.6146886778411, 1002.3792194516315, 15.000000000000192
17.167167167167168, 75.60792806748506, 214.61601905601867, 1002.386675187824, 15.000000000000192
17.217217217217218, 75.60819643631363, 214.61732787130705, 1002.3941309931517, 15.000000000000192
17.26726726726727, 75.60846379150308, 214.61861565394764, 1002.4015868673957, 15.000000000000194
17.31731731731732, 75.60873015784325, 214.61988291845995, 1002.4090428103435, 15.000000000000194
17.36736736736737, 75.60899555936516, 214.6211301636422, 1002.4164988217894, 15.000000000000194
17.41741741741742, 75.60926001934091, 214.62235787257106, 1002.4239549015339, 15.000000000000195
17.46746746746747, 75.60952356028379, 214.62356651260154, 1002.431411049384, 15.000000000000195
17.51751751751752, 75.60978620336991, 214.6247565235402, 1002.4388672651586, 15.000000000000197
17.56756756756757, 75.61004797735023, 214.62592849989974, 1002.4463235486118, 15.000000000000197
17.61761761761762, 75.61030889987232, 214.6270828089215, 1002.4537798995923, 15.000000000000197
17.66766766766767, 75.61056899206716, 214.6282198888809, 1002.4612363179191, 15.000000000000199
17.71771771771772, 75.61082827435935, 214.6293401634062, 1002.4686928034176, 15.000000000000199
17.76776776776777, 75.61108676648477, 214.63044404183714, 1002.476149355919, 15.000000000000199
17.81781781781782, 75.61134448750808, 214.6315319195841, 1002.4836059752599, 15.0000000000002
17.86786786786787, 75.61160145590532, 214.63260417983312, 1002.4910626612824, 15.0000000000002
17.91791791791792, 75.61185769168974, 214.63366123749117, 1002.498519413815, 15.000000000000203
17.96796796796797, 75.61211321376405, 214.63470348444056, 1002.5059762326964, 15.000000000000203
18.01801801801802, 75.61236803964128, 214.63573128376555, 1002.5134331177767, 15.000000000000203
18.06806806806807, 75.61262218635369, 214.63674498853777, 1002.52089006891, 15.000000000000204
18.11811811811812, 75.61287567047466, 214.63774494226698, 1002.5283470859549, 15.000000000000204
18.16816816816817, 75.61312850814078, 214.6387314793516, 1002.5358041687736, 15.000000000000204
18.21821821821822, 75.6133807150737, 214.6397049255295, 1002.5432613172314, 15.000000000000206
18.26826826826827, 75.6136323066023, 214.64066559832835, 1002.5507185311977, 15.000000000000206
18.31831831831832, 75.61388329768448, 214.64161380751665, 1002.5581758105445, 15.000000000000206
18.36836836836837, 75.61413370292931, 214.64254985555402, 1002.5656331551473, 15.000000000000208
18.41841841841842, 75.61438353661892, 214.64347403804194, 1002.5730905648841, 15.000000000000208
18.46846846846847, 75.6146328127305, 214.64438664417443, 1002.5805480396355, 15.000000000000208
18.518518518518523, 75.61488154495837, 214.64528795718863, 1002.5880055792849, 15.00000000000021
18.56856856856857, 75.6151297467068, 214.64617825425478, 1002.595463183718, 15.00000000000021
18.61861861861862, 75.6153774304284, 214.64705779371945, 1002.6029208528284, 15.00000000000021
18.66866866866867, 75.61562460856602, 214.6479268333276, 1002.6103785865098, 15.00000000000021
18.71871871871872, 75.61587129359475, 214.648785631058, 1002.617836384656, 15.00000000000021
18.76876876876877, 75.61611749778376, 214.64963444055124, 1002.6252942471623, 15.000000000000211
18.81881881881882, 75.61636323321694, 214.6504735115324, 1002.6327521739258, 15.000000000000211
18.86886886886887, 75.61660851181347, 214.65130309023468, 1002.6402101648453, 15.000000000000211
18.91891891891892, 75.61685334534835, 214.6521234198226, 1002.64766821982, 15.000000000000213
18.96896896896897, 75.617097745473, 214.65293474081503, 1002.6551263387513, 15.000000000000213
19.01901901901902, 75.61734172373583, 214.65373729150872, 1002.6625845215408, 15.000000000000213
19.069069069069073, 75.61758529160282, 214.6545313084014, 1002.6700427680911, 15.000000000000215
19.11911911911912, 75.61782846047804, 214.65531702661514, 1002.6775010783052, 15.000000000000215
19.16916916916917, 75.61807124172425, 214.65609468031937, 1002.6849594520866, 15.000000000000215
19.21921921921922, 75.6183136466835, 214.65686450315448, 1002.6924178893391, 15.000000000000217
19.26926926926927, 75.61855568635605, 214.6576267217971, 1002.6998763899694, 15.000000000000217
19.31931931931932, 75.61879736533464, 214.65838143420933, 1002.7073349539373, 15.000000000000218
19.36936936936937, 75.61903869049638, 214.65912878412675, 1002.7147935811842, 15.000000000000218
19.41941941941942, 75.6192796705779, 214.65986895254096, 1002.722252271635, 15.000000000000218
19.46946946946947, 75.6195203141069, 214.66060211618816, 1002.7297110252177, 15.00000000000022
19.519519519519523, 75.61976062941015, 214.66132844772125, 1002.7371698418613, 15.00000000000022
19.56956956956957, 75.62000062462162, 214.6620481158814, 1002.744628721496, 15.00000000000022
19.619619619619623, 75.62024030769045, 214.66276128566957, 1002.7520876640543, 15.000000000000222
19.66966966966967, 75.620479686389, 214.6634681185185, 1002.7595466694701, 15.000000000000222
19.71971971971972, 75.62071876832091, 214.66416877246422, 1002.767005737678, 15.000000000000222
19.76976976976977, 75.62095756092909, 214.66486340231785, 1002.7744648686149, 15.000000000000224
19.81981981981982, 75.62119607150379, 214.66555215983715, 1002.7819240622184, 15.000000000000224
19.86986986986987, 75.6214343071907, 214.66623519389844, 1002.7893833184273, 15.000000000000224
19.91991991991992, 75.62167227499883, 214.66691265066802, 1002.7968426371818, 15.000000000000226
19.969969969969974, 75.62190998171174, 214.6675846720693, 1002.8043020184239, 15.000000000000226
20.02002002002002, 75.62214743255205, 214.66825137234355, 1002.8117614621069, 15.000000000000227
20.070070070070074, 75.62238463320953, 214.6689128737234, 1002.8192209681812, 15.000000000000227
20.12012012012012, 75.62262158962226, 214.66956930261833, 1002.826680536595, 15.000000000000227
20.170170170170174, 75.62285830756744, 214.67022078245446, 1002.8341401672982, 15.00000000000023
20.22022022022022, 75.62309479266683, 214.6708674337977, 1002.8415998602414, 15.00000000000023
20.27027027027027, 75.6233310503919, 214.67150937447659, 1002.8490596153769, 15.00000000000023
20.32032032032032, 75.62356708606912, 214.6721467197057, 1002.8565194326577, 15.000000000000231
20.37037037037037, 75.62380290488528, 214.67277958220834, 1002.8639793120382, 15.000000000000231
20.420420420420424, 75.62403851189268, 214.67340807233978, 1002.8714392534735, 15.000000000000231
20.47047047047047, 75.62427391201447, 214.67403229821014, 1002.8788992569196, 15.000000000000233
20.520520520520524, 75.6245091100499, 214.67465236580765, 1002.8863593223338, 15.000000000000233
20.57057057057057, 75.62474411067953, 214.6752683791214, 1002.893819449674, 15.000000000000233
20.620620620620624, 75.6249789184706, 214.67588044026465, 1002.9012796388989, 15.000000000000234
20.67067067067067, 75.62521353787604, 214.67648864870353, 1002.9087398899684, 15.000000000000234
20.720720720720724, 75.62544797317135, 214.67709309156464, 1002.9162002028468, 15.000000000000236
20.77077077077077, 75.62568222856822, 214.6776938593069, 1002.9236605774975, 15.000000000000236
20.82082082082082, 75.62591630820195, 214.67829104329311, 1002.9311210138833, 15.000000000000236
20.87087087087087, 75.62615021611748, 214.67888473314997, 1002.9385815119682, 15.000000000000238
20.92092092092092, 75.62638395627457, 214.67947501687044, 1002.9460420717166, 15.000000000000238
20.970970970970974, 75.6266175325529, 214.6800619809166, 1002.9535026930938, 15.000000000000238
21.02102102102102, 75.62685094875718, 214.6806457103223, 1002.9609633760654, 15.00000000000024
21.071071071071074, 75.62708420862236, 214.68122628879559, 1002.9684241205978, 15.00000000000024
21.12112112112112, 75.62731731581862, 214.68180379882148, 1002.9758849266576, 15.00000000000024
21.171171171171174, 75.6275502739566, 214.68237832176456, 1002.9833457942123, 15.000000000000242
21.22122122122122, 75.62778308659256, 214.68294993797167, 1002.9908067232295, 15.000000000000242
21.27127127127127, 75.62801575723334, 214.6835187268744, 1002.9982677136774, 15.000000000000242
21.32132132132132, 75.62824828934168, 214.68408476709183, 1003.0057287655243, 15.000000000000243
21.37137137137137, 75.6284807063517, 214.6846483006913, 1003.0131898786534, 15.000000000000243
21.421421421421424, 75.62871296532911, 214.68520898287133, 1003.0206510532463, 15.000000000000245
21.47147147147147, 75.62894509776032, 214.68576710667412, 1003.028112289157, 15.000000000000245
21.521521521521525, 75.62917710662062, 214.68632273231043, 1003.0355735863609, 15.000000000000245
21.57157157157157, 75.62940899492907, 214.68687591881832, 1003.0430349448337, 15.000000000000245
21.621621621621625, 75.62964076574846, 214.68742672406322, 1003.0504963645517, 15.000000000000245
21.67167167167167, 75.6298724221853, 214.68797520473777, 1003.0579578454915, 15.000000000000245
21.721721721721725, 75.63010396738984, 214.68852141636208, 1003.0654193876297, 15.000000000000247
21.77177177177177, 75.63033540455608, 214.6890654132834, 1003.0728809909436, 15.000000000000247
21.82182182182182, 75.6305667369217, 214.68960724867642, 1003.0803426554107, 15.000000000000247
21.871871871871875, 75.63079796776815, 214.69014697454315, 1003.0878043810088, 15.000000000000249
21.92192192192192, 75.6310291004206, 214.69068464171283, 1003.0952661677162, 15.000000000000249
21.971971971971975, 75.63126013824795, 214.69122029984197, 1003.1027280155115, 15.000000000000249
22.02202202202202, 75.63149108466284, 214.69175399741462, 1003.1101899243735, 15.00000000000025
22.072072072072075, 75.63172194464094, 214.6922857810151, 1003.1176518942792, 15.00000000000025
22.12212212212212, 75.63195273736127, 214.69281568928082, 1003.1251139251881, 15.000000000000252
22.172172172172175, 75.63218347905028, 214.69334376111007, 1003.1325760170637, 15.000000000000252
22.22222222222222, 75.63241418542445, 214.69387003449327, 1003.1400381698705, 15.000000000000252
22.272272272272275, 75.63264487394345, 214.69439454543522, 1003.1475003835712, 15.000000000000254
22.322322322322325, 75.63287556248511, 214.69491732864023, 1003.1549626581284, 15.000000000000254
22.37237237237237, 75.63310622636394, 214.69543843974301, 1003.1624249935593, 15.000000000000256
22.422422422422425, 75.63333683908775, 214.69595793422874, 1003.169887389884, 15.000000000000256
22.47247247247247, 75.63356738401654, 214.69647586140255, 1003.1773498471105, 15.000000000000256
22.522522522522525, 75.63379784032435, 214.6969922716507, 1003.1848123652521, 15.000000000000258
22.57257257257257, 75.63402818300065, 214.69750721643953, 1003.1922749443285, 15.000000000000258
22.622622622622625, 75.6342584088273, 214.69802073411537, 1003.1997375843312, 15.00000000000026
22.67267267267267, 75.63448852837094, 214.69853285428206, 1003.2072002852356, 15.00000000000026
22.722722722722725, 75.63471853561045, 214.69904361440365, 1003.2146630470378, 15.00000000000026
22.772772772772772, 75.63494842503505, 214.69955305045792, 1003.2221258697341, 15.000000000000261
22.822822822822825, 75.63517819164426, 214.7000611969364, 1003.2295887533204, 15.000000000000261
22.872872872872875, 75.63540784337988, 214.70056808328653, 1003.2370516977757, 15.000000000000261
22.922922922922922, 75.63563741371598, 214.70107373030842, 1003.2445147030443, 15.000000000000263
22.972972972972975, 75.6358669240005, 214.70157816093234, 1003.2519777690878, 15.000000000000263
23.023023023023022, 75.63609639915283, 214.70208139572628, 1003.2594408958635, 15.000000000000265
23.073073073073076, 75.63632586831568, 214.70258345270932, 1003.2669040833231, 15.000000000000265
23.123123123123122, 75.63655539938318, 214.70308434812173, 1003.2743673313623, 15.000000000000265
23.173173173173176, 75.63678484265193, 214.70358413301153, 1003.2818306401828, 15.000000000000266
23.223223223223222, 75.63701428449853, 214.70408282904555, 1003.2892940096513, 15.000000000000266
23.273273273273276, 75.63724371475135, 214.70458046489486, 1003.2967574397735, 15.000000000000266
23.323323323323326, 75.63747312323869, 214.7050770692306, 1003.3042209305551, 15.000000000000268
23.373373373373376, 75.63770249817262, 214.7055726713673, 1003.3116844820032, 15.000000000000268
23.423423423423426, 75.6379318090334, 214.7060673080756, 1003.3191480941507, 15.000000000000268
23.473473473473472, 75.63816102981359, 214.70656101433025, 1003.3266117670237, 15.00000000000027
23.523523523523526, 75.63839013800876, 214.7070538237112, 1003.3340755006441, 15.00000000000027
23.573573573573572, 75.63861915062022, 214.70754575240062, 1003.341539294982, 15.00000000000027
23.623623623623626, 75.63884810807446, 214.7080368062649, 1003.3490031499771, 15.000000000000272
23.673673673673672, 75.6390770258397, 214.70852700216145, 1003.3564670656015, 15.000000000000272
23.723723723723726, 75.63930591572246, 214.709016357659, 1003.3639310418324, 15.000000000000272
23.773773773773776, 75.6395347764071, 214.709504892875, 1003.3713950786654, 15.000000000000272
23.823823823823826, 75.63976361333741, 214.70999262661397, 1003.3788591760865, 15.000000000000274
23.873873873873876, 75.63999241412063, 214.71047967966837, 1003.3863233340754, 15.000000000000274
23.923923923923926, 75.64022121826383, 214.71096579959377, 1003.393787552655, 15.000000000000274
23.973973973973976, 75.64044998023529, 214.71145122422382, 1003.4012518318157, 15.000000000000275
24.024024024024023, 75.64067870003497, 214.7119359535586, 1003.4087161715576, 15.000000000000275
24.074074074074076, 75.64090738096878, 214.71241999822038, 1003.4161805718725, 15.000000000000275
24.124124124124123, 75.64113602754581, 214.7129033726976, 1003.4236450327495, 15.000000000000275
24.174174174174176, 75.64136463979227, 214.71338607707443, 1003.4311095541885, 15.000000000000277
24.224224224224226, 75.64159321819562, 214.71386811554584, 1003.4385741361874, 15.000000000000277
24.274274274274276, 75.64182176749549, 214.71434952889854, 1003.4460387787268, 15.000000000000277
24.324324324324326, 75.64205028888871, 214.71483032743186, 1003.4535034818017, 15.000000000000279
24.374374374374376, 75.64227878237531, 214.71531051114584, 1003.460968245412, 15.000000000000279
24.424424424424426, 75.64250724875316, 214.71579009936715, 1003.4684330695505, 15.000000000000279
24.474474474474476, 75.64273568935677, 214.71626912441968, 1003.4758979542055, 15.000000000000279
24.524524524524526, 75.64296410420697, 214.71674758680817, 1003.4833628993766, 15.00000000000028
24.574574574574573, 75.64319249340313, 214.7172254893214, 1003.490827905063, 15.00000000000028
24.624624624624627, 75.64342085824575, 214.71770286844466, 1003.4982929712517, 15.00000000000028
24.674674674674673, 75.64364919913648, 214.71817973544844, 1003.5057580979384, 15.00000000000028
24.724724724724727, 75.64387751607534, 214.71865609033287, 1003.5132232851233, 15.000000000000282
24.774774774774777, 75.64410580919721, 214.7191319360665, 1003.5206885328051, 15.000000000000282
24.824824824824827, 75.6443340801115, 214.7196073080722, 1003.5281538409712, 15.000000000000282
24.874874874874877, 75.644562329287, 214.72008221666695, 1003.5356192096175, 15.000000000000282
24.924924924924927, 75.64479055672366, 214.72055666185082, 1003.5430846387441, 15.000000000000282
24.974974974974977, 75.64501875822812, 214.7210305594886, 1003.5505501283819, 15.000000000000282
25.025025025025027, 75.64524694678197, 214.72150417004002, 1003.5580156784349, 15.000000000000282
25.075075075075077, 75.64547511434881, 214.72197733226454, 1003.5654812889626, 15.000000000000282
25.125125125125123, 75.64570326147897, 214.72245005720401, 1003.5729469599609, 15.000000000000284
25.175175175175177, 75.64593138873039, 214.72292235604124, 1003.5804126914256, 15.000000000000286
25.225225225225227, 75.6461594967334, 214.72339424130845, 1003.5878784833526, 15.000000000000286
25.275275275275277, 75.64638758606988, 214.7238657246337, 1003.5953443357376, 15.000000000000286
25.325325325325327, 75.64661565730276, 214.72433681729387, 1003.6028102485766, 15.000000000000288
25.375375375375377, 75.64684371099503, 214.72480753056612, 1003.6102762218653, 15.000000000000288
25.425425425425427, 75.64707174770966, 214.7252778757273, 1003.6177422555999, 15.000000000000288
25.475475475475477, 75.64729976800962, 214.7257478640545, 1003.6252083497759, 15.00000000000029
25.525525525525527, 75.64752777245785, 214.72621750682472, 1003.6326745043895, 15.00000000000029
25.575575575575574, 75.64775576161736, 214.72668681531496, 1003.6401407194363, 15.00000000000029
25.625625625625627, 75.6479837360511, 214.72715580080228, 1003.6476069949125, 15.000000000000291
25.675675675675677, 75.64821169632204, 214.72762447456364, 1003.6550733308138, 15.000000000000291
25.725725725725727, 75.64843964299317, 214.7280928478761, 1003.6625397271362, 15.000000000000291
25.775775775775777, 75.64866757662743, 214.72856093201656, 1003.6700061838752, 15.000000000000293
25.825825825825827, 75.6488954977878, 214.72902873826212, 1003.6774727010273, 15.000000000000293
25.875875875875877, 75.64912340703725, 214.7294962778898, 1003.6849392785881, 15.000000000000293
25.925925925925927, 75.64935130493876, 214.7299635621766, 1003.6924059165533, 15.000000000000295
25.975975975975977, 75.64957919198451, 214.7304306008674, 1003.6998726149195, 15.000000000000297
26.026026026026027, 75.649807067494, 214.73089737832527, 1003.7073393736936, 15.000000000000297
26.076076076076077, 75.650034931418, 214.7313638925773, 1003.7148061928763, 15.000000000000297
26.126126126126128, 75.65026278411318, 214.73183015043455, 1003.7222730724654, 15.000000000000298
26.176176176176178, 75.65049062593619, 214.7322961587083, 1003.7297400124586, 15.000000000000298
26.226226226226228, 75.65071845724363, 214.73276192420963, 1003.7372070128537, 15.000000000000298
26.276276276276278, 75.65094627839217, 214.73322745374978, 1003.7446740736482, 15.0000000000003
26.326326326326328, 75.65117408973843, 214.73369275413984, 1003.7521411948396, 15.0000000000003
26.376376376376378, 75.65140189163907, 214.73415783219104, 1003.759608376426, 15.0000000000003
26.426426426426428, 75.65162968445073, 214.73462269471446, 1003.7670756184045, 15.000000000000302
26.476476476476478, 75.65185746853001, 214.73508734852138, 1003.7745429207731, 15.000000000000302
26.526526526526528, 75.6520852442336, 214.73555180042288, 1003.7820102835295, 15.000000000000302
26.576576576576578, 75.65231301191812, 214.7360160572302, 1003.7894777066714, 15.000000000000304
26.626626626626628, 75.65254077194021, 214.7364801257544, 1003.7969451901961, 15.000000000000304
26.676676676676678, 75.65276852465651, 214.73694401280673, 1003.8044127341016, 15.000000000000304
26.726726726726728, 75.65299627042364, 214.7374077251983, 1003.8118803383853, 15.000000000000306
26.776776776776778, 75.65322400958428, 214.73787126933377, 1003.8193480030453, 15.000000000000307
26.826826826826828, 75.65345174200115, 214.7383346376865, 1003.8268157280847, 15.000000000000307
26.876876876876878, 75.65367946772078, 214.73879782806418, 1003.8342835135049, 15.000000000000307
26.926926926926928, 75.65390718701133, 214.73926084470887, 1003.8417513593043, 15.000000000000309
26.976976976976978, 75.6541349001409, 214.73972369186276, 1003.8492192654818, 15.000000000000309
27.027027027027028, 75.65436260737768, 214.7401863737679, 1003.856687232036, 15.000000000000309
27.077077077077078, 75.65459030898981, 214.74064889466655, 1003.8641552589655, 15.00000000000031
27.127127127127128, 75.65481800524542, 214.74111125880074, 1003.8716233462693, 15.00000000000031
27.177177177177178, 75.65504569641267, 214.74157347041267, 1003.8790914939456, 15.00000000000031
27.227227227227228, 75.65527338275972, 214.74203553374443, 1003.8865597019933, 15.000000000000313
27.27727727727728, 75.6555010645547, 214.7424974530382, 1003.894027970411, 15.000000000000313
27.32732732732733, 75.65572874206575, 214.74295923253604, 1003.9014962991976, 15.000000000000313
27.37737737737738, 75.65595641556102, 214.74342087648017, 1003.9089646883515, 15.000000000000314
27.42742742742743, 75.65618408530868, 214.74388238911266, 1003.9164331378714, 15.000000000000314
27.47747747747748, 75.65641175157685, 214.7443437746757, 1003.9239016477561, 15.000000000000314
27.52752752752753, 75.65663941463372, 214.7448050374114, 1003.9313702180043, 15.000000000000316
27.577577577577582, 75.65686707466756, 214.74526618155448, 1003.9388388486148, 15.000000000000316
27.62762762762763, 75.65709472186721, 214.74572721040772, 1003.946307539601, 15.000000000000316
27.67767767767768, 75.65732234451848, 214.74618812709664, 1003.9537762909796, 15.000000000000316
27.72772772772773, 75.65754993578467, 214.7466489352013, 1003.96124510276, 15.000000000000318
27.77777777777778, 75.65777748892481, 214.7471096382867, 1003.9687139749511, 15.000000000000318
27.82782782782783, 75.6580050163914, 214.7475702368957, 1003.9761829075354, 15.000000000000318
27.87787787787788, 75.65823253560477, 214.74803073078925, 1003.9836519004879, 15.000000000000318
27.92792792792793, 75.65846005383725, 214.74849112132594, 1003.9911209537979, 15.00000000000032
27.97797797797798, 75.65868757834511, 214.74895140986465, 1003.9985900674551, 15.00000000000032
28.028028028028032, 75.65891511030229, 214.74941159788906, 1004.0060592414577, 15.00000000000032
28.07807807807808, 75.65914264884674, 214.7498716869244, 1004.0135284758069, 15.00000000000032
28.128128128128132, 75.65937019660952, 214.7503316784245, 1004.0209977704991, 15.00000000000032
28.17817817817818, 75.65959772402624, 214.75079161031985, 1004.0284671255702, 15.00000000000032
28.22822822822823, 75.65982530960784, 214.75125139249647, 1004.035936540923, 15.00000000000032
28.27827827827828, 75.66005288590834, 214.75171109789284, 1004.0434060166416, 15.00000000000032
28.32832832832833, 75.66028045292775, 214.75217072650912, 1004.0508755527261, 15.000000000000322
28.37837837837838, 75.66050801066635, 214.75263027834532, 1004.0583451491764, 15.000000000000322
28.42842842842843, 75.66073556125575, 214.7530897541804, 1004.0658148059896, 15.000000000000322
28.478478478478483, 75.66096310672822, 214.7535491547571, 1004.073284523163, 15.000000000000322
28.52852852852853, 75.66119064708376, 214.7540084800754, 1004.0807543006964, 15.000000000000323
28.578578578578583, 75.66141818274275, 214.75446773070973, 1004.0882241385896, 15.000000000000323
28.62862862862863, 75.66164571651132, 214.75492691049467, 1004.0956940368382, 15.000000000000323
28.678678678678683, 75.66187324890792, 214.7553860201386, 1004.1031639954415, 15.000000000000325
28.72872872872873, 75.66210077993256, 214.75584505964156, 1004.1106340143996, 15.000000000000325
28.77877877877878, 75.66232830958269, 214.7563040316537, 1004.1181040937124, 15.000000000000325
28.82882882882883, 75.66255583785507, 214.75676293956755, 1004.1255742333798, 15.000000000000325
28.87887887887888, 75.66278336474969, 214.75722178339566, 1004.1330444334017, 15.000000000000327
28.92892892892893, 75.66301089022907, 214.75768056359402, 1004.1405146937782, 15.000000000000327
28.97897897897898, 75.6632384139424, 214.75813928443384, 1004.1479850145098, 15.000000000000327
29.029029029029033, 75.66346593580347, 214.75859794696382, 1004.1554553955964, 15.000000000000329
29.07907907907908, 75.66369345581234, 214.759056551184, 1004.1629258370382, 15.000000000000329
29.129129129129133, 75.66392097397905, 214.7595150986655, 1004.1703963388351, 15.000000000000329
29.17917917917918, 75.66414849032583, 214.7599735928669, 1004.1778669009872, 15.000000000000329
29.22922922922923, 75.66437600485345, 214.760432033912, 1004.1853375234946, 15.00000000000033
29.279279279279283, 75.66460351756507, 214.76089042186328, 1004.1928082063572, 15.00000000000033
29.32932932932933, 75.66483102860829, 214.7613487596695, 1004.2002789495748, 15.00000000000033
29.37937937937938, 75.66505853806403, 214.76180704894614, 1004.2077497531476, 15.000000000000332
29.429429429429433, 75.66528604593223, 214.76226528969326, 1004.2152206170756, 15.000000000000332
29.479479479479483, 75.66551355225675, 214.76272348284476, 1004.2226915413588, 15.000000000000334
29.52952952952953, 75.66574105725584, 214.76318163305416, 1004.2301625259975, 15.000000000000334
29.57957957957958, 75.66596856095931, 214.76363974095767, 1004.2376335709916, 15.000000000000334
29.629629629629633, 75.66619606336721, 214.76409780655527, 1004.2451046763414, 15.000000000000336
29.679679679679683, 75.66642356447949, 214.76455582984698, 1004.2525758420467, 15.000000000000336
29.72972972972973, 75.66665106429618, 214.76501381083278, 1004.2600470681074, 15.000000000000336
29.77977977977978, 75.66687856281727, 214.76547174951267, 1004.2675183545236, 15.000000000000338
29.829829829829833, 75.66710606004277, 214.76592964588662, 1004.2749897012955, 15.000000000000338
29.87987987987988, 75.6673335561131, 214.76638750311676, 1004.2824611084231, 15.00000000000034
29.92992992992993, 75.66756105121905, 214.76684532549845, 1004.2899325759073, 15.00000000000034
29.979979979979984, 75.6677885453617, 214.76730311305616, 1004.2974041037479, 15.00000000000034
30.030030030030034, 75.66801603854104, 214.7677608657898, 1004.3048756919451, 15.000000000000341
30.08008008008008, 75.66824353075708, 214.76821858369937, 1004.3123473404986, 15.000000000000341
30.13013013013013, 75.66847102200983, 214.7686762667849, 1004.3198190494086, 15.000000000000341
30.180180180180184, 75.66869851229926, 214.76913391504635, 1004.327290818675, 15.000000000000343
30.230230230230234, 75.66892600163682, 214.76959152874448, 1004.3347626482978, 15.000000000000343
30.28028028028028, 75.6691534902132, 214.77004911223173, 1004.3422345382783, 15.000000000000345
30.33033033033033, 75.66938097809631, 214.77050666705728, 1004.3497064886167, 15.000000000000345
30.380380380380384, 75.66960846528616, 214.77096419322112, 1004.357178499313, 15.000000000000346
30.43043043043043, 75.66983595178272, 214.77142169072326, 1004.3646505703672, 15.000000000000346
30.48048048048048, 75.670063437586, 214.77187915956375, 1004.3721227017795, 15.000000000000346
30.530530530530534, 75.67029092269598, 214.7723365997426, 1004.3795948935496, 15.000000000000348
30.580580580580584, 75.67051840711271, 214.77279401125972, 1004.3870671456775, 15.000000000000348
30.63063063063063, 75.67074589091699, 214.77325139584087, 1004.3945394581644, 15.00000000000035
30.68068068068068, 75.67097337437545, 214.77370875917723, 1004.4020118310137, 15.00000000000035
30.730730730730734, 75.67120085750905, 214.77416610171693, 1004.4094842642256, 15.00000000000035
30.780780780780784, 75.67142834031782, 214.77462342345996, 1004.4169567577999, 15.000000000000352
30.83083083083083, 75.67165582280174, 214.77508072440628, 1004.4244293117367, 15.000000000000352
30.880880880880884, 75.67188330496083, 214.77553800455598, 1004.4319019260361, 15.000000000000352
30.930930930930934, 75.67211078679507, 214.775995263909, 1004.4393746006981, 15.000000000000353
30.98098098098098, 75.67233826830447, 214.77645250246533, 1004.4468473357226, 15.000000000000353
31.03103103103103, 75.67256574948904, 214.776909720225, 1004.4543201311096, 15.000000000000353
31.081081081081084, 75.67279323034876, 214.777366917188, 1004.4617929868592, 15.000000000000355
31.131131131131134, 75.67302071088363, 214.77782409335435, 1004.4692659029714, 15.000000000000355
31.18118118118118, 75.67324819109368, 214.778281248724, 1004.4767388794461, 15.000000000000355
31.23123123123123, 75.67347567097886, 214.77873838329702, 1004.4842119162832, 15.000000000000355
31.281281281281284, 75.67370315053923, 214.77919549707332, 1004.491685013483, 15.000000000000355
31.331331331331334, 75.67393062977474, 214.779652590053, 1004.4991581710453, 15.000000000000355
31.38138138138138, 75.6741581086854, 214.780109662236, 1004.5066313889702, 15.000000000000357
31.431431431431434, 75.67438558727123, 214.78056671362228, 1004.5141046672575, 15.000000000000357
31.481481481481485, 75.67461306553223, 214.78102374421195, 1004.5215780059075, 15.000000000000357
31.53153153153153, 75.67484054346838, 214.78148075400492, 1004.52905140492, 15.000000000000359
31.58158158158158, 75.67506802107968, 214.78193774300127, 1004.5365248642951, 15.000000000000359
31.631631631631635, 75.67529549836615, 214.78239471120088, 1004.5439983840326, 15.000000000000359
31.681681681681685, 75.67552297532778, 214.78285165860385, 1004.5514719641327, 15.00000000000036
31.73173173173173, 75.67575045197103, 214.78330858540434, 1004.5589456045955, 15.00000000000036
31.78178178178178, 75.67597792851187, 214.7837654980866, 1004.5664193054262, 15.000000000000362
31.831831831831835, 75.67620540505548, 214.78422239980864, 1004.5738930666273, 15.000000000000362
31.881881881881885, 75.67643288160188, 214.78467929057038, 1004.5813668881989, 15.000000000000362
31.93193193193193, 75.67666035815104, 214.7851361703719, 1004.5888407701409, 15.000000000000364
31.981981981981985, 75.67688783470297, 214.78559303921318, 1004.5963147124532, 15.000000000000364
32.032032032032035, 75.67711531125768, 214.78604989709422, 1004.6037887151361, 15.000000000000364
32.08208208208208, 75.67734278781515, 214.78650674401499, 1004.6112627781894, 15.000000000000366
32.13213213213213, 75.67757026437539, 214.78696357997552, 1004.618736901613, 15.000000000000366
32.18218218218219, 75.67779774093842, 214.78742040497573, 1004.6262110854071, 15.000000000000366
32.232232232232235, 75.6780252175042, 214.78787721901577, 1004.6336853295717, 15.000000000000368
32.28228228228228, 75.67825269407278, 214.7883340220955, 1004.6411596341065, 15.000000000000368
32.332332332332335, 75.67848017064411, 214.78879081421505, 1004.648633999012, 15.000000000000368
32.38238238238239, 75.67870764721822, 214.7892475953743, 1004.6561084242877, 15.00000000000037
32.432432432432435, 75.67893512379509, 214.78970436557327, 1004.663582909934, 15.00000000000037
32.48248248248248, 75.67916260037474, 214.79016112481204, 1004.6710574559506, 15.000000000000371
32.532532532532535, 75.67939007695716, 214.79061787309055, 1004.6785320623377, 15.000000000000371
32.58258258258258, 75.67961755354237, 214.7910746104088, 1004.6860067290952, 15.000000000000371
32.632632632632635, 75.67984503013034, 214.79153133676675, 1004.6934814562231, 15.000000000000373
32.68268268268268, 75.68007250672107, 214.7919880521645, 1004.7009562437215, 15.000000000000373
32.732732732732735, 75.68029998331458, 214.792444756602, 1004.7084310915903, 15.000000000000373
32.78278278278278, 75.68052745991086, 214.79290145007923, 1004.7159059998295, 15.000000000000375
32.832832832832835, 75.68075493650991, 214.7933581325962, 1004.7233809684392, 15.000000000000375
32.88288288288289, 75.68098241279769, 214.79381480579886, 1004.7308559974224, 15.000000000000377
32.932932932932935, 75.68120988796623, 214.7942714739213, 1004.7383310867868, 15.000000000000377
32.98298298298298, 75.68143736197469, 214.79472813717763, 1004.7458062365331, 15.000000000000377
33.033033033033036, 75.68166483482307, 214.7951847955679, 1004.753281446661, 15.000000000000378
33.08308308308309, 75.68189230651137, 214.79564144909207, 1004.7607567171709, 15.000000000000378
33.133133133133136, 75.6821197770396, 214.7960980977501, 1004.7682320480625, 15.000000000000378
33.18318318318318, 75.68234724640774, 214.79655474154205, 1004.7757074393357, 15.00000000000038
33.233233233233236, 75.68257471461581, 214.79701138046792, 1004.7831828909908, 15.00000000000038
33.28328328328329, 75.6828021816638, 214.79746801452768, 1004.7906584030278, 15.00000000000038
33.333333333333336, 75.68302964755172, 214.7979246437214, 1004.7981339754465, 15.000000000000382
33.38338338338338, 75.68325711227953, 214.7983812680489, 1004.8056096082469, 15.000000000000382
33.433433433433436, 75.68348457584729, 214.7988378875104, 1004.813085301429, 15.000000000000382
33.48348348348349, 75.68371203825498, 214.79929450210574, 1004.8205610549929, 15.000000000000384
33.533533533533536, 75.68393949950257, 214.799751111835, 1004.8280368689387, 15.000000000000384
33.58358358358358, 75.6841669595901, 214.8002077166982, 1004.8355127432663, 15.000000000000384
33.633633633633636, 75.68439441851754, 214.80066431669525, 1004.8429886779755, 15.000000000000385
33.68368368368368, 75.68462187628491, 214.80112091182622, 1004.8504646730665, 15.000000000000385
33.733733733733736, 75.68484933289218, 214.8015775020911, 1004.8579407285393, 15.000000000000385
33.78378378378379, 75.6850767883394, 214.80203408748986, 1004.865416844394, 15.000000000000387
33.833833833833836, 75.68530424262653, 214.80249066802256, 1004.8728930206304, 15.000000000000387
33.88388388388388, 75.68553169575358, 214.80294724368912, 1004.8803692572485, 15.000000000000387
33.933933933933936, 75.68575914772056, 214.8034038144896, 1004.8878455542483, 15.000000000000389
33.98398398398399, 75.68598660914958, 214.80386038264174, 1004.8953219116463, 15.000000000000389
34.034034034034036, 75.68621409976467, 214.80431695226386, 1004.9027983294725, 15.000000000000389
34.08408408408408, 75.68644159205454, 214.80477351761172, 1004.9102748076848, 15.000000000000389
34.13413413413413, 75.68666908601918, 214.80523007868536, 1004.9177513462834, 15.00000000000039
34.18418418418419, 75.68689658165862, 214.80568663548485, 1004.9252279452679, 15.00000000000039
34.234234234234236, 75.68712407897283, 214.80614318801008, 1004.9327046046386, 15.00000000000039
34.28428428428428, 75.68735157796182, 214.80659973626112, 1004.9401813243954, 15.000000000000393
34.334334334334336, 75.6875790786256, 214.807056280238, 1004.9476581045385, 15.000000000000393
34.38438438438439, 75.68780658096415, 214.80751281994063, 1004.9551349450675, 15.000000000000393
34.434434434434436, 75.68803408497749, 214.80796935536904, 1004.9626118459827, 15.000000000000393
34.48448448448448, 75.6882615906656, 214.80842588652325, 1004.970088807284, 15.000000000000393
34.53453453453454, 75.6884890980285, 214.8088824134033, 1004.9775658289714, 15.000000000000393
34.58458458458458, 75.68871660706618, 214.80933893600908, 1004.985042911045, 15.000000000000394
34.63463463463464, 75.68894411777863, 214.8097954543407, 1004.9925200535046, 15.000000000000394
34.68468468468469, 75.68917163016587, 214.8102519683981, 1004.9999972563503, 15.000000000000396
34.73473473473474, 75.68939914422789, 214.81070847818125, 1005.0074745195823, 15.000000000000396
34.78478478478478, 75.6896266599647, 214.81116498369028, 1005.0149518432003, 15.000000000000396
34.83483483483484, 75.68985417737628, 214.81162148492507, 1005.0224292272043, 15.000000000000398
34.88488488488489, 75.69008169646264, 214.81207798188564, 1005.0299066715946, 15.000000000000398
34.93493493493494, 75.69030921722378, 214.812534474572, 1005.0373841763709, 15.000000000000398
34.98498498498498, 75.69053673965972, 214.81299096298414, 1005.0448617415334, 15.0000000000004
35.03503503503504, 75.69076426377042, 214.81344744712212, 1005.0523393670819, 15.0000000000004
35.08508508508509, 75.69099178955591, 214.81390392698586, 1005.0598170530167, 15.0000000000004
35.13513513513514, 75.69121931701618, 214.8143604025754, 1005.0672947993374, 15.000000000000401
35.18518518518518, 75.69144684615122, 214.81481687389072, 1005.0747726060443, 15.000000000000401
35.23523523523524, 75.69167437696105, 214.81527334093187, 1005.0822504731374, 15.000000000000401
35.28528528528529, 75.69190190944565, 214.8157298036988, 1005.0897284006165, 15.000000000000403
35.33533533533534, 75.69212944360505, 214.8161862621915, 1005.0972063884819, 15.000000000000403
35.38538538538538, 75.6923569619303, 214.81664274260578, 1005.1046844369099, 15.000000000000403
35.43543543543544, 75.69258447890749, 214.8170992232684, 1005.1121625457545, 15.000000000000403
35.48548548548549, 75.6928119961989, 214.81755570169247, 1005.1196407149989, 15.000000000000405
35.53553553553554, 75.69303951380455, 214.81801217787788, 1005.1271189446431, 15.000000000000405
35.585585585585584, 75.69326703172443, 214.8184686518246, 1005.1345972346872, 15.000000000000405
35.63563563563564, 75.69349454995854, 214.81892512353272, 1005.1420755851314, 15.000000000000407
35.685685685685684, 75.69372206850689, 214.8193815930022, 1005.1495539959751, 15.000000000000407
35.73573573573574, 75.69394958736946, 214.81983806023302, 1005.1570324672186, 15.000000000000407
35.78578578578579, 75.69417710654628, 214.82029452522522, 1005.1645109988622, 15.000000000000409
35.83583583583584, 75.69440462603733, 214.82075098797878, 1005.1719895909056, 15.000000000000409
35.885885885885884, 75.6946321458426, 214.82120744849374, 1005.1794682433488, 15.000000000000409
35.93593593593594, 75.6948596659621, 214.82166390677, 1005.1869469561918, 15.00000000000041
35.98598598598599, 75.69508718639584, 214.82212036280768, 1005.1944257294346, 15.00000000000041
36.03603603603604, 75.69531470714381, 214.8225768166067, 1005.2019045630773, 15.00000000000041
36.086086086086084, 75.69554222820602, 214.82303326816705, 1005.2093834571198, 15.000000000000412
36.13613613613614, 75.69576974958245, 214.8234897174888, 1005.2168624115623, 15.000000000000412
36.18618618618619, 75.69599727127311, 214.82394616457188, 1005.2243414264044, 15.000000000000412
36.23623623623624, 75.69622479327802, 214.82440260941635, 1005.2318205016464, 15.000000000000414
36.286286286286284, 75.69645231559714, 214.82485905202216, 1005.2392996372884, 15.000000000000414
36.33633633633634, 75.69667983823051, 214.82531549238936, 1005.24677883333, 15.000000000000414
36.38638638638639, 75.6969073611781, 214.82577193051793, 1005.2542580897716, 15.000000000000416
36.43643643643644, 75.69713488443993, 214.82622836640786, 1005.2617374066131, 15.000000000000416
36.486486486486484, 75.69736240801599, 214.82668480005913, 1005.2692167838543, 15.000000000000416
36.53653653653654, 75.6975899319063, 214.82714123147176, 1005.2766962214954, 15.000000000000417
36.58658658658659, 75.69781745611081, 214.82759766064575, 1005.2841757195364, 15.000000000000417
36.63663663663664, 75.69804498062958, 214.8280540875811, 1005.2916552779772, 15.00000000000042
36.68668668668669, 75.69827250546257, 214.82851051227783, 1005.2991348968177, 15.00000000000042
36.73673673673674, 75.69850003169202, 214.8289669435661, 1005.3066145761586, 15.00000000000042
36.786786786786784, 75.69872755923197, 214.82942338074434, 1005.3140943159917, 15.00000000000042
36.83683683683684, 75.69895508722726, 214.82987981683533, 1005.3215741162377, 15.000000000000421
36.88688688688689, 75.69918261567787, 214.83033625183896, 1005.3290539768967, 15.000000000000421
36.93693693693694, 75.69941014458384, 214.83079268575528, 1005.3365338979685, 15.000000000000421
36.986986986986985, 75.69963767394513, 214.83124911858428, 1005.3440138794533, 15.000000000000423
37.037037037037045, 75.69986520376177, 214.83170555032598, 1005.351493921351, 15.000000000000423
37.08708708708709, 75.70009273403376, 214.83216198098035, 1005.3589740236617, 15.000000000000423
37.13713713713714, 75.70032026476107, 214.83261841054735, 1005.3664541863853, 15.000000000000425
37.187187187187185, 75.70054779594372, 214.8330748390271, 1005.3739344095219, 15.000000000000425
37.23723723723724, 75.70077532758172, 214.83353126641947, 1005.3814146930713, 15.000000000000425
37.28728728728729, 75.70100285967506, 214.8339876927245, 1005.3888950370338, 15.000000000000426
37.33733733733734, 75.70123039222372, 214.83444411794224, 1005.396375441409, 15.000000000000426
37.387387387387385, 75.70145792522773, 214.83490054207263, 1005.4038559061972, 15.000000000000426
37.43743743743744, 75.70168545868708, 214.83535696511572, 1005.4113364313984, 15.000000000000428
37.48748748748749, 75.70191299260176, 214.83581338707148, 1005.4188170170125, 15.000000000000428
37.53753753753754, 75.70214052697177, 214.83626980793994, 1005.4262976630396, 15.000000000000428
37.58758758758759, 75.70236806179715, 214.83672622772107, 1005.4337783694795, 15.000000000000428
37.63763763763764, 75.70259559707783, 214.83718264641485, 1005.4412591363323, 15.000000000000428
37.68768768768769, 75.70282313281388, 214.83763906402135, 1005.4487399635982, 15.000000000000428
37.73773773773774, 75.70305066900525, 214.8380954805405, 1005.4562208512768, 15.00000000000043
37.78778778778779, 75.70327820565197, 214.83855189597227, 1005.4637017993686, 15.00000000000043
37.83783783783784, 75.70350574275402, 214.83900831031679, 1005.4711828078732, 15.00000000000043
37.887887887887885, 75.70373328031143, 214.83946472357394, 1005.4786638767906, 15.000000000000432
37.93793793793794, 75.70396081832415, 214.8399211357438, 1005.4861450061211, 15.000000000000432
37.98798798798799, 75.70418835679222, 214.84037754682632, 1005.4936261958645, 15.000000000000432
38.03803803803804, 75.70441589571561, 214.8408339568215, 1005.5011074460209, 15.000000000000433
38.088088088088085, 75.70464343588439, 214.84129036911185, 1005.5085887566757, 15.000000000000433
38.138138138138146, 75.70487098000063, 214.84174679526646, 1005.516070128122, 15.000000000000433
38.18818818818819, 75.70509852473596, 214.84220322103477, 1005.5235515599989, 15.000000000000433
38.23823823823824, 75.70532607009036, 214.8426596464168, 1005.5310330523065, 15.000000000000435
38.288288288288285, 75.70555361606385, 214.8431160714126, 1005.5385146050447, 15.000000000000435
38.33833833833834, 75.70578116265641, 214.84357249602212, 1005.5459962182136, 15.000000000000435
38.38838838838839, 75.70600870986806, 214.84402892024536, 1005.5534778918133, 15.000000000000437
38.43843843843844, 75.70623625769879, 214.84448534408236, 1005.5609596258436, 15.000000000000437
38.48848848848849, 75.7064638061486, 214.84494176753307, 1005.5684414203045, 15.000000000000437
38.53853853853854, 75.70669135521749, 214.84539819059754, 1005.5759232751961, 15.000000000000439
38.58858858858859, 75.70691890490545, 214.84585461327575, 1005.5834051905184, 15.000000000000439
38.63863863863864, 75.70714645521251, 214.84631103556768, 1005.5908871662715, 15.000000000000439
38.68868868868869, 75.70737400613864, 214.84676745747333, 1005.598369202455, 15.00000000000044
38.73873873873874, 75.70760155768384, 214.84722387899276, 1005.6058512990694, 15.00000000000044
38.78878878878879, 75.70782910984813, 214.8476803001259, 1005.6133334561144, 15.00000000000044
38.83883883883884, 75.7080566626315, 214.84813672087276, 1005.6208156735901, 15.000000000000442
38.88888888888889, 75.70828421603396, 214.84859314123338, 1005.6282979514964, 15.000000000000442
38.93893893893894, 75.7085117700555, 214.84904956120775, 1005.6357802898334, 15.000000000000442
38.988988988988986, 75.7087393246961, 214.8495059807958, 1005.6432626886011, 15.000000000000444
39.03903903903905, 75.7089668799558, 214.84996239999765, 1005.6507451477995, 15.000000000000444
39.08908908908909, 75.70919443583456, 214.85041881881318, 1005.6582276674286, 15.000000000000444
39.13913913913914, 75.70942199233242, 214.8508752372425, 1005.6657102474883, 15.000000000000446
39.189189189189186, 75.70964954944935, 214.85133165528552, 1005.6731928879786, 15.000000000000446
39.23923923923925, 75.70987710718536, 214.85178807294227, 1005.6806755888997, 15.000000000000448
39.28928928928929, 75.71010466554047, 214.8522444902128, 1005.6881583502515, 15.000000000000448
39.33933933933934, 75.71033222451464, 214.85270090709702, 1005.6956411720339, 15.000000000000448
39.38938938938939, 75.7105597841079, 214.85315732359498, 1005.7031240542469, 15.00000000000045
39.43943943943944, 75.71078734432024, 214.85361373970667, 1005.7106069968908, 15.00000000000045
39.48948948948949, 75.71101490515166, 214.8540701554321, 1005.7180899999652, 15.00000000000045
39.53953953953954, 75.71124246660214, 214.8545265707713, 1005.7255730634702, 15.000000000000451
39.58958958958959, 75.71147002867173, 214.85498298572423, 1005.7330561874061, 15.000000000000451
39.63963963963964, 75.71169759136039, 214.85543940029086, 1005.7405393717725, 15.000000000000451
39.68968968968969, 75.71192515466812, 214.85589581447127, 1005.7480226165696, 15.000000000000453
39.73973973973974, 75.71215271859494, 214.8563522282654, 1005.7555059217974, 15.000000000000453
39.78978978978979, 75.71238028314083, 214.85680864167324, 1005.7629892874559, 15.000000000000453
39.83983983983984, 75.71260784830581, 214.85726505469484, 1005.7704727135451, 15.000000000000455
39.88988988988989, 75.71283541408988, 214.85772146733015, 1005.7779562000649, 15.000000000000455
39.93993993993995, 75.71306298049302, 214.85817787957924, 1005.7854397470154, 15.000000000000455
39.98998998998999, 75.71329054751524, 214.85863429144203, 1005.7929233543966, 15.000000000000457
40.04004004004004, 75.71351811515655, 214.8590907029186, 1005.8004070222084, 15.000000000000457
40.09009009009009, 75.71374568341692, 214.85954711400882, 1005.807890750451, 15.000000000000457
40.14014014014015, 75.71397325229638, 214.86000352471288, 1005.815374539124, 15.000000000000458
40.190190190190194, 75.71420082179493, 214.8604599350306, 1005.822858388228, 15.000000000000458
40.24024024024024, 75.71442839191255, 214.86091634496205, 1005.8303422977625, 15.000000000000458
40.29029029029029, 75.71465596264926, 214.8613727545073, 1005.8378262677278, 15.00000000000046
40.34034034034035, 75.71488353400504, 214.86182916366624, 1005.8453102981236, 15.00000000000046
40.390390390390394, 75.7151111059799, 214.86228557243894, 1005.8527943889502, 15.00000000000046
40.44044044044044, 75.71533867857384, 214.86274198082535, 1005.8602785402074, 15.000000000000462
40.490490490490494, 75.71556625178687, 214.86319838882554, 1005.8677627518954, 15.000000000000462
40.54054054054054, 75.71579382561899, 214.8636547964394, 1005.8752470240139, 15.000000000000462
40.590590590590594, 75.71602140007018, 214.86411120366705, 1005.8827313565631, 15.000000000000464
40.64064064064064, 75.71624897569482, 214.8645676136478, 1005.8902157497015, 15.000000000000464
40.690690690690694, 75.71647655354742, 214.86502403235286, 1005.8977002037303, 15.000000000000464
40.74074074074074, 75.7167041321016, 214.86548045113875, 1005.9051847182134, 15.000000000000464
40.790790790790794, 75.71693171135732, 214.86593687000544, 1005.9126692931508, 15.000000000000465
40.84084084084085, 75.71715929131462, 214.866393288953, 1005.9201539285424, 15.000000000000465
40.890890890890894, 75.71738687197349, 214.86684970798134, 1005.9276386243881, 15.000000000000465
40.94094094094094, 75.71761445333391, 214.86730612709056, 1005.9351233806882, 15.000000000000465
40.990990990990994, 75.7178420353959, 214.86776254628063, 1005.9426081974426, 15.000000000000465
41.04104104104105, 75.71806961815948, 214.86821896555148, 1005.9500930746511, 15.000000000000465
41.091091091091094, 75.71829720162461, 214.86867538490316, 1005.9575780123139, 15.000000000000467
41.14114114114114, 75.7185247857913, 214.8691318043357, 1005.965063010431, 15.000000000000467
41.19119119119119, 75.71875237065957, 214.8695882238491, 1005.9725480690023, 15.000000000000467
41.24124124124125, 75.7189799562294, 214.8700446434433, 1005.980033188028, 15.000000000000469
41.291291291291294, 75.7192075425008, 214.8705010631183, 1005.9875183675077, 15.000000000000469
41.34134134134134, 75.71943512947375, 214.8709574828742, 1005.9950036074417, 15.000000000000469
41.391391391391394, 75.71966271714828, 214.87141390271088, 1006.0024889078301, 15.00000000000047
41.44144144144145, 75.71989030552437, 214.8718703226284, 1006.0099742686726, 15.00000000000047
41.491491491491495, 75.72011789460204, 214.87232674262677, 1006.0174596899694, 15.00000000000047
41.54154154154154, 75.72034548438127, 214.87278316270596, 1006.0249451717204, 15.000000000000473
41.591591591591595, 75.72057307486206, 214.87323958286598, 1006.0324307139257, 15.000000000000473
41.64164164164164, 75.72080066604443, 214.87369600310686, 1006.0399163165853, 15.000000000000473
41.691691691691695, 75.72102825792835, 214.87415242342854, 1006.0474019796991, 15.000000000000474
41.74174174174174, 75.72125585051384, 214.87460884383108, 1006.0548877032671, 15.000000000000474
41.791791791791795, 75.72148344380089, 214.87506526431443, 1006.0623734872894, 15.000000000000476
41.84184184184184, 75.72171103778953, 214.87552168487866, 1006.0698593317659, 15.000000000000476
41.891891891891895, 75.72193863247972, 214.87597810552367, 1006.0773452366966, 15.000000000000476
41.94194194194195, 75.72216622787148, 214.87643452624954, 1006.0848312020818, 15.000000000000478
41.991991991991995, 75.72239382396481, 214.8768909470562, 1006.092317227921, 15.000000000000478
42.04204204204204, 75.7226214207597, 214.87734736794374, 1006.0998033142145, 15.000000000000478
42.092092092092095, 75.72284901825616, 214.87780378891208, 1006.1072894609623, 15.00000000000048
42.14214214214215, 75.72307661645418, 214.8782602099613, 1006.1147756681643, 15.00000000000048
42.192192192192195, 75.72330421535376, 214.8787166310913, 1006.1222619358206, 15.00000000000048
42.24224224224224, 75.72353181495492, 214.87917305230218, 1006.129748263931, 15.000000000000481
42.292292292292295, 75.72375941525766, 214.87962947359387, 1006.1372346524959, 15.000000000000481
42.34234234234235, 75.72398701626194, 214.88008589496638, 1006.1447211015147, 15.000000000000481
42.392392392392395, 75.72421461796779, 214.88054231641974, 1006.1522076109881, 15.000000000000483
42.44244244244244, 75.72444222037522, 214.8809987379539, 1006.1596941809156, 15.000000000000483
42.492492492492495, 75.7246698234842, 214.88145515956893, 1006.1671808112973, 15.000000000000483
42.54254254254254, 75.72489742729478, 214.8819115812648, 1006.1746675021333, 15.000000000000485
42.592592592592595, 75.7251250318069, 214.88236800304145, 1006.1821542534236, 15.000000000000485
42.64264264264264, 75.72535263702058, 214.88282442489898, 1006.1896410651681, 15.000000000000485
42.692692692692695, 75.72558024293583, 214.88328084683732, 1006.1971279373668, 15.000000000000487
42.74274274274274, 75.72580784955265, 214.8837372688565, 1006.2046148700197, 15.000000000000487
42.792792792792795, 75.72603545687105, 214.88419369095652, 1006.2121018631269, 15.000000000000487
42.84284284284285, 75.726263064891, 214.88465011313738, 1006.2195889166885, 15.000000000000488
42.892892892892895, 75.72649067361252, 214.88510653539905, 1006.2270760307042, 15.000000000000488
42.94294294294294, 75.72671828303561, 214.88556295774157, 1006.2345632051741, 15.000000000000488
42.992992992992995, 75.72694589316026, 214.8860193801649, 1006.2420504400984, 15.00000000000049
43.04304304304305, 75.72717350398648, 214.88647580266908, 1006.2495377354769, 15.00000000000049
43.093093093093096, 75.72740111551427, 214.8869322252541, 1006.2570250913095, 15.00000000000049
43.14314314314314, 75.72762872774362, 214.88738864791995, 1006.2645125075965, 15.000000000000492
43.193193193193196, 75.72785634081345, 214.8878450725279, 1006.2719999845589, 15.000000000000492
43.24324324324325, 75.7280839548696, 214.88830150103237, 1006.2794875224288, 15.000000000000492
43.293293293293296, 75.72831156964342, 214.88875792983353, 1006.2869751207784, 15.000000000000492
43.34334334334334, 75.72853918513493, 214.88921435893138, 1006.294462779608, 15.000000000000494
43.393393393393396, 75.72876680134411, 214.88967078832593, 1006.3019504989174, 15.000000000000494
43.44344344344345, 75.72899441827096, 214.89012721801717, 1006.3094382787068, 15.000000000000494
43.493493493493496, 75.7292220359155, 214.89058364800508, 1006.3169261189762, 15.000000000000496
43.54354354354354, 75.7294496542777, 214.8910400782897, 1006.3244140197253, 15.000000000000496
43.593593593593596, 75.72967727335758, 214.891496508871, 1006.3319019809543, 15.000000000000496
43.64364364364364, 75.72990489315514, 214.89195293974902, 1006.3393900026632, 15.000000000000497
43.693693693693696, 75.73013251367037, 214.8924093709237, 1006.3468780848522, 15.000000000000497
43.74374374374375, 75.73036013490328, 214.89286580239505, 1006.3543662275208, 15.000000000000497
43.793793793793796, 75.73058775685386, 214.89332223416312, 1006.3618544306695, 15.0000000000005
43.84384384384384, 75.73081537952213, 214.8937786662279, 1006.3693426942979, 15.0000000000005
43.893893893893896, 75.73104300290807, 214.89423509858935, 1006.3768310184063, 15.0000000000005
43.94394394394395, 75.73127062701167, 214.8946915312475, 1006.3843194029946, 15.000000000000501
43.993993993993996, 75.73149825183296, 214.8951479642023, 1006.3918078480627, 15.000000000000501
44.04404404404404, 75.73172587737191, 214.89560439745384, 1006.3992963536108, 15.000000000000501
44.094094094094096, 75.73195350362856, 214.89606083100205, 1006.4067849196388, 15.000000000000503
44.14414414414415, 75.73218113060287, 214.89651726484695, 1006.4142735461465, 15.000000000000503
44.194194194194196, 75.73240875829487, 214.89697369898855, 1006.4217622331342, 15.000000000000503
44.24424424424424, 75.73263638670453, 214.89743013342687, 1006.4292509806019, 15.000000000000503
44.294294294294296, 75.73286401583186, 214.89788656816182, 1006.4367397885494, 15.000000000000503
44.34434434434435, 75.73309164567688, 214.8983430031935, 1006.4442286569767, 15.000000000000504
44.394394394394396, 75.73331927623957, 214.89879943852185, 1006.451717585884, 15.000000000000504
44.44444444444444, 75.73354690751994, 214.8992558741469, 1006.4592065752712, 15.000000000000504
44.4944944944945, 75.733774539518, 214.89971231006865, 1006.4666956251382, 15.000000000000506
44.54454454454455, 75.7340021722337, 214.90016874628708, 1006.4741847354851, 15.000000000000506
44.5945945945946, 75.7342298056671, 214.9006251828022, 1006.4816739063119, 15.000000000000506
44.64464464464465, 75.73445743981817, 214.901081619614, 1006.4891631376187, 15.000000000000508
44.6946946946947, 75.73468507468692, 214.90153805672253, 1006.4966524294053, 15.000000000000508
44.74474474474474, 75.73491271027333, 214.9019944941277, 1006.5041417816718, 15.000000000000508
44.7947947947948, 75.73514034657744, 214.9024509318296, 1006.5116311944182, 15.00000000000051
44.84484484484485, 75.73536798359922, 214.90290736982817, 1006.5191206676444, 15.00000000000051
44.8948948948949, 75.73559562133866, 214.90336380812346, 1006.5266102013506, 15.00000000000051
44.94494494494494, 75.73582325979578, 214.9038202467154, 1006.5340997955367, 15.000000000000512
44.994994994995, 75.73605089897059, 214.90427668560403, 1006.5415894502027, 15.000000000000512
45.04504504504505, 75.73627853886306, 214.90473312478937, 1006.5490791653484, 15.000000000000512
45.0950950950951, 75.73650617947321, 214.9051895642714, 1006.5565689409742, 15.000000000000513
45.14514514514514, 75.73673382080105, 214.90564600405014, 1006.5640587770798, 15.000000000000513
45.1951951951952, 75.73696146284655, 214.90610244412554, 1006.5715486736652, 15.000000000000513
45.24524524524525, 75.73718910560973, 214.90655888449766, 1006.5790386307307, 15.000000000000515
45.2952952952953, 75.73741674909058, 214.9070153251664, 1006.586528648276, 15.000000000000515
45.34534534534534, 75.7376443932891, 214.90747176613195, 1006.5940187263011, 15.000000000000515
45.3953953953954, 75.73787203820531, 214.9079282073941, 1006.6015088648062, 15.000000000000517
45.44544544544545, 75.7380996838392, 214.90838464895296, 1006.6089990637911, 15.000000000000517
45.4954954954955, 75.73832733019076, 214.90884109080852, 1006.6164893232559, 15.000000000000517
45.545545545545544, 75.73855497726, 214.90929753296078, 1006.6239796432006, 15.000000000000519
45.5955955955956, 75.7387826250469, 214.9097539754097, 1006.6314700236253, 15.000000000000519
45.64564564564565, 75.73901027355149, 214.91021041815534, 1006.6389604645298, 15.000000000000519
45.6956956956957, 75.73923792277374, 214.91066686119765, 1006.6464509659141, 15.00000000000052
45.74574574574575, 75.73946557274755, 214.91112330582132, 1006.6539415286032, 15.000000000000522
45.7957957957958, 75.7396932234888, 214.91157975262868, 1006.6614321529834, 15.000000000000522
45.845845845845844, 75.73992087494922, 214.91203619978975, 1006.6689228378801, 15.000000000000522
45.8958958958959, 75.74014852712884, 214.91249264730453, 1006.6764135832933, 15.000000000000524
45.94594594594595, 75.74037618002762, 214.91294909517302, 1006.6839043892231, 15.000000000000524
45.995995995996, 75.7406038336456, 214.91340554339519, 1006.6913952556692, 15.000000000000524
46.046046046046044, 75.74083148798272, 214.91386199197106, 1006.6988861826318, 15.000000000000526
46.096096096096105, 75.74105914303904, 214.9143184409006, 1006.7063771701111, 15.000000000000526
46.14614614614615, 75.74128679881454, 214.91477489018388, 1006.7138682181067, 15.000000000000526
46.1961961961962, 75.74151445530923, 214.9152313398208, 1006.7213593266188, 15.000000000000528
46.246246246246244, 75.74174211252308, 214.91568778981144, 1006.7288504956473, 15.000000000000528
46.2962962962963, 75.74196977045612, 214.91614424015577, 1006.7363417251923, 15.000000000000528
46.34634634634635, 75.74219742910833, 214.9166006908538, 1006.743833015254, 15.00000000000053
46.3963963963964, 75.74242508847973, 214.9170571419055, 1006.751324365832, 15.00000000000053
46.446446446446444, 75.74265274857031, 214.9175135933109, 1006.7588157769264, 15.00000000000053
46.4964964964965, 75.74288040938005, 214.91797004507004, 1006.7663072485376, 15.000000000000531
46.54654654654655, 75.74310807090899, 214.91842649718282, 1006.7737987806651, 15.000000000000531
46.5965965965966, 75.7433357331571, 214.91888294964932, 1006.7812903733089, 15.000000000000531
46.64664664664665, 75.74356339612439, 214.91933940246952, 1006.7887820264693, 15.000000000000533
46.6966966966967, 75.74379105981085, 214.91979585564337, 1006.7962737401463, 15.000000000000533
46.74674674674675, 75.7440187242165, 214.92025230917093, 1006.8037655143398, 15.000000000000533
46.7967967967968, 75.74424638934133, 214.92070876305223, 1006.8112573490497, 15.000000000000535
46.84684684684685, 75.74447405518532, 214.92116521728718, 1006.8187492442761, 15.000000000000535
46.8968968968969, 75.74470172174851, 214.92162167187584, 1006.8262412000189, 15.000000000000536
46.946946946946944, 75.74492938903087, 214.9220781268182, 1006.8337332162782, 15.000000000000536
46.996996996997005, 75.74515705703242, 214.92253458211422, 1006.841225293054, 15.000000000000536
47.04704704704705, 75.74538472575313, 214.92299103776398, 1006.8487174303464, 15.000000000000538
47.0970970970971, 75.74561239519304, 214.92344749376744, 1006.856209628155, 15.000000000000538
47.147147147147145, 75.74584006535211, 214.92390395012455, 1006.8637018864804, 15.000000000000538
47.197197197197205, 75.74606773623036, 214.92436040683538, 1006.8711942053222, 15.000000000000538
47.24724724724725, 75.74629540782779, 214.92481686389985, 1006.8786865846805, 15.000000000000538
47.2972972972973, 75.7465230801444, 214.92527332131806, 1006.8861790245552, 15.000000000000538
47.347347347347345, 75.74675075318021, 214.92572977908998, 1006.8936715249464, 15.00000000000054
47.3973973973974, 75.74697842693517, 214.92618623721557, 1006.9011640858539, 15.00000000000054
47.44744744744745, 75.74720610140932, 214.92664269569488, 1006.9086567072782, 15.00000000000054
47.4974974974975, 75.74743377660265, 214.9270991545278, 1006.9161493892188, 15.000000000000542
47.54754754754755, 75.74766145251516, 214.9275556137145, 1006.9236421316759, 15.000000000000542
47.5975975975976, 75.74788912914686, 214.92801207325488, 1006.9311349346495, 15.000000000000542
47.64764764764765, 75.7481168064977, 214.92846853314896, 1006.9386277981397, 15.000000000000544
47.6976976976977, 75.74834448456775, 214.9289249933967, 1006.9461207221462, 15.000000000000544
47.74774774774775, 75.74857216335698, 214.92938145399813, 1006.9536137066693, 15.000000000000544
47.7977977977978, 75.74879984286538, 214.9298379149533, 1006.9611067517089, 15.000000000000545
47.84784784784785, 75.74902752309296, 214.93029437626214, 1006.9685998572648, 15.000000000000545
47.8978978978979, 75.74925520403971, 214.93075083792465, 1006.9760930233374, 15.000000000000545
47.94794794794795, 75.74948288570566, 214.9312072999409, 1006.9835862499264, 15.000000000000547
47.997997997998, 75.74971056809078, 214.93166376231082, 1006.9910795370319, 15.000000000000547
48.048048048048045, 75.74993825119506, 214.93212022503442, 1006.9985728846539, 15.000000000000547
48.098098098098106, 75.75016593501854, 214.9325766881117, 1007.0060662927922, 15.000000000000549
48.14814814814815, 75.7503936195612, 214.93303315154273, 1007.0135597614471, 15.000000000000549
48.1981981981982, 75.75062130482303, 214.93348961532743, 1007.0210532906186, 15.000000000000549
48.248248248248245, 75.75084899080404, 214.93394607946578, 1007.0285468803064, 15.00000000000055
48.298298298298306, 75.75107667750423, 214.93440254395787, 1007.0360405305108, 15.00000000000055
48.34834834834835, 75.75130436492361, 214.93485900880364, 1007.0435342412317, 15.00000000000055
48.3983983983984, 75.75153205306215, 214.93531547400315, 1007.0510280124689, 15.000000000000552
48.44844844844845, 75.75175974191988, 214.9357719395563, 1007.0585218442228, 15.000000000000552
48.4984984984985, 75.75198743149679, 214.93622840546317, 1007.0660157364931, 15.000000000000552
48.54854854854855, 75.75221512179286, 214.93668487172368, 1007.0735096892798, 15.000000000000554
48.5985985985986, 75.75244281280813, 214.93714133833794, 1007.0810037025832, 15.000000000000554
48.64864864864865, 75.75267050454258, 214.93759780530587, 1007.0884977764028, 15.000000000000556
48.6986986986987, 75.7528981969962, 214.9380542726275, 1007.0959919107391, 15.000000000000556
48.74874874874875, 75.75312589016899, 214.93851074030283, 1007.1034861055919, 15.000000000000556
48.7987987987988, 75.75335358406097, 214.93896720833186, 1007.1109803609611, 15.000000000000558
48.84884884884885, 75.75358127867213, 214.9394236767146, 1007.1184746768466, 15.000000000000558
48.8988988988989, 75.75380897400247, 214.93988014545099, 1007.1259690532489, 15.000000000000558
48.94894894894895, 75.75403667005197, 214.94033661454108, 1007.1334634901675, 15.00000000000056
48.99899899899901, 75.75426436682068, 214.9407930839849, 1007.1409579876025, 15.00000000000056
49.04904904904905, 75.75449206430855, 214.94124955378237, 1007.1484525455543, 15.00000000000056
49.0990990990991, 75.75471976251559, 214.94170602393353, 1007.1559471640222, 15.000000000000561
49.149149149149146, 75.75494746144183, 214.9421624944384, 1007.1634418430069, 15.000000000000561
49.19919919919921, 75.75517516108724, 214.942618965297, 1007.1709365825079, 15.000000000000561
49.24924924924925, 75.75540286145183, 214.94307543650925, 1007.1784313825254, 15.000000000000563
49.2992992992993, 75.7556305625356, 214.94353190807522, 1007.1859262430595, 15.000000000000563
49.349349349349346, 75.75585826433854, 214.94398837999486, 1007.19342116411, 15.000000000000563
49.39939939939941, 75.75608596686067, 214.94444485226822, 1007.200916145677, 15.000000000000565
49.44944944944945, 75.75631367010197, 214.94490132489526, 1007.2084111877604, 15.000000000000565
49.4994994994995, 75.75654137406245, 214.945357797876, 1007.2159062903604, 15.000000000000565
49.54954954954955, 75.75676907874211, 214.9458142712104, 1007.2234014534768, 15.000000000000567
49.5995995995996, 75.75699678414095, 214.9462707448985, 1007.2308966771096, 15.000000000000567
49.64964964964965, 75.75722449025896, 214.94672721894034, 1007.238391961259, 15.000000000000567
49.6996996996997, 75.75745219709617, 214.94718369333586, 1007.245887305925, 15.000000000000568
49.74974974974975, 75.75767990465253, 214.94764016808506, 1007.2533827111073, 15.000000000000568
49.7997997997998, 75.7579076129281, 214.9480966431879, 1007.2608781768062, 15.000000000000568
49.84984984984985, 75.75813532192284, 214.94855311864453, 1007.2683737030214, 15.00000000000057
49.89989989989991, 75.75836303163673, 214.94900959445482, 1007.2758692897532, 15.00000000000057
49.94994994994995, 75.75859074206984, 214.9494660706188, 1007.2833649370016, 15.00000000000057
50.0, 75.7588184532221, 214.94992254713645, 1007.2908606447663, 15.000000000000572
