Initial conditions: Te0=11.2, Ti0=4.8, rho0=1000.0, Rh0=10.0
t (ps), Te (keV), Ti (keV), rho (g/cm^3), Rh (um)
0.0  11.2  4.8  1000.0  10.0
0.05005005005005005  9.956113771636659  5.905084357543718  989.9398413853003  10.033766883583011
0.1001001001001001  9.087706492884205  6.689581251857928  980.0980655005001  10.067246721015064
0.15015015015015015  8.54654183221282  7.1960626476246095  970.4519334356469  10.100499072614003
0.2002002002002002  8.242471652901294  7.500960385852877  960.9831590685536  10.133571595421039
0.2502502502502503  8.087171807158805  7.679420482758812  951.6786310286753  10.166496523703014
0.3003003003003003  8.016925204719305  7.785967631630818  942.5292412809309  10.199293754742877
0.3503503503503504  7.99293474758316  7.853928324379237  933.5284226374657  10.231975296164808
0.4004004004004004  7.9936224535251545  7.901879391083311  924.6710778186655  10.264548656201491
0.45045045045045046  8.007515300138987  7.93971591135542  915.9529382614649  10.297018916289005
0.5005005005005005  8.02863470556589  7.972608311574874  907.3702132295529  10.329389879429952
0.5505505505505506  8.053888888348705  8.003245584180837  898.9194048471486  10.361664678807273
0.6006006006006006  8.081682715605204  8.033031798633543  890.5972113915842  10.39384609479422
0.6506506506506506  8.111194947782751  8.062707975676298  882.4004761570327  10.42593671952452
0.7007007007007008  8.142005728036912  8.092672362519977  874.3261596166842  10.45793904276821
0.7507507507507507  8.173904661452676  8.123145290635861  866.3713235120521  10.48985549727256
0.8008008008008008  8.206791610608661  8.154254318265362  858.5331211018656  10.521688483152332
0.8508508508508509  8.240625131631356  8.18607845870621  850.8087906378689  10.55344038140565
0.9009009009009009  8.275395481517055  8.218671337376822  843.1956505678095  10.585113561746018
0.950950950950951  8.31111042187113  8.252073389537404  835.6910956984163  10.616710387441179
1.001001001001001  8.347787687646083  8.286318361569363  828.2925939099009  10.648233218573331
1.0510510510510511  8.38545095167051  8.321436829918335  820.9976832176535  10.679684414461773
1.1011011011011012  8.424127779529766  8.357458026530848  813.8039690982467  10.711066335596474
1.1511511511511512  8.463848375727784  8.394410994796605  806.7091219269603  10.742381345412381
1.2012012012012012  8.504645076048478  8.432325117095226  799.710874589451  10.7736318118737
1.2512512512512513  8.546552024562015  8.471230487778778  792.8070201233138  10.80482010903476
1.3013013013013013  8.589605062958775  8.51115815560981  785.995410506908  10.835948618729834
1.3513513513513515  8.633841643175202  8.552140237881524  779.2739528618821  10.867019731875994
1.4014014014014016  8.679300828180454  8.594210028344246  772.6406073698109  10.898035849883142
1.4514514514514514  8.72602338459753  8.637402111500872  766.0933869104044  10.928999386453299
1.5015015015015014  8.774051774052511  8.681752415753612  759.6303530558911  10.959912768878818
1.5515515515515517  8.823430320050948  8.72729835626389  753.2496186186207  10.990778439946117
1.6016016016016017  8.87420523399485  8.774078842376362  746.9493412425338  11.021598859691172
1.6516516516516517  8.926424786665857  8.822134449606475  740.7277272174891  11.052376507284823
1.7017017017017018  8.980139148259745  8.871507358069035  734.5830212667676  11.083113881480571
1.751751751751752  9.035400730798145  8.92224154750805  728.513511781438  11.113813503533539
1.8018018018018018  9.09226420860614  8.974382822008527  722.5175279326959  11.14447791813858
1.851851851851852  9.15078669304803  9.027978940609284  716.5934374324253  11.175109696189438
1.901901901901902  9.211027779614467  9.083079715098414  710.7396457626929  11.205711435975827
1.951951951951952  9.273049646454561  9.139737092986818  704.9545948827955  11.236285764803526
2.002002002002002  9.336917179639656  9.198005248462428  699.2367622032443  11.266835340675364
2.052052052052052  9.402698222165318  9.257940800078753  693.5846582009967  11.297362856022987
2.1021021021021022  9.470463670401498  9.319602884608733  687.996824976003  11.327871039330589
2.1521521521521523  9.540287520760543  9.383053175765921  682.4718378515452  11.358362654744314
2.2022022022022023  9.612247111086434  9.448356099658264  677.0083018255857  11.388840506287002
2.2522522522522523  9.686423247350072  9.515579020372357  671.6048512875093  11.419307439665982
2.3023023023023024  9.762900345088356  9.58479234732446  666.2601488460451  11.449766344214943
2.3523523523523524  9.841766619480795  9.656069707294069  660.9728843470855  11.480220155332022
2.4024024024024024  9.923114263761143  9.72948812844365  655.7417740137735  11.510671856852342
2.452452452452453  10.007039606191299  9.805128171020067  650.5655593415413  11.541124483074022
2.5025025025025025  10.093643384051362  9.883074143898648  645.4430064945316  11.571581121421326
2.552552552552553  10.183030853808619  9.963414250206522  640.3729051370137  11.6020449145325
2.6026026026026026  10.275311989622326  10.046240909865332  635.3540678880255  11.632519063112685
2.6526526526526526  10.370601671560436  10.131650893025737  630.3853293125502  11.663006828122347
2.702702702702703  10.469019899525742  10.21974560544628  625.4655452976062  11.693511533472057
2.7527527527527527  10.570691986300789  10.310631327530647  620.5935922909302  11.724036568562015
2.802802802802803  10.675748777841036  10.404419429359919  615.7683665296795  11.75458539073913
2.852852852852853  10.78432693135777  10.50122667388908  610.988783561526  11.785161528047837
2.9029029029029028  10.896569051235925  10.601175442127355  606.2537773580483  11.815768581650037
2.9529529529529532  11.012623847294833  10.704394189550488  601.5622999817529  11.846410228624315
3.003003003003003  11.132646376141365  10.81101762254191  596.9133207655842  11.87709022444504
3.0530530530530533  11.256798179026825  10.92118714569026  592.3058259797007  11.907812405555442
3.1031031031031033  11.385247475279199  11.035051161328461  587.7388182066926  11.938580691972168
3.1531531531531534  11.518169341905855  11.152765421879847  583.2113159009385  11.969399089646446
3.2032032032032034  11.655745872106415  11.27449343880375  578.7223530625369  12.000271692804573
3.2532532532532534  11.798166302120237  11.400406825366963  574.2709786362249  12.03120268650023
3.3033033033033035  11.945626918056204  11.530685886262155  569.8562564430783  12.06219634834915
3.3533533533533535  12.098331330428755  11.66551987930238  565.4772645546027  12.093257051243798
3.4034034034034035  12.256490229003601  11.805107619897331  561.1330953367146  12.124389264345222
3.4534534534534536  12.420321546609111  11.949657857121586  556.8228549815042  12.155597555610255
3.503503503503504  12.590050224569492  12.09938978023178  552.5456634957678  12.186886592465555
3.5535535535535536  12.76590808412888  12.254533511717883  548.3006545780793  12.218261143055654
3.6036036036036037  12.948133740809416  12.415330574835235  544.0869753457264  12.24972607796832
3.6536536536536537  13.136971647892965  12.58203456476882  539.9037867453883  12.28128636853664
3.703703703703704  13.332672264875905  12.754911438213234  535.7502633017704  12.312947088293521
3.753753753753754  13.535491336817884  12.934240070686284  531.6255932875387  12.344713412184648
3.803803803803804  13.745688920904087  13.120312847258482  527.5289790036268  12.376590615017312
3.853853853853854  13.963528682564533  13.31343603284018  523.4596370149837  12.40858406973045
3.903903903903904  14.189276846748776  13.51393019110492  519.4167985265267  12.440699244700474
3.9539539539539543  14.423200948914664  13.722130564139418  515.3997098240916  12.472941700311669
4.004004004004004  14.665568333976001  13.938387394482273  511.40763281300843  12.505317084521678
4.054054054054054  14.916644534457598  14.16306612523861  507.4398456517987  12.537831127431026
4.104104104104104  15.176691320050537  14.396547514457795  503.49564348220053  12.570489634687878
4.1541541541541545  15.445964529727922  14.639227639261133  499.5743392623928  12.603298479759884
4.2042042042042045  15.724711451535432  14.891517645011094  495.675264766275  12.636263594046218
4.2542542542542545  16.013168220764335  15.153843461901035  491.7977715765796  12.669390956973231
4.3043043043043046  16.311556580520275  15.426645142237875  487.94123232114066  12.702686582955725
4.354354354354355  16.62008042601486  15.710375953642965  484.1050419772705  12.736156507071046
4.404404404404405  16.93892220628904  16.005501352622886  480.28861923463415  12.769806769916618
4.454454454454455  17.268238579995376  16.31249724273839  476.4914081301627  12.803643398150538
4.504504504504505  17.608156185573385  16.631848175541798  472.71287964330963  12.837672385203284
4.554554554554555  17.958766926967378  16.964045043928845  468.9525334711093  12.871899669034994
4.604604604604605  18.320122857946366  17.309581968859103  465.20989996413056  12.906331106234978
4.654654654654655  18.692231220445997  17.66895323390089  461.48454201716527  12.940972446600936
4.704704704704705  19.075048969548206  18.042649158778143  457.7760571740413  12.97582930285122
4.754754754754755  19.468477474749072  18.43115152519042  454.08407971659994  13.01090711900915
4.804804804804805  19.872357192710425  18.83492880392726  450.40828277869116  13.046211137935767
4.854854854854855  20.286462466792525  19.25443003647364  446.74838052925935  13.081746363968964
4.904904904904906  20.710496763528468  19.690078915596715  443.10413023823315  13.117517526751815
4.954954954954955  21.144088085942247  20.142267065947852  439.4753343612148  13.15352904220093
5.005005005005005  21.586785532858936  20.61134662249666  435.8618424113213  13.189784971824851
5.055055055055055  22.03805604447836  21.09762313834776  432.26355276552266  13.226288983260533
5.105105105105106  22.497282560392854  21.60134768171707  428.6804142057059  13.263044308836937
5.155155155155156  22.963763575249345  22.12270933379042  425.1124271087275  13.300053706221957
5.205205205205205  23.436712798246454  22.661827657448296  421.5596446153709  13.337319418972712
5.255255255255255  23.915262689837483  23.218745688402386  418.02217286354386  13.37484314074459
5.305305305305305  24.39846697955966  23.793423510409635  414.5001713485307  13.41262598108402
5.355355355355356  24.885306305457004  24.385732629453894  410.99385253493455  13.450668435098683
5.405405405405406  25.37469537816391  24.995451396011955  407.50348098608276  13.488970357387963
5.455455455455455  25.865491613376996  25.622261814915124  404.0293719430483  13.527530941534797
5.505505505505505  26.356505383450266  26.265747782995664  400.5718893445003  13.566348705182852
5.555555555555555  26.84651154119687  26.925394817093842  397.1314433208728  13.605421481095409
5.605605605605606  27.334262133748794  27.600591467052517  393.70848712540493  13.644746414992984
5.655655655655656  27.818500070578523  28.290632462570084  390.3035135222332  13.684319970467659
5.705705705705706  28.297973218556788  28.994723682126875  386.9170506737058  13.724137941728621
5.7557557557557555  28.77144898657507  29.711988659380413  383.54965756279177  13.764195473153674
5.8058058058058055  29.237727912207248  30.441475898528875  380.2019193091705  13.804487083307128
5.855855855855856  29.695657459578356  31.18216813023495  376.8744419692954  13.845006697818956
5.9059059059059065  30.1441448007197  31.932992317998572  373.56784720321906  13.885747687156814
5.9559559559559565  30.582168178715932  32.69283032004677  370.2827668705976  13.926702909470071
6.006006006006006  31.008786847605695  33.46052992457799  367.01983764842066  13.967864757052523
6.056056056056057  31.423149503073656  34.23491621171593  363.7796956701107  14.009225206753655
6.106106106106107  31.82450068956137  35.01480259763994  360.5629714040041  14.05077587213868
6.156156156156157  32.21218543943111  35.79900155362667  357.3702847616535  14.09250805700225
6.206206206206207  32.58565212728941  36.58633507599214  354.2022404178368  14.1344128106182
6.256256256256257  32.94445315247054  37.37564368720865  351.05942372003005  14.176480980071883
6.306306306306307  33.288244297754616  38.165795282137736  347.9423967842766  14.218703263873909
6.356356356356357  33.616782187157895  38.95569261383244  344.8516951477084  14.261070262657684
6.406406406406407  33.92992064067587  39.744279720371146  341.78782488256564  14.303572526888994
6.456456456456457  34.22760547084647  40.53054749484878  338.7512601150395  14.346200603164725
6.506506506506507  34.50986872286032  41.31353796735213  335.7424410821985  14.388945075436437
6.556556556556557  34.77682185748983  42.09234776092013  332.76177257730166  14.431796604103512
6.606606606606607  35.02864844226391  42.866130436346765  329.8096228767443  14.47474596064905
6.656656656656657  35.265596794063505  43.63409809122086  326.8863230240367  14.517784058547589
6.706706706706707  35.48797195675552  44.39552199811818  323.9921665427581  14.56090198070988
6.756756756756757  35.69612830771098  45.14973270152795  321.1274094303333  14.604091002808053
6.806806806806807  35.89046171151437  45.89611930013143  318.292270524654  14.647342613368627
6.856856856856857  36.071402700824024  46.63412844964834  315.4869320507578  14.690648530137775
6.906906906906907  36.23940924022955  47.3632626674182  312.7115404875916  14.734000713646111
6.956956956956957  36.39496041319265  48.08307844486585  309.96620757304265  14.777391377634284
7.007007007007008  36.538550465551644  48.793184001168164  307.25101150221815  14.820812996725902
7.057057057057057  36.67068349827799  49.493236873827655  304.56599824033873  14.864258311620068
7.107107107107107  36.79186853729111  50.18294131035624  301.91118294678967  14.907720332254927
7.157157157157157  36.902615340669136  50.86204562145252  299.2865514623173  14.951192338869065
7.207207207207207  37.00343050173192  51.53033943245965  296.6920618607081  14.994667881515705
7.257257257257258  37.09481428762485  52.18765099092611  294.12764601026134  15.038140778037482
7.307307307307307  37.177257833235174  52.83384440127137  291.59321118128076  15.081605110662347
7.357357357357358  37.2512408753898  53.468817017573784  289.0886416099818  15.125055221731003
7.407407407407408  37.31722980377055  54.092496828567896  286.6138000744167  15.168485708419073
7.457457457457458  37.37567619169692  54.70483997063376  284.1685294286782  15.211891416740606
7.507507507507508  37.4270156391342  55.30582835933256  281.7526540902032  15.255267435080066
7.557557557557558  37.471666933778025  55.895467437022226  279.3659814794803  15.29860908729486
7.607607607607608  37.51003139906455  56.47378389464913  277.00830347150577  15.341911925044299
7.657657657657658  37.54249270520118  57.040823795201185  274.6793976738618  15.38517172058731
7.707707707707708  37.5694164957188  57.59665052367349  272.37902876159416  15.428384459030237
7.757757757757758  37.59115073514859  58.141343076144835  270.10694968537774  15.471546330179414
7.807807807807808  37.608025555892276  58.67499437325405  267.86290281763047  15.51465372153412
7.857857857857859  37.62035387020834  59.19770971362805  265.64662107332606  15.557703209820012
7.907907907907909  37.62843155711038  59.709605334144314  263.4578289356226  15.600691553917267
7.957957957957959  37.632538085480014  60.21080710211981  261.29624343443777  15.643615687085555
8.008008008008009  37.63293702855931  60.70144928982713  259.1615750680198  15.6864727097007
8.058058058058059  37.62987663108478  61.181673468667874  257.0535286567363  15.729259882222955
8.108108108108109  37.62359055110581  61.651627513046336  254.97180414616938  15.771974618056095
8.158158158158159  37.614298383407444  62.111464664407926  252.91609736050805  15.814614477122875
8.208208208208209  37.60220650606746  62.56134275486428  250.88610068682036  15.85717715912025
8.258258258258259  37.58750864575663  63.00142346189375  248.8815037403428  15.899660497562952
8.308308308308309  37.570386781473246  63.43187173907444  246.90199392695484  15.942062453502094
8.358358358358359  37.55101190116271  63.852855510981236  244.94725702923387  15.98438111023638
8.408408408408409  37.52954484342087  64.2645453351837  243.01697769578794  16.026614667827918
8.458458458458459  37.506136545104056  64.66711340430037  241.11083989511275  16.06876143776166
8.508508508508509  37.48092676255596  65.0607309078161  239.2285273968322  16.110819837958314
8.558558558558559  37.45404472736604  65.44556770137073  237.36972412814598  16.152788387766677
8.608608608608609  37.42560562701194  65.82178633010295  235.53411471988636  16.194665700061044
8.65865865865866  37.39571664850319  66.18954798001023  233.72138484399207  16.2364504762496
8.70870870870871  37.3644769509195  66.54901164799809  231.93122151971943  16.278141501896346
8.75875875875876  37.33197838623849  66.90033406826235  230.16331340775344  16.319737642216456
8.80880880880881  37.298306224482126  67.24366977094954  228.4173510729366  16.361237837882463
8.85885885885886  37.263539755364796  67.57917110828016  226.6930272105374  16.402641101239375
8.90890890890891  37.227752648182395  67.90698826424763  224.99003678110344  16.44394651398236
8.95895895895896  37.19101374026311  68.22726924561204  223.30807731113381  16.48515322165266
9.00900900900901  37.153387453875624  68.5401599009065  221.64684905160397  16.526260430820813
9.05905905905906  37.11493372138856  68.84580387287981  220.00605496406467  16.567267408364895
9.10910910910911  37.07570873622522  69.14434261935436  218.38540099393344  16.608173476551002
9.15915915915916  37.03576507103508  69.4359153848544  216.784596112635  16.64897801130472
9.20920920920921  36.99515203411836  69.72065919802728  215.20335244281023  16.68968043936002
9.259259259259261  36.953915896025215  69.99870885787709  213.64138533231542  16.7302802359998
9.30930930930931  36.91210008378906  70.27019694026852  212.09841342113936  16.77077692288563
9.35935935935936  36.869745400448245  70.53525379282897  210.57415871082745  16.811170065837416
9.40940940940941  36.82689017767406  70.7940075375427  209.068346589647  16.851459273071818
9.45945945945946  36.78357054931735  71.04658406292315  207.5807059374409  16.891644192622703
9.50950950950951  36.73982054462225  71.29310703831779  206.1109691255074  16.93172451087267
9.55955955955956  36.69567210921608  71.53369793795638  204.6588719760104  16.971699951518023
9.60960960960961  36.65115546737624  71.76847601825729  203.22415391153498  17.01157027249466
9.65965965965966  36.60629904708198  71.9975583642876  201.80655785792948  17.051335265631803
9.70970970970971  36.561129679035204  72.22105988799625  200.40583030370973  17.09099475453113
9.759759759759762  36.51567273801677  72.43909333808433  199.02172132453578  17.1305485928676
9.809809809809812  36.469952112606585  72.65176934417524  197.65398450422026  17.169996663933578
9.85985985985986  36.42399043343239  72.85919640768867  196.30237701507681  17.20933887823062
9.90990990990991  36.377809066468934  73.06148094360913  194.9666595561775  17.248575172879356
9.95995995995996  36.331428186786205  73.2587273042396  193.64659633913993  17.2877055104008
10.01001001001001  36.28486691885126  73.45103778768444  192.3419551120886  17.326729876992
10.06006006006006  36.238143309893026  73.63851268421162  191.05250708266584  17.365648282242006
10.11011011011011  36.191274460916006  73.82125028719103  189.77802693936678  17.404460757397803
10.16016016016016  36.144276554803675  73.999346926474  188.51829280848568  17.443167354645933
10.210210210210212  36.09716487838905  74.17289700311098  187.27308620726308  17.481768146451973
10.260260260260262  36.04995396733316  74.34199299813476  186.0421920729665  17.520263223624223
10.310310310310312  36.00265762127559  74.506725508407  184.8253987128705  17.558652694734786
10.360360360360362  35.95528879921708  74.66718330597135  183.62249768744636  17.596936686810768
10.41041041041041  35.90785981916214  74.82345333683925  182.43328386681515  17.6351153428086
10.46046046046046  35.86038239630348  74.97562075190426  181.25755539526847  17.673188820795808
10.51051051051051  35.81286759856905  75.12376894945918  180.09511360985752  17.71115729418803
10.56056056056056  35.76532588556073  75.26797960525545  178.9457630055063  17.749020950949255
10.61061061061061  35.71776721802125  75.40833269293773  177.80931123926158  17.78677999188097
10.66066066066066  35.670201048361704  75.54490651938029  176.6855690698801  17.82443463047666
10.710710710710712  35.62263628127151  75.67777775991931  175.57435028502678  17.861985093253956
10.760760760760762  35.575081393055896  75.80702148287911  174.4754717055302  17.89943161779782
10.810810810810812  35.52754444313094  75.93271118129783  173.3887531375422  17.936774452357927
10.860860860860862  35.48003303355369  76.05491880507802  172.31401731014816  17.974013856153082
10.91091091091091  35.432554363946046  76.17371479087464  171.25108984482503  18.011150098357277
10.96096096096096  35.3851152843599  76.2891680920276  170.1997992242282  18.048183457114114
11.01101101101101  35.33772228662337  76.40134620656785  169.15997674233543  18.085114219480538
11.06106106106106  35.29038149280804  76.51031520178817  168.13145645518262  18.121942681497423
11.11111111111111  35.24309872668511  76.61613975203645  167.11407515209902  18.158669146741794
11.161161161161163  35.19587951606304  76.71888316519625  166.10767231040987  18.195293926144917
11.211211211211213  35.148729069185336  76.81860740099303  165.11209005100787  18.231817338302253
11.261261261261263  35.101652326776346  76.9153731087346  164.12717309932034  18.268239708367844
11.311311311311313  35.054653983605  77.0092396571814  163.1527687441729  18.304561367519234
11.361361361361363  35.00773848677794  77.10026515745473  162.188726796971  18.340782652857815
11.411411411411413  34.96091000750041  77.18850647657662  161.23489955412924  18.376903907805428
11.461461461461461  34.91417251103885  77.27401928374047  160.29114175140054  18.412925480664
11.511511511511511  34.86752975664598  77.35685807323806  159.35731052398202  18.448847724485304
11.561561561561561  34.820985290935184  77.43707617967664  158.4332653727541  18.484670997148026
11.611611611611611  34.7745424502241  77.51472579810954  157.51886812783258  18.52039566123756
11.661661661661663  34.728204400632755  77.58985802827294  156.61398289734646  18.55602208304277
11.711711711711713  34.681974137561205  77.66252289279804  155.71847603228744  18.59155063250275
11.761761761761763  34.63585447130761  77.73276934376162  154.83221610236077  18.626981683476778
11.811811811811813  34.589848051176254  77.80064529808548  153.9550738482987  18.662315613115542
11.861861861861863  34.54395738348679  77.86619766836381  153.086922137905  18.69755280137477
11.911911911911913  34.498184831319996  77.92947237957245  152.22763593417233  18.732693630954586
11.961961961961963  34.45253260000283  77.99051437281432  151.37709227691093  18.76773848756809
12.012012012012011  34.40700276958572  78.0493676495439  150.53517022456984  18.80268775912137
12.062062062062061  34.36159729889744  78.10607529130866  149.70175082013478  18.83754183555195
12.112112112112113  34.31631802422216  78.16067947174949  148.87671706523844  18.87230110883131
12.162162162162163  34.27116665612629  78.21322146516822  148.0599538980015  18.906965973033635
12.212212212212213  34.22614480353364  78.26374169083468  147.25134813336052  18.941536823617422
12.262262262262263  34.181253974103825  78.31227972620631  146.4507884360393  18.976014057391506
12.312312312312313  34.13649556867917  78.35887431154477  145.65816530431755  19.010398072638168
12.362362362362363  34.091870889369204  78.40356337335533  144.87337103203413  19.044689268858498
12.412412412412413  34.047381152959  78.44638405518138  144.09629966207117  19.078888046370484
12.462462462462463  34.003027490875866  78.48737272948198  143.3268469619184  19.11299480628117
12.512512512512513  33.95881094331505  78.52656499891518  142.5649104127418  19.147009950636004
12.562562562562562  33.91473247416515  78.5639957316554  141.81038915644305  19.18093388195998
12.612612612612613  33.870792974662855  78.59969907826897  141.06318396548232  19.214767003128355
12.662662662662663  33.826993262829305  78.6337084802829  140.32319722331567  19.248509717372503
12.712712712712714  33.78333408214636  78.66605667677817  139.59033290745955  19.282162428314187
12.762762762762764  33.739816114674  78.69677573989244  138.864496535512  19.315725539533105
12.812812812812814  33.69643998145713  78.72589708485776  138.14559514382412  19.349199454545207
12.862862862862864  33.653206239307366  78.75345147182689  137.43353727767817  19.382584576895997
12.912912912912914  33.61011538703073  78.77946902792462  136.72823295419283  19.41588130995152
12.962962962962964  33.567167871617485  78.8039792692178  136.0295936253381  19.449090056690544
13.013013013013014  33.52436408853668  78.82701110965591  135.33753215865104  19.48221121968806
13.063063063063064  33.48170437876349  78.84859286111852  134.6519628305245  19.515245201216043
13.113113113113114  33.4391890378564  78.86875226375516  133.9728012772666  19.548192402928585
13.163163163163164  33.3968183175715  78.88751649756375  133.29996447231488  19.581053225804492
13.213213213213214  33.35459242529507  78.90491218773471  132.6333707125135  19.613828070167965
13.263263263263264  33.31251152426207  78.92096541204326  131.97293960149884  19.646517335681885
13.313313313313314  33.27057574078923  78.9357017277887  131.31859200488688  19.679121421091846
13.363363363363364  33.228785164487405  78.94914617912706  130.67025003376853  19.711640724219755
13.413413413413414  33.187139846296795  78.96132329728582  130.0278370390515  19.744075642037934
13.463463463463464  33.14563980298336  78.9722571204477  129.39127757651215  19.77642657050872
13.513513513513514  33.10428502013613  78.98197120906954  128.76049737864525  19.808693904478467
13.563563563563564  33.06307545238682  78.9904886524264  128.13542333969835  19.84087803767389
13.613613613613614  33.02201102192695  78.99783206899822  127.5159835102313  19.872979362764752
13.663663663663664  32.98109162408822  79.00402363102809  126.90210705470463  19.904998271157655
13.713713713713714  32.94031712806439  79.00908507245374  126.29372423449901  19.936935152974776
13.763763763763764  32.899687376376335  79.01303769195295  125.69076639871422  19.968790397082028
13.813813813813814  32.85920218572012  79.01590236106904  125.09316596701613  20.000564391063687
13.863863863863864  32.81886135086415  79.01769954367674  124.50085639466523  20.032257521078435
13.913913913913914  32.7786646448293  79.0184493015689  123.91377215937985  20.063870171860067
13.963963963963964  32.738611817681424  79.01817129408516  123.33184875795189  20.095402726774285
14.014014014014016  32.698702599663555  79.01688479529658  122.75502267458316  20.126855567702965
14.064064064064066  32.65893670266561  79.01460870446475  122.1832313600553  20.15822907499452
14.114114114114114  32.61931382033866  79.01136155076726  121.61641322024413  20.18952362746894
14.164164164164164  32.579833627418424  79.00716149436244  121.05450761073256  20.220739602455563
14.214214214214214  32.54049578315176  79.00202634561215  120.4974548014945  20.25187737566315
14.264264264264265  32.501299931625695  78.99597357059497  119.94519596417634  20.282937321176558
14.314314314314315  32.462245701303104  78.98902029263523  119.39767316619546  20.313919811486738
14.364364364364365  32.423332706005766  78.98118330069877  118.85482935327668  20.344825217460677
14.414414414414415  32.384560546978534  78.97247906293826  118.31660832330813  20.375653908266578
14.464464464464465  32.34592881301685  78.9629237309181  117.78295471594417  20.406406251379615
14.514514514514516  32.30743707954854  78.95253313803663  117.25381401229606  20.43708261263389
14.564564564564566  32.269084911216886  78.94132281641708  116.72913250282267  20.467683356123093
14.614614614614615  32.23087186254326  78.92930800366912  116.20885727266224  20.498208844184134
14.664664664664665  32.19279747841487  78.9165036487313  115.6929361885524  20.528659437388225
14.714714714714717  32.15486129244016  78.90292440675292  115.18131790500026  20.55903549461725
14.764764764764765  32.11706282880906  78.88858465204224  114.67395183879086  20.589337372998763
14.814814814814817  32.07940160413029  78.87349849089759  114.17078814370112  20.619565427841888
14.864864864864865  32.04187712728672  78.85767976422058  113.67177770312051  20.64972001265319
14.914914914914917  32.00448889911977  78.84114204804615  113.17687212658049  20.67980147916519
14.964964964964965  31.967236412321665  78.82389865540618  112.68602374389059  20.709810177355223
15.015015015015017  31.9301191538356  78.80596265429878  112.19918557036759  20.73974645534797
15.065065065065065  31.893136604631415  78.78734686880351  111.71631130231475  20.769610659439692
15.115115115115117  31.85628823984867  78.76806388241552  111.23735530860674  20.79940313410518
15.165165165165165  31.81957352790842  78.74812603437542  110.76227263508487  20.829124222051494
15.215215215215215  31.782991932875596  78.72754543806336  110.2910189686056  20.858774264123902
15.265265265265267  31.74654291440881  78.70633398301734  109.82355063103391  20.888353599321523
15.315315315315315  31.71022592799265  78.68450333896483  109.3598245695951  20.91786256479926
15.365365365365367  31.674040423780568  78.66206495161802  108.89979836278515  20.94730149592157
15.415415415415415  31.637985848422442  78.63903005633756  108.44343019261105  20.976670726203157
15.465465465465467  31.602061645493695  78.61540968342395  107.9906788326067  21.005970587302617
15.515515515515515  31.566267255581046  78.59121466134131  107.54150363974686  21.035201409029202
15.565565565565567  31.530602115811597  78.56645561457881  107.09586455661042  21.064363519379437
15.615615615615615  31.49506566043967  78.54114297041659  106.65372209658051  21.0934572445225
15.665665665665667  31.459657321762727  78.51528696846154  106.21503732376715  21.122482908769715
15.715715715715717  31.424376530102705  78.4888976623159  105.77977184791845  21.15144083458927
15.765765765765765  31.38922271359016  78.46198491953774  105.34788782278781  21.180331342628868
15.815815815815817  31.35419529795541  78.43455842166114  104.91934794438481  21.209154751738126
15.865865865865866  31.319293708182744  78.40662768006891  104.49411541831323  21.237911378906293
15.915915915915917  31.284517368220076  78.37820203531923  104.07215395937432  21.26660153928832
15.965965965965966  31.249865701241106  78.34929066117364  103.65342778200265  21.295225546205824
16.016016016016017  31.215338129536246  78.31990256590234  103.23790159610813  21.323783711161628
16.066066066066064  31.180934072622083  78.29004658042942  102.82554062902706  21.35227634391995
16.116116116116117  31.1466529503992  78.25973138377141  102.41631057348566  21.38070375240045
16.166166166166168  31.11249418272836  78.22896550201745  102.01017758805567  21.409066242704306
16.216216216216218  31.078457189378476  78.19775731005593  101.60710829216019  21.43736411912665
16.266266266266268  31.044541390206135  78.16611503489982  101.20706975792415  21.46559768416079
16.316316316316318  31.010746204199435  78.13404674664449  100.81002952710679  21.49376723855727
16.366366366366368  30.97707105057561  78.10156037179121  100.4159555826743  21.521873081283786
16.416416416416418  30.943515349325445  78.06866370054632  100.02481633259089  21.549915509511784
16.466466466466468  30.910078521027064  78.03536438616383  99.63658060974574  21.577894818638363
16.516516516516518  30.876759987020243  78.00166994821389  99.25121766391882  21.605811302290732
16.566566566566568  30.843559169027934  77.96758776903619  98.8686971677961  21.633665252356835
16.616616616616618  30.81047548905618  77.93312509362498  98.48898921591076  21.661456959002738
16.666666666666668  30.777508370629384  77.89828904597937  98.11206428963834  21.68918671062706
16.716716716716718  30.7446572384411  77.86308662591694  97.73789326246957  21.71685479389015
16.766766766766768  30.71192151849275  77.82752471190368  97.36644739288015  21.744461493720248
16.816816816816818  30.67930063792404  77.7916100616072  96.99769832208156  21.772007093327552
16.866866866866868  30.64679402389423  77.7553493053577  96.63161808696148  21.799491874242843
16.916916916916918  30.614401105574267  77.71874896285489  96.26817908323868  21.82691611627547
16.966966966966968  30.582121313737044  77.68181544192693  95.90735406705703  21.854280097533618
17.017017017017018  30.549954080736576  77.64455504019529  95.54911615035552  21.881584094434498
17.067067067067065  30.51789884058389  77.60697394722028  95.19343879521297  21.90882838171254
17.117117117117118  30.485955028494473  77.56907823775953  94.84029582730173  21.936013232452602
17.167167167167168  30.45412208148797  77.53087388272105  94.4896614112939  21.963138918073437
17.217217217217218  30.422399438555598  77.49236675284821  94.14151004189581  21.99020570833163
17.26726726726727  30.390786540605646  77.45356261867204  93.79581654290851  22.01721387133593
17.31731731731732  30.359282830548445  77.41446715280838  93.45255606124613  22.0441636735551
17.36736736736737  30.327887752928902  77.37508592469017  93.11170407762191  22.071055379843372
17.41741741741742  30.296600754074895  77.33542440392522  92.7732363982298  22.097889253445782
17.46746746746747  30.26542128282488  77.29548797334179  92.43712912508141  22.124665555980823
17.51751751751752  30.23434879024097  77.25528192506611  92.10335866372819  22.151384547462776
17.56756756756757  30.203382729683835  77.2148114626533  91.7719017176459  22.178046486309928
17.61761761761762  30.17252255688826  77.17408170322601  91.4427352826026  22.204651629352714
17.66766766766767  30.14176773003852  77.13309767961302  91.1158366410264  22.231200231841893
17.71771771771772  30.111117708437657  77.09186432845311  90.79118338794268  22.25769254748364
17.76776776776777  30.080571952592003  77.05038649242444  90.46875342513812  22.284128828447535
17.81781781781782  30.05012992656032  77.00866894507563  90.14852490448388  22.310509325331225
17.86786786786787  30.01979109676786  76.96671638037479  89.83047625062278  22.3368342871927
17.91791791791792  29.989554932045966  76.92453341449081  89.51458615614052  22.363103961559194
17.96796796796797  29.95942090367636  76.88212458762062  89.20083357663417  22.389318594435906
18.01801801801802  29.929388485435375  76.83949436581618  88.88919772578045  22.415478430314813
18.06806806806807  29.8994571531423  76.79664713233255  88.5796580945172  22.441583712197055
18.11811811811812  29.869626384635897  76.75358718802406  88.27219444940413  22.467634681603563
18.16816816816817  29.83989566072334  76.71031877228869  87.96678678370226  22.493631578558965
18.21821821821822  29.810264464741593  76.66684605469183  87.66341533592082  22.51957464161358
18.26826826826827  29.78073228258651  76.62317313647324  87.36206058562199  22.54546410785264
18.31831831831832  29.751298602745415  76.57930405212775  87.06270324905672  22.571300212905385
18.36836836836837  29.72196291632968  76.53524277098587  86.76532427480018  22.597083190954116
18.41841841841842  29.692724717019637  76.49099319002663  86.46990485976099  22.622813274747195
18.46846846846847  29.663583501071756  76.44655913291739  86.17642645072038  22.648490695609226
18.518518518518523  29.63453876753042  76.40194436951637  85.88487069832424  22.674115683442256
18.56856856856857  29.605590018168254  76.35715260822897  85.59521947415246  22.69968846673889
18.61861861861862  29.57673675751546  76.31218749725946  85.30745486711895  22.72520927259157
18.66866866866867  29.547978492890145  76.26705262597277  85.02155917961608  22.750678326701728
18.71871871871872  29.519314734428768  76.2217515262561  84.73751492365882  22.776095853388988
18.76876876876877  29.49074499413975  76.17628766715025  84.45530483365597  22.801462075600153
18.81881881881882  29.4622687854901  76.13066445315344  84.17491187010806  22.826777214918284
18.86886886886887  29.433885625660096  76.0848852409098  83.8963191778896  22.852041491572347
18.91891891891892  29.405595034467908  76.03895333295172  83.6195101012158  22.877255124446183
18.96896896896897  29.377396534354414  75.99287197874749  83.34446818056291  22.90241833108766
19.01901901901902  29.349289650387664  75.94664437588422  83.07117714925386  22.92753132771785
19.069069069069073  29.32127391026733  75.900273671251  82.79962093004416  22.95259432924025
19.11911911911912  29.29334884428988  75.85376295664176  82.52978364535426  22.977607549244897
19.16916916916917  29.265513985328283  75.80711526641505  82.26164962247168  23.002571200014465
19.21921921921922  29.237768868935593  75.76033359276728  81.99520335567792  23.02748549254599
19.26926926926927  29.210113033301756  75.71342088014387  81.73042951939554  23.05235063655405
19.31931931931932  29.182546019255806  75.66638002609649  81.4673129655706  23.0771668404796
19.36936936936937  29.155067370269162  75.6192138823084  81.20583872064404  23.10193431149905
19.41941941941942  29.127676632459035  75.57192525561967  80.94599198252348  23.126653255533274
19.46946946946947  29.100373354666498  75.52451690390387  80.68775813037749  23.151323877248426
19.519519519519523  29.073157088514208  75.47699153335017  80.43112273092999  23.175946380058967
19.56956956956957  29.04602738819908  75.4293518139963  80.17607149929934  23.20052096615994
19.619619619619623  29.018983810596012  75.38160037384147  79.92259031318557  23.22504783652494
19.66966966966967  28.992025915266126  75.33373979953532  79.6706652106795  23.249527190914613
19.71971971971972  28.96515326446172  75.28577263729177  79.42028238751213  23.273959227885506
19.76976976976977  28.938365423131252  75.23770139380271  79.17142819430381  23.298344144798943
19.81981981981982  28.9116619589243  75.18952853715172  78.92408913381358  23.322682137829872
19.86986986986987  28.885042441317125  75.14125648926186  78.67825188029315  23.34697340195694
19.91991991991992  28.858506441646213  75.0928876270843  78.43390327601826  23.371218130971993
19.969969969969974  28.832053534611905  75.04442429793988  78.1910302908675  23.39541651752088
20.02002002002002  28.80568329744196  74.9958688123329  77.94962004072067  23.41956875309441
20.070070070070074  28.779395309878105  74.94722344468707  77.7096597851717  23.443675028036775
20.12012012012012  28.753189154166623  74.89849043412116  77.47113692513918  23.467735531554123
20.170170170170174  28.72706441504894  74.84967198522433  77.2340390004767  23.491750451723092
20.22022022022022  28.701020679752453  74.80077026881706  76.99835368762167  23.515719975499334
20.27027027027027  28.67505753808874  74.75178741436468  76.76406881913746  23.53964428870056
20.32032032032032  28.649174582382297  74.70272551556045  76.53117236871476  23.56352357602977
20.37037037037037  28.623371407366964  74.65358663841666  76.2996524295932  23.587358021106066
20.420420420420424  28.59764761024388  74.60437281680592  76.0694972259009  23.611147806457314
20.47047047047047  28.57200279067351  74.55508605312927  75.84069511054625  23.634893113528307
20.520520520520524  28.546436550767595  74.50572831898445  75.61323456310917  23.658594122689028
20.57057057057057  28.52094849508115  74.45630155583419  75.38710418773307  23.68225101324285
20.620620620620624  28.4955382306114  74.40680767551615  75.16229271143482  23.70586396343415
20.67067067067067  28.470205367168294  74.35724855229877  74.93878900477672  23.729433150421883
20.720720720720724  28.44494951701924  74.3076260314501  74.71658205886057  23.7529587503196
20.77077077077077  28.419770294739607  74.25794193312488  74.49566097470539  23.776440938216577
20.82082082082082  28.394667317366586  74.20819804935051  74.27601497087883  23.79987988817128
20.87087087087087  28.36964020439531  74.15839614459986  74.05763338164111  23.823275773219166
20.92092092092092  28.344688577775074  74.10853795636429  73.84050565508853  23.84662876538056
20.970970970970974  28.319812061905484  74.0586251957265  73.62462135129742  23.86993903566848
21.02102102102102  28.29501028356928  74.00865954755943  73.40997014154225  23.893206754094642
21.071071071071074  28.27028287069184  73.95864266379766  73.19654182741148  23.916432089641965
21.12112112112112  28.245629453782325  73.90857617254166  72.98432631444686  23.939615210313722
21.171171171171174  28.221049665981997  73.85846167893861  72.77331360940255  23.962756283142884
21.22122122122122  28.19654314268259  73.80830076352476  72.56349382479597  23.985855474189165
21.27127127127127  28.172109521509675  73.75809498272257  72.35485717726878  24.008912948546485
21.32132132132132  28.147748442306025  73.70784586933817  72.14739398594803  24.031928870350438
21.37137137137137  28.123459547114965  73.6575549330585  71.94109467080695  24.054903402785794
21.421421421421424  28.09924248020602  73.60722366026012  71.73594975293219  24.077836708089993
21.47147147147147  28.075096888461708  73.55685350793901  71.53194987106527  24.100728947522942
21.521521521521525  28.051022420798596  73.50644591336165  71.32908575462328  24.123580281427035
21.57157157157157  28.02701872823683  73.45600229316003  71.12734822594207  24.146390869226558
21.621621621621625  28.003085463973555  73.40552404236229  70.92672820269686  24.169160869426776
21.67167167167167  27.979222283370472  73.35501253482185  70.72721669645229  24.191890439620988
21.721721721721725  27.955428843941416  73.30446912364633  70.52880481121248  24.214579736497623
21.77177177177177  27.931704805339866  73.25389514162657  70.33148374197108  24.237228915847336
21.82182182182182  27.908049829420957  73.20329190058855  70.13524477630459  24.259838132562926
21.871871871871875  27.884463580608216  73.15266068633287  69.94007930843483  24.282407540609967
21.92192192192192  27.86094572524096  73.10200276833115  69.74597881159114  24.30493729309544
21.971971971971975  27.837495931739628  73.05131939758063  69.55293484383533  24.327427542257713
22.02202202202202  27.81411387065679  73.0006118061154  69.36093904920504  24.349878439467528
22.072072072072075  27.79079921466832  72.94988120738293  69.16998315641209  24.37229013523475
22.12212212212212  27.767551638564544  72.89912879662047  68.98005897754078  24.39466277921508
22.172172172172175  27.744370819241475  72.84835575123176  68.79115840674618  24.41699652021681
22.22222222222222  27.721256435682765  72.79756323109751  68.60327341915293  24.439291506207045
22.272272272272275  27.69820816818263  72.74675237342949  68.4163960863554  24.46154788427574
22.322322322322325  27.675225699000382  72.69592429791531  68.23051856060883  24.48376580067928
22.37237237237237  27.6523087127276  72.64508010979743  68.04563306530542  24.505945400868153
22.422422422422425  27.629456895908604  72.59422089758526  67.86173190177927  24.528086829473047
22.47247247247247  27.606669937024265  72.5433477333783  67.67880744816661  24.550190230311195
22.522522522522525  27.583947526475725  72.49246167318961  67.49685215826598  24.57225574639269
22.57257257257257  27.561289356568253  72.44156375726902  67.31585856039841  24.594283519926798
22.622622622622625  27.53869512149494  72.39065501042654  67.13581925626765  24.616273692328306
22.67267267267267  27.516164517485468  72.33973644033583  66.95672692579303  24.63822640420655
22.722722722722725  27.493697242998948  72.28880903529638  66.7785743335433  24.660141795349844
22.772772772772772  27.47129299810253  72.237873771969  66.60135430567836  24.682020004795188
22.822822822822825  27.44895148472166  72.18693161243522  66.42505973846072  24.7038611708067
22.872872872872875  27.42667240664369  72.13598350427773  66.24968359783432  24.725665430879836
22.922922922922922  27.40445546950527  72.08503038085965  66.07521891841488  24.747432921747354
22.972972972972975  27.3823003807797  72.03407316160367  65.90165880248064  24.769163779385245
23.023023023023022  27.36020684976435  71.98311275227128  65.72899641896296  24.790858139018706
23.073073073073076  27.33817458760597  71.93215004483673  65.55722500365245  24.812516135124127
23.123123123123122  27.31620330770375  71.88118591332933  65.38633787149696  24.83413790139209
23.173173173173176  27.29429272512391  71.8302212202267  65.21632839725467  24.855723570792513
23.223223223223222  27.272442556659456  71.77925681596152  65.0471900168014  24.877273275573135
23.273273273273276  27.25065252091854  71.7282935381226  64.87891622935489  24.89878714725501
23.323323323323326  27.228922338315492  71.67733221169536  64.71150059658166  24.92026531663808
23.373373373373376  27.20725173106183  71.62637364930227  64.54493674170381  24.941707913806734
23.423423423423426  27.18564042315724  71.5754186514433  64.37921834860576  24.963115068135416
23.473473473473472  27.164088140380606  71.52446800673651  64.21433916094117  24.984486908294137
23.523523523523526  27.142594609775163  71.47352248966327  64.05029298954067  25.005823562226002
23.573573573573572  27.121159559818626  71.42258286169235  63.88707370857926  25.027125157162697
23.623623623623626  27.09978272105601  71.37164987468607  63.72467524415098  25.048391819665724
23.673673673673672  27.078463825686285  71.32072426914634  63.56309158001121  25.06962367560952
23.723723723723726  27.05720260754718  71.26980677442442  63.40231675678543  25.090820850186663
23.773773773773776  27.035998802100043  71.21889810893114  63.24234487117687  25.111983467913127
23.823823823823826  27.014852146414693  71.1679989803471  63.08317007517394  25.133111652633485
23.873873873873876  26.99376237915432  71.11711008583279  62.924786575257784  25.15420552752616
23.923923923923926  26.972729240669686  71.06623211140565  62.76718863420382  25.17526521509878
23.973973973973976  26.95175247331944  71.01536572959326  62.61037057824824  25.19629083716316
24.024024024024023  26.930831820789297  70.96451160471769  62.45432678050079  25.217282514900567
24.074074074074076  26.90996702831037  70.9136703913258  62.299051665692694  25.2382403688459
24.124124124124123  26.889157842687798  70.86284273406622  62.144539710421505  25.259164518888976
24.174174174174176  26.868404012289343  70.81202926787125  61.99078544244666  25.28005508427942
24.224224224224226  26.84770528703393  70.76123061813878  61.83778343998502  25.300912183631556
24.274274274274276  26.827061418380257  70.71044740091423  61.685528331006445  25.321735934929315
24.324324324324326  26.80647215932674  70.65968022297187  61.53401479285134  25.34252645552981
24.374374374374376  26.78593726472729  70.60892967910125  61.38323756079446  25.36328386213046
24.424424424424426  26.765456490911408  70.55819635554988  61.23319141690307  25.38400827081642
24.474474474474476  26.7450295956212  70.50748083066163  61.08387118787106  25.404699797071437
24.524524524524526  26.72465633811948  70.45678367400077  60.93527174770095  25.425358555768952
24.574574574574573  26.704336479180817  70.40610544651227  60.78738801706847  25.4459846611767
24.624624624624627  26.68406978108252  70.35544670068225  60.640214962687  25.46657822696132
24.674674674674673  26.663856007595676  70.30480798069829  60.493747596672094  25.487139366192995
24.724724724724727  26.643694923976156  70.25418982260985  60.34798097590598  25.507668191350046
24.774774774774777  26.62358629692938  70.20359275432276  60.20291020198316  25.528164814321066
24.824824824824827  26.603529894127416  70.15301729276402  60.05853043106596  25.548629346364766
24.874874874874877  26.583525484793434  70.10246394779308  59.91483686011265  25.56906189817065
24.924924924924927  26.563572839690973  70.05193322235137  59.77182472627963  25.589462579863476
24.974974974974977  26.543671730969223  70.00142561170149  59.6294893095124  25.609831500994094
25.025025025025027  26.523821932150618  69.9509416035658  59.487825931986436  25.63016877054374
25.075075075075077  26.504023218118355  69.90048167826484  59.346829957548216  25.650474496928314
25.125125125125123  26.48427536510397  69.85004630885601  59.20649679115614  25.670748788002683
25.175175175175177  26.46457815067491  69.79963596127205  59.066821878321456  25.690991751064953
25.225225225225227  26.44493135375283  69.74925109425074  58.9278007052451  25.71120349285754
25.275275275275277  26.425334754975854  69.69889215692803  58.78942880673762  25.731384119532066
25.325325325325327  26.405788136171427  69.64855959247308  58.65170175401272  25.751533736707763
25.375375375375377  26.38629128039857  69.5982538378555  58.5146151553656  25.771652449469983
25.425425425425427  26.366843972032964  69.54797532332103  58.37816465782153  25.791740362364262
25.475475475475477  26.34744599675729  69.49772447251158  58.24234594663867  25.811797579400295
25.525525525525527  26.32809714155148  69.44750170258526  58.10715474481063  25.83182420405597
25.575575575575574  26.30879719468303  69.3973074243364  57.97258681256919  25.85182033928134
25.625625625625627  26.28954594569727  69.34714204231561  57.838637946886976  25.871786087502628
25.675675675675677  26.27034318544395  69.297005954694  57.70530398184826  25.891721550621913
25.725725725725727  26.251188706378972  69.24689955118907  57.572580795601816  25.91162682998386
25.775775775775777  26.232082302088152  69.19682321647153  57.44046429870363  25.93150202643553
25.825825825825827  26.213023767363932  69.14677732967652  57.30895043568671  25.95134724032004
25.875875875875877  26.19401289826459  69.09676226403806  57.17803518621251  25.971162571472313
25.925925925925927  26.175049492106826  69.04677838699273  57.04771456462888  25.990948119222814
25.975975975975977  26.15613334745838  68.9968260602835  56.91798461952804  26.01070398240129
26.026026026026027  26.137264264130625  68.94690564006335  56.788841433304505  26.03043025934045
26.076076076076077  26.11844204317116  68.89701747699912  56.66028112171301  26.05012704787975
26.126126126126128  26.099666486793808  68.84716191611452  56.53229983443295  26.069794445363883
26.176176176176178  26.080937397983785  68.7973392952809  56.404893760853405  26.089432548614457
26.226226226226228  26.062254581123  68.74754994795508  56.27805911946175  26.109041453986087
26.276276276276278  26.043617841825498  68.69779420262893  56.15179215992729  26.128621257357125
26.326326326326328  26.02502698685703  68.64807238262888  56.026089163833255  26.148172054127325
26.376376376376378  26.006481824124645  68.59838480620735  55.900946444282944  26.167693939221323
26.426426426426428  25.987982162666313  68.54873178663391  55.776360345505715  26.18718700709213
26.476476476476478  25.96952781264051  68.49911363228658  55.652327242463166  26.206651351724588
26.526526526526528  25.95111858531586  68.44953064674316  55.528843540455036  26.226087066638847
26.576576576576578  25.932754293128195  68.39998312854873  55.40590567586246  26.24549424488749
26.626626626626628  25.91443474997412  68.35047136984988  55.28351012087245  26.264872979030272
26.676676676676678  25.8961597706566  68.30099565909421  55.16165337392174  26.284223361189014
26.726726726726728  25.877929171038204  68.25155628033701  55.0403319620592  26.303545483035588
26.776776776776778  25.859742768079656  68.20215351309804  54.91954244137548  26.32283943579082
26.826826826826828  25.841600379831885  68.15278763244079  54.79928139665122  26.342105310227677
26.876876876876878  25.823501825428192  68.10345890905175  54.67954544100541  26.361343196674554
26.926926926926928  25.80544692507634  68.05416760931969  54.56033121554369  26.38055318501849
26.976976976976978  25.78743550005066  68.00491399541482  54.441635389006635  26.39973536470841
27.027027027027028  25.769467372746007  67.95569832499741  54.32345465877368  26.41888982475039
27.077077077077078  25.751542366867408  67.90652085011202  54.205785754843696  26.43801665368539
27.127127127127128  25.733660307018752  67.85738181968654  54.08862543063634  26.457115939644584
27.177177177177178  25.715821018836902  67.80828147875974  53.971970465754104  26.47618777033425
27.227227227227228  25.69802432901143  67.75922006839478  53.85581766623665  26.495232233035473
27.27727727727728  25.68027006527827  67.71019782574946  53.74016386424231  26.514249414607168
27.32732732732733  25.6625580564133  67.66121498414631  53.62500591772951  26.53323940148913
27.37737737737738  25.644888132226008  67.61227177314282  53.51034071013825  26.552202279705085
27.42742742742743  25.627260123553114  67.56336841860166  53.39616515007158  26.571138134865727
27.47747747747748  25.60967386225181  67.51450514275872  53.28247617098532  26.590047052171727
27.52752752752753  25.59212918098262  67.46568216308171  53.16927073584392  26.608929116386463
27.577577577577582  25.574625913344484  67.41689969315358  53.05654583346286  26.62778441185943
27.62762762762763  25.55716389405132  67.368157943794  52.94429847387479  26.646613022555538
27.67767767767768  25.53974295878669  67.31945712233107  52.832525691288865  26.665415032038208
27.72772772772773  25.522362944195887  67.27079743266238  52.72122454380934  26.68419052347218
27.77777777777778  25.50502368787796  67.22217907531625  52.61039211315407  26.70293957962635
27.82782782782783  25.4877250283778  67.17360224751285  52.50002550437301  26.72166228287657
27.87787787787788  25.470466805178166  67.12506714322538  52.3901218455667  26.740358715208487
27.92792792792793  25.453248858691786  67.0765739532412  52.280678287604836  26.75902895822035
27.97797797797798  25.436071030307495  67.02812286499791  52.171692004713364  26.777673093120214
28.028028028028032  25.418933162663077  66.9797140614776  52.06316019869628  26.796291200699503
28.07807807807808  25.401835099145472  66.93134772331237  51.955080090764746  26.814883361387075
28.128128128128132  25.384776684021666  66.88302402826851  51.84744892348213  26.833449655237533
28.17817817817818  25.36775776248033  66.8347431511014  51.74026396127863  26.851990161928917
28.22822822822823  25.350778180625777  66.78650526360889  51.6335224901997  26.870504960765324
28.27827827827828  25.333837785471896  66.73831053468463  51.52722181765465  26.888994130679517
28.32832832832833  25.316936424936046  66.69015913037154  51.4213592721652  26.907457750235583
28.37837837837838  25.300073947833003  66.64205121391511  51.315932203113974  26.925895897631513
28.42842842842843  25.283250203868906  66.59398694581681  51.21093798049307  26.944308650701874
28.478478478478483  25.266465043811806  66.54596648314268  51.10637399766624  26.962696086899747
28.52852852852853  25.249718319438248  66.49798997977648  51.0022376703093  26.981058283304918
28.578578578578583  25.233009883259378  66.45005758760202  50.89852643159002  26.99939531665778
28.62862862862863  25.216339588678807  66.40216945586553  50.795237734713226  27.017707263342814
28.678678678678683  25.199707289988478  66.35432573122078  50.69236905270232  27.035994199390988
28.72872872872873  25.183112842364164  66.30652655777587  50.58991787817496  27.054256200482186
28.77877877877878  25.166556101860994  66.25877207713982  50.48788172311851  27.07249334194766
28.82882882882883  25.150036925408973  66.2110624284694  50.38625811866566  27.09070569877245
28.87887887887888  25.13355517080846  66.16339774851572  50.28504461486993  27.108893345597856
28.92892892892893  25.117110696704245  66.11577817158152  50.1842387809329  27.127056356720693
28.97897897897898  25.100703362399862  66.06820382881335  50.0838382087906  27.145194806069167
29.029029029029033  25.08433302813142  66.02067484940729  49.98384050703529  27.163308767246136
29.07907907907908  25.067999555009298  65.97319136043166  49.884243301822465  27.181398313523673
29.129129129129133  25.051702804973026  65.92575348670452  49.78504423750109  27.199463517839547
29.17917917917918  25.03544264078569  65.87836135083566  49.68624097641282  27.21750445279947
29.22922922922923  25.019218926028298  65.8310150732686  49.5878311986911  27.235521190679396
29.279279279279283  25.00303152509419  65.78371477232263  49.48981260206035  27.253513803427797
29.32932932932933  24.986880303183423  65.73646056423487  49.39218290163513  27.271482362667925
29.37937937937938  24.970765126297138  65.68925256320227  49.29493982971929  27.289426939700093
29.429429429429433  24.954685861434193  65.64209088104298  49.19808113748387  27.307347605490012
29.479479479479483  24.93864237663778  65.5949756271399  49.101604595251786  27.32524443066747
29.52952952952953  24.922634540516253  65.5479069093744  49.00550798789699  27.343117485561248
29.57957957957958  24.906662222488386  65.500884833696  48.90978911697442  27.360966840184076
29.629629629629633  24.890725292784467  65.45390950415172  48.81444580058155  27.3787925642345
29.679679679679683  24.874823622442936  65.406981022924  48.719475873178396  27.396594727098957
29.72972972972973  24.858957083307  65.36009949036838  48.62487718540737  27.414373397853907
29.77977977977978  24.84312554802128  65.31326500505142  48.530647603913366  27.432128645267973
29.829829829829833  24.827328890028408  65.26647766378844  48.436785011163614  27.449860537804028
29.87987987987988  24.81156698360005  65.21973756165242  48.34328730550957  27.467569143619514
29.92992992992993  24.795839704321892  65.17304479160063  48.250152404445046  27.485254530542576
29.979979979979984  24.780146928406058  65.12639944508844  48.157378239609216  27.502916766110577
30.030030030030034  24.7644885327454  65.07980161205874  48.064962757012765  27.52055591756915
30.08008008008008  24.74886439505343  65.03325138085903  47.97290391786656  27.53817205186671
30.13013013013013  24.733274393863116  64.9867488382773  47.881199698416836  27.55576523565644
30.180180180180184  24.717718408525627  64.94029406957821  47.78984808978026  27.573335535298316
30.230230230230234  24.702196319209175  64.89388715853902  47.69884709777912  27.590883016861092
30.28028028028028  24.68670800689773  64.84752818748551  47.608194742776384  27.60840774612433
30.33033033033033  24.671253353389847  64.80121723732806  47.5178890595108  27.625909788580387
30.380380380380384  24.65583224129742  64.75495438759765  47.42792809693211  27.64338920943644
30.43043043043043  24.640444554385553  64.70873971666599  47.33830991933047  27.66084607360682
30.48048048048048  24.62509017839317  64.66257330222518  47.24903260929069  27.678280445691836
30.530530530530534  24.609768999106056  64.61645522028408  47.160094260218735  27.69569239003418
30.580580580580584  24.594480903108664  64.5703855456108  47.071492979034815  27.713081970699633
30.63063063063063  24.579225777889317  64.52436435182621  46.98322688641236  27.73044925147612
30.68068068068068  24.56400351184418  64.47839171144274  46.89529411663279  27.747794295875504
30.730730730730734  24.548813994281222  64.43246769590309  46.807692817440305  27.765117167135504
30.780780780780784  24.533657115424173  64.38659237561913  46.72042114989672  27.782417928221502
30.83083083083083  24.518532766416467  64.34076582001065  46.63347728823611  27.799696641828447
30.880880880880884  24.50344083932523  64.29498809754412  46.54685941971967  27.816953370382695
30.930930930930934  24.488381227145215  64.24925927577158  46.46056574449049  27.834188176043863
30.98098098098098  24.473353823283723  64.20357942068013  46.37459447780165  27.85140112068941
31.03103103103103  24.458358521724094  64.15794859694269  46.288943849141354  27.868592265921798
31.081081081081084  24.443395217829515  64.11236686901867  46.20361209843071  27.88576167309702
31.131131131131134  24.428463807847034  64.06683430052907  46.118597478164425  27.90290940330977
31.18118118118118  24.41356418890687  64.02135095428895  46.033898253286694  27.920035517395203
31.23123123123123  24.398696259022994  63.97591689234196  45.949512701061494  27.937140075930607
31.281281281281284  24.38385991709369  63.930532175994394  45.86543911094287  27.954223139237232
31.331331331331334  24.369055062902166  63.8851968658497  45.781675784445184  27.971284767381967
31.38138138138138  24.35428159711708  63.83991102184263  45.69822103501331  27.98832502017913
31.431431431431434  24.339539421293136  63.79467470327361  45.615073187892925  28.0053439571922
31.481481481481485  24.32482843638888  63.74948796738679  45.5322305801635  28.022341637733188
31.53153153153153  24.310148512892884  63.70435084006492  45.44969156388613  28.039318120816432
31.58158158158158  24.295499529559436  63.659263353905104  45.36745450172402  28.056273465222528
31.631631631631635  24.280881373688583  63.614225548527635  45.285517766782064  28.073207729500503
31.681681681681685  24.266293931050154  63.56923746071415  45.203879743582675  28.090120971953393
31.73173173173173  24.251737085752097  63.52429912431204  45.12253882795051  28.107013250639802
31.78178178178178  24.23721072010882  63.47941057013888  45.04149342689723  28.12388462337541
31.831831831831835  24.2227147145095  63.4345718258869  44.960741958506304  28.14073514773452
31.881881881881885  24.20824894728642  63.38978291602733  44.88028285181775  28.157564881051588
31.93193193193193  24.193813294583297  63.34504386171487  44.800114546712905  28.17437388042276
31.981981981981985  24.179407630223583  63.30035468069207  44.720235493799166  28.191162202707414
32.032032032032035  24.165031834237077  63.25571539304617  44.6406441548318  28.207929904516607
32.08208208208208  24.15068582137665  63.211126040478504  44.561339004383946  28.22467704217132
32.13213213213213  24.136369482526625  63.16658664669745  44.4823185261648  28.241403671791414
32.18218218218219  24.122082704415835  63.122097230742845  44.40358121423709  28.25810984926599
32.232232232232235  24.107825373494556  63.077657809606585  44.32512557325754  28.2747956302475
32.28228228228228  24.093597375934475  63.03326839823254  44.246950118476825  28.2914610701518
32.332332332332335  24.079398597628707  62.98892900951661  44.16905337573958  28.30810622415809
32.38238238238239  24.065228924191796  62.9446396543067  44.09143388148448  28.324731147208972
32.432432432432435  24.051088249416306  62.90040034265236  44.01409018048162  28.34133589404002
32.48248248248248  24.03697647894422  62.85621108434739  43.937020824850464  28.357920519192692
32.532532532532535  24.022893507740026  62.81207188560088  43.8602243800865  28.37448507693539
32.58258258258258  24.008839231291116  62.76798275069239  43.78369942206479  28.391029621302675
32.632632632632635  23.994813545895926  62.72394368201448  43.70744453696283  28.407554206096318
32.68268268268268  23.9808163486639  62.67995468007274  43.631458321260595  28.424058884885277
32.732732732732735  23.96684753751553  62.6360157434858  43.5557393817405  28.440543711005706
32.78278278278278  23.952907011126456  62.59212686902863  43.48028633543889  28.457008737561715
32.832832832832835  23.93899465948851  62.5482880589534  43.40509780144191  28.473454017558144
32.88288288288289  23.925110371695283  62.50449931495092  43.330172407652526  28.48987960379105
32.932932932932935  23.911254042220094  62.46076063328163  43.25550879624715  28.506285548759426
32.98298298298298  23.897425565630524  62.417072008874904  43.18110561908167  28.522671904739557
33.033033033033036  23.88362483658847  62.373433435329005  43.10696153769145  28.53903872378498
33.08308308308309  23.8698517498501  62.32984490491117  43.033075223291334  28.55538605772651
33.133133133133136  23.856106200265874  62.286306408557536  42.95944535677572  28.571713958172225
33.18318318318318  23.84238808321206  62.242817935984085  42.886070627984516  28.588022476517814
33.233233233233236  23.82869730001325  62.1993794770806  42.81294972648106  28.604311664076473
33.28328328328329  23.815033750301772  62.155991019946526  42.740081354546625  28.620581571895862
33.333333333333336  23.801397332733025  62.11265255107486  42.6674642259638  28.636832250775264
33.38338338338338  23.787787946414202  62.06936405571944  42.59509706358661  28.653063751299772
33.433433433433436  23.774205490904325  62.02612551789491  42.52297859934054  28.669276123840337
33.48348348348349  23.760649866214184  61.98293692037679  42.45110757422256  28.685469418553733
33.533533533533536  23.747120972806403  61.939798244701365  42.37948273830104  28.70164368538257
33.58358358358358  23.733618712214444  61.89670947158821  42.30810284858142  28.7177989740872
33.633633633633636  23.720142988998298  61.853670582274496  42.236966662263036  28.733935334346505
33.68368368368368  23.706693706682707  61.810681555743635  42.166072950743995  28.750052815548578
33.733733733733736  23.69327076914936  61.76774236967507  42.09542049482089  28.76615146686243
33.78378378378379  23.679874080895562  61.724853000620875  42.02500808379698  28.78223133725137
33.833833833833836  23.666503547034228  61.682013424005746  41.95483451548218  28.798292475472973
33.88388388388388  23.653159073293878  61.63922361412695  41.88489859619303  28.814334930079095
33.933933933933936  23.639840566018652  61.59648354415435  41.815199140752746  28.83035874941587
33.98398398398399  23.62654793084655  61.553793187422094  41.745734968802715  28.846363981683417
34.034034034034036  23.613281072103064  61.51115251802113  41.676504903110406  28.862350674963256
34.08408408408408  23.60003989619682  61.46856150748086  41.60750777904518  28.87831887706487
34.13413413413413  23.586824309976556  61.42602012637486  41.53874243999328  28.894268635599957
34.18418418418419  23.573634220692057  61.383528344358936  41.470207737248835  28.91019999798418
34.234234234234236  23.56046953599415  61.34108613017121  41.401902530013885  28.926113011437177
34.28428428428428  23.547330163936614  61.29869345163427  41.333825685386586  28.942007722982737
34.334334334334336  23.534216013584405  61.2563502763518  41.26597607463015  28.95788417950841
34.38438438438439  23.521126994598625  61.21405657123322  41.19835257571887  28.973742427724826
34.434434434434436  23.508063016745698  61.17181230193155  41.13095407634889  28.98958251411761
34.48448448448448  23.495023990254392  61.12961743325229  41.06377947174827  29.005404484982368
34.53453453453454  23.482009825815826  61.087471929153416  40.996827664676935  29.021208386424686
34.58458458458458  23.469020434583452  61.0453757527454  40.93009756542671  29.03699426436011
34.63463463463464  23.45605572818026  61.00332886634781  40.86358809156056  29.052762164518487
34.68468468468469  23.44311561883331  60.96133123254456  40.79729816305095  29.068512132524212
34.73473473473474  23.430200019208364  60.919382812886575  40.73122670825701  29.084244213797533
34.78478478478478  23.417308842404893  60.87748356785271  40.665372664104  29.099958453551608
34.83483483483484  23.404442001995996  60.83563345716289  40.59973497464101  29.115654896816306
34.88488488488489  23.3915994120284  60.79383243977809  40.53431259104102  29.13133358843821
34.93493493493494  23.378780987022466  60.75208047390037  40.46910447160088  29.14699457308061
34.98498498498498  23.365986641865543  60.71037751716599  40.40410958096277  29.1626378952368
35.03503503503504  23.353216291250796  60.668723527662216  40.3393268860175  29.178263599299935
35.08508508508509  23.34046985062998  60.62711846220112  40.274755362860006  29.19387172944441
35.13513513513514  23.327747235967518  60.585562276765046  40.210393994994135  29.20946232965647
35.18518518518518  23.315048363650174  60.544054926670334  40.146241772673164  29.22503544374545
35.23523523523524  23.302373150487057  60.50259636656728  40.08229769289982  29.240591115343804
35.28528528528529  23.28972151370961  60.46118655044021  40.018560759426315  29.256129387907066
35.33533533533534  23.277093370918248  60.41982543193508  39.95502998119963  29.271650304740778
35.38538538538538  23.26448864000142  60.378512964856434  39.891704370004895  29.28715390904128
35.43543543543544  23.251907239354267  60.337249101825  39.82858294683277  29.302640243785504
35.48548548548549  23.239349087789062  60.29603379482737  39.76566473927213  29.31810935177609
35.53553553553554  23.22681410452837  60.25486699525813  39.702948781310184  29.333561275644865
35.585585585585584  23.21430220920503  60.21374865391986  39.64043411333238  29.348996057852823
35.63563563563564  23.201813321862183  60.172678721023146  39.578119782122535  29.36441374069015
35.685685685685684  23.189347362698754  60.13165714711178  39.516004836351335  29.37981436635584
35.73573573573574  23.17690425216443  60.090683882717585  39.45408832825953  29.395197976927996
35.78578578578579  23.16448391137209  60.049758876860814  39.39236932097002  29.410564614234737
35.83583583583584  23.15208626183315  60.008882078012526  39.33084688379536  29.425914319937053
35.885885885885884  23.139711225456622  59.968053434097875  39.26952009222152  29.44124713552907
35.93593593593594  23.127358724549104  59.92727289249616  39.208388027907965  29.456563102338063
35.98598598598599  23.115028681814813  59.886540400040765  39.14744977868757  29.471862261524464
36.03603603603604  23.10272102035556  59.8458559030192  39.086704438566734  29.487144654081824
36.086086086086084  23.090435663670757  59.80521934717308  39.026151107725234  29.50241032083687
36.13613613613614  23.078172535657423  59.76463067769813  38.96578889251636  29.517659302449463
36.18618618618619  23.06593156061017  59.72408983924421  38.905616905466836  29.532891639412608
36.23623623623624  23.053712662922415  59.68359677719511  38.845634258837514  29.548107372169213
36.286286286286284  23.041515766818335  59.64315143881677  38.785840058847064  29.563306541216832
36.33633633633634  23.02934079746197  59.60275376850651  38.72623342957333  29.57848918667429
36.38638638638639  23.01718768042069  59.56240371009121  38.666813501391516  29.593655348491282
36.43643643643644  23.00505634163585  59.522101206953074  38.607579410340975  29.608805066459915
36.486486486486484  22.992946707422764  59.48184620202964  38.548530298125215  29.623938380214657
36.53653653653654  22.980858704470712  59.44163863781376  38.48966531211194  29.63905532923237
36.58658658658659  22.96879225984296  59.40147845635368  38.430983605333005  29.654155952832284
36.63663663663664  22.95674730097673  59.36136559925293  38.372484336484455  29.669240290176013
36.68668668668669  22.944723755683214  59.32130000767038  38.31416666992649  29.68430838026756
36.73673673673674  22.932721552147573  59.281281622320286  38.25602977568349  29.699360261953295
36.786786786786784  22.920740618752674  59.24131038407178  38.198072826219736  29.714395973982015
36.83683683683684  22.908780883488177  59.20138623595894  38.140294985631634  29.729415555206156
36.88688688688689  22.896842275257406  59.161509118735346  38.08269543355106  29.744419044136745
36.93693693693694  22.884924723407906  59.121678972470995  38.02527335655918  29.759406479103244
36.986986986986985  22.87302815763604  59.08189573687677  37.96802794644108  29.774377898286094
37.037037037037045  22.861152507986958  59.04215935130447  37.91095840018573  29.78933333971666
37.08708708708709  22.84929770485463  59.002469754746876  37.854063919986025  29.804272841277268
37.13713713713714  22.837463678981834  58.962826885837686  37.79734371323877  29.8191964407012
37.187187187187185  22.825650361460145  58.92323068285149  37.74079699254467  29.83410417557268
37.23723723723724  22.813857683729946  58.883681083703856  37.68442297570835  29.848996083326888
37.28728728728729  22.802085577580428  58.84417802595126  37.62822088573836  29.863872201249944
37.33733733733734  22.790333975052548  58.80472144702274  37.5721899495636  29.878732566503697
37.387387387387385  22.778602807514616  58.76531128642617  37.516329385806976  29.893577216361628
37.43743743743744  22.76689200717912  58.72594748212805  37.460638424847076  29.908406187821747
37.48748748748749  22.755201506817464  58.68662997123436  37.405116305045475  29.92321951767938
37.53753753753754  22.743531239518244  58.64735869056744  37.3497622695495  29.93801724258889
37.58758758758759  22.731881138687246  58.60813357666599  37.29457556629227  29.952799399063647
37.63763763763764  22.720251138047463  58.56895456578513  37.23955544799276  29.967566023476035
37.68768768768769  22.708641171639073  58.52982159389634  37.1847011721557  29.98231715205746
37.73773773773774  22.697051173819446  58.49073459668748  37.13001200107165  29.99705282089835
37.78778778778779  22.685481079263145  58.45169350956279  37.07548720181696  30.011773065948155
37.83783783783784  22.673930822961946  58.41269826764288  37.021126046253805  30.026477923015324
37.887887887887885  22.662400342228466  58.37374879845636  36.96692785615665  30.041167426870604
37.93793793793794  22.650889567379377  58.334845055923005  36.91289179337947  30.05584161541674
37.98798798798799  22.639398436976677  58.29598696476099  36.85901720311901  30.070500522867267
38.03803803803804  22.627926886996313  58.25717445999457  36.805303369970886  30.085144184594096
38.088088088088085  22.616474853728118  58.21840747637634  36.75174958324238  30.09977263582962
38.138138138138146  22.605042273774338  58.17968594839277  36.698355136918586  30.1143859116674
38.18818818818819  22.593629084048107  58.141009810269715  36.6451193296286  30.128984047062836
38.23823823823824  22.582235221771963  58.10237899597784  36.59204146461157  30.14356707683383
38.288288288288285  22.570860624476317  58.063793439238125  36.539120849682895  30.15813503566147
38.33833833833834  22.559505229997985  58.02525307352736  36.486356797200365  30.17268795809071
38.38838838838839  22.548168976478653  57.98675783208365  36.4337486240303  30.18722587853101
38.43843843843844  22.53685180236338  57.948307647911825  36.38129565151365  30.201748831257046
38.48848848848849  22.52555364593806  57.909902454972475  36.32899719775019  30.2162568505677
38.53853853853854  22.514274445643526  57.871542187377244  36.276852582823636  30.230749970678335
38.58858858858859  22.50301414058707  57.83322677807738  36.22486113731551  30.245228225545308
38.63863863863864  22.491772670149423  57.7949561598743  36.17302219574783  30.259691649001066
38.68868868868869  22.48054997398229  57.75673026542748  36.12133509653321  30.27414027475519
38.73873873873874  22.469345992005863  57.718549027262455  36.069799181924935  30.28857413639537
38.78878878878879  22.458160664406382  57.68041237777877  36.01841379796704  30.302993267388423
38.83883883883884  22.446993931633646  57.642320249257935  35.96717829444441  30.317397701081276
38.88888888888889  22.435845734398555  57.60427257387136  35.916092024832814  30.331787470702015
38.93893893893894  22.424716013670647  57.56626928368836  35.865154346249085  30.34616260936082
38.988988988988986  22.413604710675614  57.52831031068404  35.81436461940112  30.360523150051044
39.03903903903905  22.402511766892854  57.49039558674735  35.76372220853798  30.374869125650157
39.08908908908909  22.391437124053  57.452525043688944  35.7132264814  30.38920056892078
39.13913913913914  22.380380724135442  57.41469861324921  35.66287680916887  30.403517512511687
39.189189189189186  22.369342509365868  57.376916227106165  35.61267256641768  30.417819988958797
39.23923923923925  22.358322422407443  57.33917781657325  35.56261313215607  30.432108030671124
39.28928928928929  22.347320406478744  57.301483312414256  35.512697890461276  30.44638166992239
39.33933933933934  22.336336404707918  57.26383264588218  35.46292622678983  30.46064093890212
39.38938938938939  22.325370360462113  57.22622574819541  35.41329752980458  30.474885869690805
39.43943943943944  22.314422217359787  57.18866255052195  35.36381119140837  30.489116494259747
39.48948948948949  22.303491919268915  57.151142983986354  35.31446660669782  30.503332844472027
39.53953953953954  22.292579410305194  57.11366697967657  35.2652631739174  30.51753495208345
39.58958958958959  22.28168463483027  57.07623446865084  35.21620029441319  30.53172284874349
39.63963963963964  22.27080753744994  57.038845381944526  35.16727737258693  30.545896565996255
39.68968968968969  22.259948063012345  57.001499650577024  35.11849381584984  30.56005613528142
39.73973973973974  22.249106156606206  56.96419720555862  35.06984903457656  30.57420158793519
39.78978978978979  22.238281763559023  56.92693797789735  35.02134244205907  30.588332955191248
39.83983983983984  22.227474829435284  56.889721898605906  34.97297345446065  30.60245026818171
39.88988988988989  22.216685300034673  56.852548898708484  34.92474149076966  30.61655355793807
39.93993993993995  22.20591312139029  56.81541890924763  34.87664597275363  30.630642855392153
39.98998998998999  22.19515823963667  56.778331860832324  34.82868632785506  30.644718191320496
40.04004004004004  22.184420600567233  56.7412876820912  34.78086199910583  30.658779596153764
40.09009009009009  22.173700150617048  56.70428630314978  34.7331724228317  30.672827100405545
40.14014014014015  22.16299683649951  56.66732765436296  34.68561703677645  30.6868607345162
40.190190190190194  22.15231060512962  56.630411666057896  34.63819528174889  30.70088052882121
40.24024024024024  22.141641403621303  56.59353826853758  34.59090660159708  30.71488651355182
40.29029029029029  22.13098917928472  56.55670739208465  34.54375044318256  30.72887871883553
40.34034034034035  22.12035387962357  56.51991896696503  34.49672625635466  30.742857174696677
40.390390390390394  22.109735452332405  56.48317292343165  34.44983349392473  30.756821911056996
40.44044044044044  22.099133845293945  56.44646919172817  34.40307161164034  30.7707729577362
40.490490490490494  22.08854900657638  56.40980770209262  34.3564400681596  30.784710344452485
40.54054054054054  22.077980884430694  56.37318838476116  34.30993832502538  30.798634100823158
40.590590590590594  22.06742942728795  56.33661116997175  34.263565846639544  30.812544256365143
40.64064064064064  22.056894583756623  56.300075987967844  34.21732210023724  30.82644084049558
40.690690690690694  22.046376302619908  56.263582769002134  34.17120655586108  30.840323882532342
40.74074074074074  22.035874532907766  56.22713144328769  34.125218686545146  30.854193411691448
40.790790790790794  22.02538922477784  56.19072194038093  34.07935797076751  30.868049457049807
40.84084084084085  22.014920328113515  56.154354190168334  34.03362388849987  30.88189204760562
40.890890890890894  22.00446779273626  56.11802812271906  33.98801592178485  30.895721212269738
40.94094094094094  21.994031568664795  56.081743668104714  33.94253355544479  30.90953697985503
40.990990990990994  21.983611606113836  56.04550075640203  33.897176277060005  30.923339379076907
41.04104104104105  21.973207855492838  56.00929931769549  33.851943576947036  30.937128438553778
41.091091091091094  21.96282026740474  55.97313928208018  33.80683494813693  30.95090418680756
41.14114114114114  21.95244879264469  55.937020579664335  33.76184988635348  30.9646666522642
41.19119119119119  21.942093382198813  55.90094314057212  33.716987889991515  30.97841586325416
41.24124124124125  21.931753987242907  55.86490689494626  33.67224846009509  30.992151848012906
41.291291291291294  21.92143055914123  55.82891177295084  33.627631100335854  31.00587463468142
41.34134134134134  21.91112304944521  55.79295770477388  33.583135316991246  31.019584251306686
41.391391391391394  21.900831409892195  55.75704462063012  33.53876061892272  31.03328072584221
41.44144144144145  21.8905555924042  55.721172450763675  33.49450651755411  31.046964086148506
41.491491491491495  21.880295549101387  55.68534112544333  33.45037252686608  31.060634359993262
41.54154154154154  21.87005123363427  55.649550574298146  33.40635816484711  31.074291575023743
41.591591591591595  21.859822599743005  55.613800727040264  33.362462951881994  31.087935758797627
41.64164164164164  21.84960960066064  55.578091513765614  33.3186864100725  31.101566938796086
41.691691691691695  21.839412189856773  55.54242286458385  33.27502806403827  31.11518514240858
41.74174174174174  21.82923032103866  55.50679470961989  33.2314874408977  31.12879039693329
41.791791791791795  21.819063948152248  55.47120697901545  33.188064070248785  31.142382729577566
41.84184184184184  21.808913025383287  55.43565960293061  33.14475748414991  31.155962167458373
41.891891891891895  21.79877750715837  55.40015251154525  33.10156721710073  31.16952873760277
41.94194194194195  21.788657348146028  55.364685635060674  33.05849280602296  31.183082466948324
41.991991991991995  21.778552503257792  55.32925890370108  33.0155337902413  31.196623382343574
42.04204204204204  21.768462927649278  55.293872247715115  32.97268971146417  31.210151510548474
42.092092092092095  21.75838857672124  55.258525597377385  32.9299601137646  31.223666878234866
42.14214214214215  21.74832940612066  55.223218882990004  32.88734454356107  31.2371695119869
42.192192192192195  21.738285371741824  55.18795203488411  32.84484254959834  31.250659438301497
42.24224224224224  21.72825642972737  55.15272498342142  32.80245368292827  31.26413668358881
42.292292292292295  21.718242519014527  55.1175376704453  32.76017741237134  31.277601276265706
42.34234234234235  21.708243629787003  55.082390001109  32.718013491655725  31.29105323770035
42.392392392392395  21.698259695987833  55.04728192150782  32.67596136120145  31.304492596947068
42.44244244244244  21.688290673881635  55.0122133621463  32.63402058308152  31.31791938003065
42.492492492492495  21.678336519839117  54.97718425361255  32.59219072142653  31.331333612895712
42.54254254254254  21.668397190337103  54.94219452657832  32.55047134242467  31.34473532140674
42.592592592592595  21.658472641958497  54.90724411179897  32.508862014321714  31.35812453134805
42.64264264264264  21.64856283139231  54.87233294011342  32.46736230742101  31.371501268423817
42.692692692692695  21.638667715433648  54.83746094244426  32.42597179408353  31.384865558258074
42.74274274274274  21.62878725098373  54.802628049797676  32.38469004872781  31.398217426394677
42.792792792792795  21.61892139504985  54.76783419326344  32.343516647829986  31.411556898297363
42.84284284284285  21.609070104745413  54.73307930401494  32.30245116992377  31.42488399934968
42.892892892892895  21.59923333728993  54.698363313309216  32.26149319560049  31.438198754855055
42.94294294294294  21.589411050009  54.66368615248684  32.22064230750904  31.45150119003676
42.992992992992995  21.579603200334326  54.629047752972056  32.179898090355906  31.464791330037897
43.04304304304305  21.569809745955357  54.59444804618489  32.1392601311819  31.47806919991673
43.093093093093096  21.560030645089164  54.55988696338486  32.09872801985461  31.491334824638265
43.14314314314314  21.55026585574098  54.52536443609924  32.05830134771904  31.50458822909723
43.193193193193196  21.54051533601299  54.49088039594417  32.01797970816107  31.517829438108503
43.24324324324325  21.530779044135016  54.456434774606954  31.977762696663532  31.53105847640613
43.293293293293296  21.52105693846453  54.42202750384604  31.937649910806115  31.54427536864333
43.34334334334334  21.511348977486637  54.387658515490976  31.897640950265426  31.557480139392506
43.393393393393396  21.501655119814096  54.35332774144245  31.857735416814982  31.570672813145254
43.44344344344345  21.4919753241873  54.319035113672314  31.817932914325198  31.583853414312333
43.493493493493496  21.482309549757662  54.28478056415787  31.778233048600008  31.59702196722767
43.54354354354354  21.4726577581032  54.250564024415006  31.738635426214813  31.61017849617657
43.593593593593596  21.463019909808338  54.21638542629048  31.69913965648836  31.623323025347837
43.64364364364364  21.453395965252728  54.18224470177919  31.659745351027947  31.63645557884477
43.693693693693696  21.44378588504463  54.14814178292379  31.62045212347956  31.64957618069128
43.74374374374375  21.434189630020928  54.114076601814624  31.58125958952785  31.66268485483186
43.793793793793796  21.42460716124711  54.08004909058986  31.542167366896198  31.67578162513159
43.84384384384384  21.415038440017298  54.04605918143536  31.503175075346643  31.68886651537618
43.893893893893896  21.40548342785421  54.01210680658472  31.464282336679915  31.7019395492719
43.94394394394395  21.39594208645667  53.978191898335986  31.42548877467996  31.7150007504472
43.993993993993996  21.386414375661168  53.944314389698576  31.386794012960397  31.728050142513844
44.04404404404404  21.3769002558117  53.91047421364118  31.34819767746819  31.741087748995827
44.094094094094096  21.367399688243015  53.87667130293826  31.30969939699415  31.75411359331487
44.14414414414415  21.357912634417634  53.842905590444104  31.27129880226123  31.767127698816328
44.194194194194196  21.348439055925873  53.80917700909268  31.23299552592457  31.780130088769162
44.24424424424424  21.33897891448582  53.775485491897754  31.194789202571464  31.79312078636596
44.294294294294296  21.329532171943356  53.74183097195279  31.156679468721364  31.806099814722934
44.34434434434435  21.320098790272155  53.70821338243103  31.118665962825915  31.819067196879903
44.394394394394396  21.310678731573653  53.67463265658548  31.0807483252689  31.83202295580031
44.44444444444444  21.30127195817461  53.64108872779653  31.04292619685067  31.844967114412366
44.4944944944945  21.29187843259625  53.60758152955696  31.00519921926702  31.85789969559603
44.54454454454455  21.282498117397868  53.57411099539543  30.967567037540437  31.870820722117035
44.5945945945946  21.273130975273194  53.54067705892358  30.93002929852234  31.883730216667534
44.64464464464465  21.263776969050674  53.5072796538362  30.892585650888407  31.896628201866232
44.6946946946947  21.254436061693482  53.47391871391122  30.855235745138643  31.909514700258363
44.74474474474474  21.245108216299517  53.44059417300969  30.8179792335973  31.92238973431574
44.7947947947948  21.23579339610141  53.407305965075835  30.78081577041294  31.93525332643669
44.84484484484485  21.226491564466514  53.374054024136996  30.743745011558392  31.94810549894612
44.8948948948949  21.217202685036746  53.34083828429878  30.706766614072517  31.96094627411632
44.94494494494494  21.207926721941686  53.30765867973762  30.669880234904703  31.973775674198816
44.994994994995  21.19866363916988  53.2745151447227  30.63308553432391  31.986593721330525
45.04504504504505  21.18941340084019  53.241407613606505  30.596382174447225  31.999400437574256
45.0950950950951  21.180175971224802  53.208336020824035  30.55976981911533  32.012195844922125
45.14514514514514  21.170951314749185  53.175300300892744  30.523248133892427  32.02497996529559
45.1951951951952  21.161739395992118  53.14230038841261  30.486816786066274  32.03775282054542
45.24524524524525  21.152540179685683  53.10933621806607  30.4504754446482  32.05051443245169
45.2952952952953  21.143353630715264  53.0764077246181  30.414223780373067  32.06326482272382
45.34534534534534  21.13417971405122  53.04351484294479  30.378061465409708  32.07600401300882
45.3953953953954  21.125018394317543  53.01065750821431  30.341988171532616  32.088732024943674
45.44544544544545  21.11586963654526  52.9778356555709  30.306003573315376  32.10144888006389
45.4954954954955  21.106733405983288  52.94504922021421  30.270107347328796  32.114154599826456
45.545545545545544  21.097609668011312  52.912298137435826  30.23429917177176  32.12684920562041
45.5955955955956  21.088498388139794  52.87958234261928  30.198578726471187  32.139532718766866
45.64564564564565  21.079399532009962  52.84690177124005  30.162945692882076  32.15220516051896
45.6956956956957  21.070313065393822  52.81425635886552  30.12739975408747  32.164866552061895
45.74574574574575  21.061238954194145  52.781646041155085  30.091940594798462  32.17751691451294
45.7957957957958  21.052177164437445  52.74907075386599  30.056567901218667  32.19015626892534
45.845845845845844  21.043127662182318  52.71653043293095  30.021281359279268  32.202784636339324
45.8958958958959  21.034090413653274  52.68402501434491  29.986080657216142  32.21540203770765
45.94594594594595  21.02506538522702  52.65155443417659  29.950965485306014  32.22800849390316
45.995995995996  21.01605254340656  52.61911862859047  29.91593553536727  32.240604025733276
46.046046046046044  21.00705185482117  52.58671753384675  29.880990500759953  32.25318865393995
46.096096096096105  20.99806328622643  52.5543510863014  29.846130076385737  32.26576239919971
46.14614614614615  20.989086804504186  52.522019222406094  29.81135395868799  32.2783252821236
46.1961961961962  20.980122376662585  52.48972187870826  29.77666184565172  32.29087732325726
46.246246246246244  20.971169969835522  52.457458991852405  29.742053436755135  32.303418543082294
46.2962962962963  20.962229551264723  52.42523049862491  29.707528431343338  32.31594896206407
46.34634634634635  20.95330108832112  52.39303633590063  29.673086530567343  32.32846860059478
46.3963963963964  20.94438454850825  52.3608764406343  29.638727437694346  32.340977478984264
46.446446446446444  20.93547989945505  52.32875074987867  29.604450857451546  32.3534756174793
46.4964964964965  20.92658710891582  52.296659200784454  29.57025649602611  32.36596303626365
46.54654654654655  20.917706144770282  52.264601730600404  29.536144061065237  32.37843975545801
46.5965965965966  20.908836975023505  52.232578276673216  29.502113261676083  32.39090579512002
46.64664664664665  20.89997956780597  52.200588776447574  29.468163808425814  32.4033611752443
46.6966966966967  20.891133891372853  52.1686331674665  29.434295413334965  32.41580591576262
46.74674674674675  20.882299913963138  52.13671138743382  29.40050778852497  32.42824003658454
46.7967967967968  20.873477603921526  52.104823374160105  29.366800647388214  32.440663557562274
46.84684684684685  20.864666929794755  52.07296906551988  29.33317370551307  32.453076498462856
46.8968968968969  20.855867860246978  52.041148399489195  29.299626679871423  32.46547887899257
46.946946946946944  20.84708036405978  52.00936131414562  29.266159288818663  32.477870718796986
46.996996996997005  20.838304410132157  51.97760774766826  29.232771252093674  32.49025203746088
47.04704704704705  20.829539967480525  51.94588763833774  29.19946229081886  32.50262285450832
47.0970970970971  20.820787005238717  51.914200924536225  29.166232127500123  32.514983189402585
47.147147147147145  20.81204549265799  51.88254754474739  29.13308048602687  32.527333061546265
47.197197197197205  20.80331539920362  51.85092743751293  29.100007093060004  32.539672490238765
47.24724724724725  20.794596693834578  51.819340541757015  29.06701166768173  32.55200149499253
47.2972972972973  20.785889346381342  51.78778679616569  29.034093941193277  32.56432009492828
47.347347347347345  20.777193326494785  51.756266139660276  29.001253642011296  32.57662830923631
47.3973973973974  20.76850860394158  51.72477851126438  28.968490499912733  32.588926157046934
47.44744744744745  20.759835148603653  51.69332385010413  28.935804246026958  32.601213657430655
47.4974974974975  20.75117293047764  51.661902095408344  28.903194612827907  32.61349082939841
47.54754754754755  20.742521919674346  51.63051318650889  28.870661334126208  32.62575769190182
47.5975975975976  20.733882086418188  51.599157062840845  28.83820414506136  32.638014263833426
47.64764764764765  20.72525340095642  51.56783366397033  28.80582278097109  32.65026056406203
47.6976976976977  20.716635833540966  51.536542929600174  28.773516977163993  32.662496611439735
47.74774774774775  20.70802935467602  51.5052847994943  28.74128647199996  32.67472242470576
47.7977977977978  20.699433934976483  51.47405921352109  28.709131005126995  32.6869380225415
47.84784784784785  20.69084954516351  51.442866111654816  28.677050317425493  32.699143423572245
47.8978978978979  20.682276156063875  51.4117054339759  28.645044150998544  32.711338646367516
47.94794794794795  20.67371373860924  51.38057712067123  28.61311224916226  32.723523709441324
47.997997997998  20.665162263835484  51.349481112034425  28.58125435643609  32.73569863125248
48.048048048048045  20.65662170288198  51.31841734846618  28.54947021853311  32.747863430204895
48.098098098098106  20.64809202699094  51.287385770474486  28.517759582350333  32.76001812464788
48.14814814814815  20.63957320750669  51.25638631867498  28.48612219595905  32.77216273287643
48.1981981981982  20.631065215874973  51.22541893379119  28.454557808595112  32.78429727313154
48.248248248248245  20.622568023642295  51.19448355665488  28.423066170649246  32.79642176360049
48.298298298298306  20.61408160245518  51.163580128206284  28.391647033657367  32.80853622241715
48.34834834834835  20.60560592405951  51.13270858949445  28.3603001502909  32.82064066766225
48.3983983983984  20.597140960299825  51.10186888167747  28.329025274347064  32.83273511736373
48.44844844844845  20.588686683118613  51.07106094602284  28.297822160739212  32.844819589496986
48.4984984984985  20.58024306455564  51.0402847239077  28.26669056548712  32.8568941019852
48.54854854854855  20.571810076747237  51.00954015681915  28.235630245707316  32.868958672699605
48.5985985985986  20.563387692012775  50.978827186306646  28.204640959186545  32.8810133194771
48.64864864864865  20.554975882847902  50.94814575398563  28.173722464401113  32.89305806011927
48.6986986986987  20.54657462172385  50.9174958016477  28.142874521463636  32.905092912353155
48.74874874874875  20.538183881207658  50.88687727119447  28.112096891535113  32.91711789385542
48.7987987987988  20.52980363396348  50.856290104636756  28.081389336805625  32.9291330222531
48.84884884884885  20.521433852752025  50.82573424409478  28.05075162048397  32.9411383151239
48.8988988988989  20.513074510430005  50.795209631798436  28.020183506787447  32.953133789996535
48.94894894894895  20.50472557994956  50.76471621008744  27.989684760931468  32.96511946435103
48.99899899899901  20.49638703435768  50.73425392141162  27.959255149119308  32.97709535561906
49.04904904904905  20.488058846795656  50.70382270833111  27.928894438531785  32.98906148118428
49.0990990990991  20.47974099049851  50.67342251351656  27.898602397316946  33.00101785838261
49.149149149149146  20.47143343879443  50.643053279749374  27.86837879457978  33.0129645045026
49.19919919919921  20.463136165104196  50.61271494992187  27.838223400371895  33.02490143678575
49.24924924924925  20.45484914294063  50.58240746703766  27.80813598568124  33.03682867242677
49.2992992992993  20.44657234590802  50.55213077421166  27.778116322421774  33.048746228574025
49.349349349349346  20.438305747701552  50.52188481467047  27.748164183423185  33.060654122329716
49.39939939939941  20.43004932210675  50.491669531752514  27.71827934242056  33.07255237075031
49.44944944944945  20.421803042998913  50.461484868908315  27.688461574044116  33.0844409908468
49.4994994994995  20.413566884342547  50.431330769700644  27.658710653808864  33.096319999585084
49.54954954954955  20.405340820156287  50.401207177704414  27.62902636099296  33.10818941380108
49.5995995995996  20.397124824522862  50.37111403653746  27.59940847774675  33.120049250227034
49.64964964964965  20.38891887165353  50.341051290049926  27.569856783640343  33.13189952565226
49.6996996996997  20.380722935845416  50.31101888220199  27.540371059177826  33.14374025681959
49.74974974974975  20.372536991480562  50.28101675706303  27.51095108581796  33.15557146042476
49.7997997997998  20.364361013025345  50.25104485881165  27.481596645967755  33.1673931531166
49.84984984984985  20.356194975029826  50.22110313173584  27.452307522976025  33.17920535149728
49.89989989989991  20.348038852127168  50.19119152023298  27.423083501126964  33.19100807212252
49.94994994994995  20.339892619033023  50.161309968809995  27.393924365633712  33.202801331501746
50.0  20.3317562505449  50.13145842208343  27.364829902631932  33.21458514609837
