Initial conditions: Te0=80000.0, Ti0=120000.0, rho0=1000.0, Rh0=1.0
t (ps), Te (keV), Ti (keV), rho (g/cm^3), Rh (um)
0.0, 80000.0, 120000.0, 1000.0, 1.0
0.1001001001001001, 75.09392322996216, 98242.24893882689, 550.5865899237231, 1.22072973809545
0.2002002002002002, 0.0, -9.270873483e-315, 8.41575e-318, 0.0
0.3003003003003003, 0.0, 0.0, 0.0, 0.0
0.4004004004004004, 0.0, 3.35661361058725e-277, 0.0, 1.3582537709725701e-306
0.5005005005005005, 2.194e-320, 0.0, 1.379297263e-315, 1.482196938e-315
0.6006006006006006, 2.63317e-319, 2.5729406e-316, 3.440865907e-315, 4.3458485455756e-305
0.7007007007007008, 3.673645e-318, 7.555912938440595e-307, 0.0, -7.634139173815259e+121
0.8008008008008008, 6e-323, 6.7292e-319, 1.358077306e-315, 2.32210854e-316
0.9009009009009009, 5.48576e-319, 5.868601725312167e-152, 1.023607312092907e-309, 2.5588892632249363e-301
1.001001001001001, 9.5877043644e-314, 8.0536461475e-314, 1.11261026651609e-309, 2.461548792278216e-306
1.1011011011011012, 0.0, 0.0, 1.023607312092907e-309, 2.5588892632249363e-301
1.2012012012012012, 9.5877043644e-314, 8.0536461475e-314, 1.11261026651609e-309, 2.461548792278216e-306
1.3013013013013013, 0.0, 0.0, 0.0, 0.0
1.4014014014014016, 0.0, 0.0, 0.0, 0.0
1.5015015015015014, 0.0, 0.0, 1.8692019252016e-309, 2.4191066099475822e-306
1.6016016016016017, 0.0, 0.0, 0.0, 0.0
1.7017017017017018, 0.0, 0.0, 2.0706163886079167e+216, 1.2841260201e-313
1.8018018018018018, 0.0, 0.0, 0.0, 0.0
1.901901901901902, 0.0, 0.0, 6.63273e-319, 2.0303150020537527e-292
2.002002002002002, 9.509e-320, 2.926e-320, 9.9733802e-316, 6.365987373216959e-306
2.1021021021021022, 2.63317e-319, -1.0650276763224291e+301, 7.745183829940618e-124, 5.56295626172943e-302
2.2022022022022023, 4.98109e-318, -1.1108371675713166e-238, 3.82111907e-316, 2.2380086527135447e-147
2.3023023023023024, 3.348642254452189e-277, 8.8504e-319, 8.4879836e-317, 9.9733802206988e-307
2.4024024024024024, 0.0, -1.0818369096595343e+51, 7.56577488064e-310, 1.3351237636939663e-300
2.5025025025025025, 1.5340652322e-313, 3.835200386e-315, 1.112610945513293e-309, 1.0681053941526812e-300
2.6026026026026026, 0.0, 0.0, 7.56577397868737e-310, 1.3351237636939663e-300
2.702702702702703, 1.5340652322e-313, 3.835200386e-315, 1.112610945513293e-309, 1.0681053941526812e-300
2.802802802802803, 0.0, 0.0, 0.0, 0.0
2.9029029029029028, 0.0, 0.0, 0.0, 0.0
3.003003003003003, 0.0, 0.0, 9.3458670174258e-310, 7.565984492792735e-301
3.1031031031031033, 0.0, 0.0, 0.0, 0.0
3.2032032032032034, 0.0, 0.0, -6.167696136674277e-226, 8.415764746520614e-309
3.3033033033033035, 0.0, 0.0, 0.0, 0.0
3.4034034034034035, 0.0, 0.0, 3.895190658021102e-273, 0.0
3.503503503503504, 1.17044e-319, 2.194e-320, 0.0, 1.3792972643596379e-306
3.6036036036036037, 0.0, 2.63317e-319, 2.985775389217e-312, 4.332104141531954e-306
3.703703703703704, 3.74496e-318, 3.673645e-318, 8.768278063880403e-303, 8.8931816e-317
3.803803803803804, -6.578588240136097e+108, 6e-323, 7.80894451e-315, 1.3580773062375369e-306
3.903903903903904, 0.0, 5.48576e-319, 6.810232998347473e-148, 1.0236073120929073e-300
4.004004004004004, 2.205078848e-314, 9.5877043644e-314, 9.3458738111281e-310, 1.112610266516091e-300
4.104104104104104, 2.1212e-319, 0.0, 0.0, 1.0236073120929073e-300
4.2042042042042045, 2.205078848e-314, 9.5877043644e-314, 9.3458738111281e-310, 1.112610266516091e-300
4.3043043043043046, 2.1212e-319, 0.0, 0.0, 0.0
4.404404404404405, 0.0, 0.0, 0.0, 0.0
4.504504504504505, 0.0, 0.0, 0.0, 1.8692019252015996e-300
4.604604604604605, 2.0846e-319, 0.0, 0.0, 0.0
4.704704704704705, 0.0, 0.0, 0.0, 5.515348342868372e-304
4.804804804804805, 0.0, 0.0, 0.0, 0.0
4.904904904904906, 0.0, 0.0, 0.0, 6.6327342609259e-310
5.005005005005005, 1.7495890619986662e-305, 9.509e-320, 3.3951933e-316, 9.97338021753678e-307
5.105105105105106, 5.48576e-319, 2.63317e-319, -1.235914030217871e+305, 7.745183829940617e-115
5.205205205205205, 4.793781957e-315, 4.98109e-318, -1.2890737688897725e-234, 3.821119059458936e-307
5.305305305305305, 1.9285654962334383e-160, 3.348642254452189e-277, 1.0270459627e-314, 8.487983345677247e-308
5.405405405405406, 8.5943e-320, 0.0, -8.814425663403075e-283, 3.226465966508099e-301
5.505505505505505, 1.6107526369e-313, 1.1888414249e-313, 8.4559936636891e-310, 1.2906114216981345e-300
5.605605605605606, 8.820742551e-314, 5e-324, 0.0, 3.2264657410199394e-301
5.705705705705706, 1.6107526369e-313, 1.1888414249e-313, 8.4559936636891e-310, 1.2906114216981345e-300
5.8058058058058055, 8.820742551e-314, 5e-324, 0.0, 0.0
5.9059059059059065, 0.0, 0.0, 0.0, 0.0
6.006006006006006, 0.0, 0.0, 0.0, 9.345867017425795e-301
6.106106106106107, 6.519857115e-314, 0.0, 0.0, 0.0
6.206206206206207, 0.0, 0.0, 0.0, 2.6702023691830374e-301
6.306306306306307, 3.6432982832e-314, 1.72578111e-314, 1.0013248281063e-310, 0.0
6.406406406406407, 0.0, 0.0, 0.0, 3.8951906580211016e-264
6.506506506506507, 0.0, 1.17044e-319, 2.54639497e-316, 7.9050503e-317
6.606606606606607, 1.18857e-319, 0.0, 3.05567394e-315, 2.9857753892170337e-303
6.706706706706707, 2.4531e-319, 3.74496e-318, 4.263089545e-314, 8.768278063880402e-294
6.806806806806807, 0.0, -6.578588240136097e+108, 6.6326e-319, 7.80894451314348e-306
6.906906906906907, 1.1703e-319, 0.0, 6.365987374e-315, 6.810229108076948e-139
7.007007007007008, 1.0738114896e-313, 3.83524062e-315, 1.068114221717335e-309, 4.22774898247711e-301
7.107107107107107, 1.0738161711e-313, 1.5340570407e-313, 0.0, 0.0
7.207207207207207, 1.0738114896e-313, 3.83524062e-315, 1.068114221717335e-309, 4.22774898247711e-301
7.307307307307307, 1.0738161711e-313, 1.5340570407e-313, 0.0, 0.0
7.407407407407408, 0.0, 0.0, 0.0, 0.0
7.507507507507508, 0.0, 0.0, 0.0, 0.0
7.607607607607608, 1.61075263676e-313, 2.0846e-319, 0.0, 0.0
7.707707707707708, 0.0, 0.0, 0.0, 0.0
7.807807807807808, 7.26e-322, 0.0, 0.0, 0.0
7.907907907907909, 0.0, 0.0, 0.0, 0.0
8.008008008008009, 6e-323, 1.7495890619986662e-305, 1.10343781e-315, 3.3951932661373145e-307
8.108108108108109, 8.5943e-320, 5.48576e-319, 3.05567394e-315, -inf
8.208208208208209, 6.674279064246545e-128, 4.793781957e-315, 5.7803165354e-314, -1.2890737688897724e-225
8.308308308308309, 3.293e-320, 1.9285654962334383e-160, 3.885940277860837e-273, 1.0270459628271918e-305
8.408408408408409, 7.31e-321, 8.5943e-320, 0.0, -1.482196938e-315
8.508508508508509, 2.7803516e-314, 1.6107526369e-313, 1.379594004350417e-309, 8.455993663689073e-301
8.608608608608609, 1.11216221347e-313, 8.820742551e-314, 3.756e-320, 0.0
8.70870870870871, 2.780351405e-314, 1.6107526369e-313, 1.379594004350417e-309, 8.455993663689073e-301
8.80880880880881, 1.11216221347e-313, 8.820742551e-314, 3.756e-320, 0.0
8.90890890890891, 0.0, 0.0, 0.0, 0.0
9.00900900900901, 0.0, 0.0, 0.0, 0.0
9.10910910910911, 8.0536402933e-314, 6.519857115e-314, 0.0, 0.0
9.20920920920921, 0.0, 0.0, 0.0, 0.0
9.30930930930931, -2.7642952214335516e-258, 0.0, 0.0, 0.0
9.40940940940941, 0.0, 0.0, 0.0, 0.0
9.50950950950951, 3.35661361058725e-277, 0.0, 1.35825377e-315, 2.546394951727468e-307
9.60960960960961, 0.0, 1.18857e-319, 0.0, 3.0556739397014467e-306
9.70970970970971, 2.5729406e-316, 2.3434e-319, 4.345848546e-314, 4.263089545395067e-305
9.809809809809812, 7.555912938440595e-307, 0.0, -7.634139173815259e+112, 6.63260763190086e-310
9.90990990990991, 6.7292e-319, 1.1703e-319, 0.0, 6.365987372895817e-306
10.01001001001001, 5.868600553009682e-152, 1.0738114896e-313, 4.4506145636654e-311, 1.0681142217173337e-300
10.11011011011011, 3.6431900315e-314, 1.0738161711e-313, 1.78020032898007e-309, 0.0
10.210210210210212, 0.0, 1.0738114896e-313, 4.4506145636654e-311, 1.0681142217173337e-300
10.310310310310312, 3.6431900315e-314, 1.0738161711e-313, 1.78020032898007e-309, 0.0
10.41041041041041, 0.0, 0.0, 0.0, 0.0
10.51051051051051, 0.0, 0.0, 0.0, 0.0
10.61061061061061, 0.0, 1.61075263676e-313, 2.41910661e-315, 0.0
10.710710710710712, 0.0, 0.0, 0.0, 0.0
10.810810810810812, 0.0, 7.26e-322, 0.0, 0.0
10.91091091091091, 0.0, 0.0, 0.0, 0.0
11.01101101101101, 0.0, 6e-323, 2.0303150020537527e-301, 1.1034378116181436e-306
11.11111111111111, 2.926e-320, 8.5943e-320, 6.365987374e-315, 3.055673938989992e-306
11.211211211211213, -1.0650276763224291e+301, 6.674279064246545e-128, 5.562956261729e-311, 5.780316535601248e-305
11.311311311311313, -1.1108371675713166e-238, 3.293e-320, 2.2380086527135448e-156, 3.8859402778608376e-264
11.411411411411413, 8.8504e-319, 7.31e-321, 9.9733802e-316, 0.0
11.511511511511511, -4.117626291626646e-306, 2.7803516e-314, 1.869201925346663e-309, 1.3795940043504148e-300
11.611611611611611, 7.286807223e-314, 1.11216221347e-313, 1.023605275090926e-309, 3.756025378066e-311
11.711711711711713, 0.0, 2.780351405e-314, 1.869201925346663e-309, 1.3795940043504148e-300
11.811811811811813, 7.286807223e-314, 1.11216221347e-313, 1.023605275090926e-309, 3.756025378066e-311
11.911911911911913, 0.0, 0.0, 0.0, 0.0
12.012012012012011, 0.0, 0.0, 0.0, 0.0
12.112112112112113, 0.0, 8.0536402933e-314, 7.56598449279274e-310, 5.63234836e-316
12.212212212212213, 0.0, 0.0, 0.0, 0.0
12.312312312312313, 0.0, 1.05455820703105e+174, 1.068110826140696e-309, 8.700500062794479e-307
12.412412412412413, 0.0, 0.0, 0.0, 0.0
12.512512512512513, 0.0, 3.35661361058725e-277, 0.0, 1.3582537709725701e-306
12.612612612612613, 2.194e-320, 0.0, 1.379297263e-315, 1.482196938e-315
12.712712712712714, 2.63317e-319, 2.5729406e-316, 2.761827257e-315, 4.3458485455756e-305
12.812812812812814, 3.673645e-318, 7.555912938440595e-307, 0.0, -7.634139173815259e+121
12.912912912912914, 6e-323, 6.7292e-319, 1.358077306e-315, 2.32210854e-316
13.013013013013014, 5.48576e-319, 5.868600696976654e-152, 1.246107228311214e-309, 4.450614563665223e-302
13.113113113113114, 9.20429075e-314, 3.6431900315e-314, 1.246112660952007e-309, 1.7802003289800703e-300
13.213213213213214, 0.0, 0.0, 1.246107228311214e-309, 4.450614563665223e-302
13.313313313313314, 9.20429075e-314, 3.6431900315e-314, 1.246112660952007e-309, 1.7802003289800703e-300
13.413413413413414, 0.0, 0.0, 0.0, 0.0
13.513513513513514, 0.0, 0.0, 0.0, 0.0
13.613613613613614, 0.0, 0.0, 1.8692019252016e-309, 2.4191066099475822e-306
13.713713713713714, 0.0, 0.0, 0.0, 0.0
13.813813813813814, 0.0, 0.0, 3.3377347141801e-310, 6.897963234007644e-301
13.913913913913914, 1.0066969916e-314, 0.0, 0.0, 0.0
14.014014014014016, 0.0, 0.0, 6.63273e-319, 2.0303150020537527e-292
14.114114114114114, 9.509e-320, 2.926e-320, 9.9733802e-316, 6.365987373216959e-306
14.214214214214214, 2.63317e-319, -1.0650276763224291e+301, 7.745183829940618e-124, 5.562956261729382e-302
14.314314314314315, 4.98109e-318, -1.1108371675713166e-238, 3.82111907e-316, 2.2380086527135447e-147
14.414414414414415, 3.348642254452189e-277, 8.8504e-319, 8.4879836e-317, 9.9733802206988e-307
14.514514514514516, 0.0, -9.754469780095585e-80, 3.2264659665081e-310, 1.869201925346663e-300
14.614614614614615, 1.1888414249e-313, 7.286807223e-314, 1.290611421698134e-309, 1.0236052750909269e-300
14.714714714714717, 5e-324, 0.0, 3.22646574101995e-310, 1.869201925346663e-300
14.814814814814817, 1.1888414249e-313, 7.286807223e-314, 1.290611421698134e-309, 1.0236052750909269e-300
14.914914914914917, 5e-324, 0.0, 0.0, 0.0
15.015015015015017, 0.0, 0.0, 0.0, 0.0
15.115115115115117, 0.0, 0.0, 9.3458670174258e-310, 7.565984492792735e-301
15.215215215215215, 0.0, 0.0, 0.0, 0.0
15.315315315315315, 0.0, 0.0, 2.7710673342044117e+70, 8.415779059602374e-309
15.415415415415415, 0.0, 0.0, 0.0, 0.0
15.515515515515515, 0.0, 0.0, 3.895190658021102e-273, 0.0
15.615615615615615, 1.17044e-319, 2.194e-320, 0.0, 1.3792972643596379e-306
15.715715715715717, 0.0, 2.63317e-319, 2.985775389217e-312, 3.7591652779713307e-306
15.815815815815817, 3.74496e-318, 3.673645e-318, 8.768278063880403e-303, 8.8931816e-317
15.915915915915917, -6.578588240136097e+108, 6e-323, 7.80894451e-315, 1.3580773062375369e-306
16.016016016016017, 0.0, 5.48576e-319, 6.810232950614093e-148, 1.2461072283112151e-300
16.116116116116117, 3.83524062e-315, 9.20429075e-314, 4.22774898247713e-310, 1.2461126609520076e-300
16.216216216216218, 1.5340570407e-313, 0.0, 0.0, 1.2461072283112151e-300
16.316316316316318, 3.83524062e-315, 9.20429075e-314, 4.22774898247713e-310, 1.2461126609520076e-300
16.416416416416418, 1.5340570407e-313, 0.0, 0.0, 0.0
16.516516516516518, 0.0, 0.0, 0.0, 0.0
16.616616616616618, 0.0, 0.0, 0.0, 1.8692019252015996e-300
16.716716716716718, 2.0846e-319, 0.0, 0.0, 0.0
16.816816816816818, 0.0, 0.0, 0.0, 7.601308292305606e-304
16.916916916916918, 0.0, 0.0, 0.0, 0.0
17.017017017017018, 0.0, 0.0, 0.0, 6.6327342609259e-310
17.117117117117118, 1.7495890619986662e-305, 9.509e-320, 3.3951933e-316, 9.97338021753678e-307
17.217217217217218, 5.48576e-319, 2.63317e-319, -1.235914030217871e+305, 7.745183829940617e-115
17.31731731731732, 4.793781957e-315, 4.98109e-318, -1.2890737688897725e-234, 3.821119059458936e-307
17.41741741741742, 1.9285654962334383e-160, 3.348642254452189e-277, 1.0270459627e-314, 8.487983345677247e-308
17.51751751751752, 8.5943e-320, 0.0, -6.40666590458635e-148, 3.226465966508099e-301
17.61761761761762, 1.6107526369e-313, 1.1888414249e-313, 8.4559936636891e-310, 1.2906114216981345e-300
17.71771771771772, 8.820742551e-314, 5e-324, 0.0, 3.2264657410199394e-301
17.81781781781782, 1.6107526369e-313, 1.1888414249e-313, 8.4559936636891e-310, 1.2906114216981345e-300
17.91791791791792, 8.820742551e-314, 5e-324, 0.0, 0.0
18.01801801801802, 0.0, 0.0, 0.0, 0.0
18.11811811811812, 0.0, 0.0, 0.0, 9.345867017425795e-301
18.21821821821822, 6.519857115e-314, 0.0, 0.0, 0.0
18.31831831831832, 0.0, 0.0, 0.0, -1.07584083164128e-301
18.41841841841842, 7.26e-322, 0.0, 0.0, 0.0
18.518518518518523, 0.0, 0.0, 0.0, 3.8951906580211016e-264
18.61861861861862, 0.0, 1.17044e-319, 2.54639497e-316, 7.9050503e-317
18.71871871871872, 1.18857e-319, 0.0, 3.05567394e-315, 2.9857753892170337e-303
18.81881881881882, 2.9651e-319, 3.74496e-318, 4.263089545e-314, 8.768278063880402e-294
18.91891891891892, 0.0, -6.578588240136097e+108, 6.6326e-319, 7.80894451314348e-306
19.01901901901902, 1.1703e-319, 0.0, 6.365987374e-315, 6.810233547281351e-139
19.11911911911912, 1.0738114896e-313, 3.83524062e-315, 1.068114221717335e-309, 4.22774898247711e-301
19.21921921921922, 1.0738161711e-313, 1.5340570407e-313, 0.0, 0.0
19.31931931931932, 1.0738114896e-313, 3.83524062e-315, 1.068114221717335e-309, 4.22774898247711e-301
19.41941941941942, 1.0738161711e-313, 1.5340570407e-313, 0.0, 0.0
19.519519519519523, 0.0, 0.0, 0.0, 0.0
19.619619619619623, 0.0, 0.0, 0.0, 0.0
19.71971971971972, 1.61075263676e-313, 2.0846e-319, 0.0, 0.0
19.81981981981982, 0.0, 0.0, 0.0, 0.0
19.91991991991992, 1.784318089281241e+212, 0.0, 0.0, 0.0
20.02002002002002, 0.0, 0.0, 0.0, 0.0
20.12012012012012, 6e-323, 1.7495890619986662e-305, 1.10343781e-315, 3.3951932661373145e-307
20.22022022022022, 8.5943e-320, 5.48576e-319, 3.05567394e-315, -inf
20.32032032032032, 6.674279064246545e-128, 4.793781957e-315, 5.7803165354e-314, -1.2890737688897724e-225
20.420420420420424, 3.293e-320, 1.9285654962334383e-160, 3.885940277860837e-273, 1.0270459628271918e-305
20.520520520520524, 7.31e-321, 8.5943e-320, 0.0, -1.2554203470774198e+64
20.620620620620624, 2.7803516e-314, 1.6107526369e-313, 1.379594004350417e-309, 8.455993663689073e-301
20.720720720720724, 1.11216221347e-313, 8.820742551e-314, 3.756e-320, 0.0
20.82082082082082, 2.780351405e-314, 1.6107526369e-313, 1.379594004350417e-309, 8.455993663689073e-301
20.92092092092092, 1.11216221347e-313, 8.820742551e-314, 3.756e-320, 0.0
21.02102102102102, 0.0, 0.0, 0.0, 0.0
21.12112112112112, 0.0, 0.0, 0.0, 0.0
21.22122122122122, 8.0536402933e-314, 6.519857115e-314, 0.0, 0.0
21.32132132132132, 0.0, 0.0, 0.0, 0.0
21.421421421421424, -5.314906153745228e-230, 7.26e-322, 0.0, 0.0
21.521521521521525, 0.0, 0.0, 0.0, 0.0
21.621621621621625, 3.35661361058725e-277, 0.0, 1.35825377e-315, 2.546394951727468e-307
21.721721721721725, 0.0, 1.18857e-319, 0.0, 3.0556739397014467e-306
21.82182182182182, 2.5729406e-316, 3.7331e-319, 4.345848546e-314, 4.263089545395067e-305
21.92192192192192, 7.555912938440595e-307, 0.0, -7.634139173815259e+112, 6.63260763190086e-310
22.02202202202202, 6.7292e-319, 1.1703e-319, 0.0, 6.365987372895817e-306
22.12212212212212, 5.868601252277831e-152, 1.0738114896e-313, 4.4506145636654e-311, 1.0681142217173337e-300
22.22222222222222, 3.6431900315e-314, 1.0738161711e-313, 1.78020032898007e-309, 0.0
22.322322322322325, 0.0, 1.0738114896e-313, 4.4506145636654e-311, 1.0681142217173337e-300
22.422422422422425, 3.6431900315e-314, 1.0738161711e-313, 1.78020032898007e-309, 0.0
22.522522522522525, 0.0, 0.0, 0.0, 0.0
22.622622622622625, 0.0, 0.0, 0.0, 0.0
22.722722722722725, 0.0, 1.61075263676e-313, 2.41910661e-315, 0.0
22.822822822822825, 0.0, 0.0, 0.0, 0.0
22.922922922922922, 0.0, 4.752757e-317, 0.0, 0.0
23.023023023023022, 0.0, 0.0, 0.0, 0.0
23.123123123123122, 0.0, 6e-323, 2.0303150020537527e-301, 1.1034378116181436e-306
23.223223223223222, 2.926e-320, 8.5943e-320, 6.365987374e-315, 3.055673938989992e-306
23.323323323323326, -1.0650276763224291e+301, 6.674279064246545e-128, 5.562956261729e-311, 5.780316535601248e-305
23.423423423423426, -1.1108371675713166e-238, 3.293e-320, 2.2380086527135448e-156, 3.8859402778608376e-264
23.523523523523526, 8.8504e-319, 7.31e-321, 4.2439916e-316, 0.0
23.623623623623626, 0.0, 9.587546409e-314, 1.69120688140887e-309, 4.45064002664335e-302
23.723723723723726, 6.5198629656e-314, 6.5199331827e-314, 0.0, 0.0
23.823823823823826, 0.0, 9.5875463637e-314, 1.69120688140887e-309, 4.45064002664335e-302
23.923923923923926, 6.5198629656e-314, 6.5199331827e-314, 0.0, 0.0
24.024024024024023, 0.0, 0.0, 0.0, 0.0
24.124124124124123, 0.0, 0.0, 0.0, 0.0
24.224224224224226, 0.0, 8.0536402933e-314, 7.56598449279274e-310, 5.63234836e-316
24.324324324324326, 0.0, 0.0, 0.0, 0.0
24.424424424424426, 0.0, 9.131487033082462e+174, 0.0, 0.0
24.524524524524526, 0.0, 0.0, 0.0, 0.0
24.624624624624627, 0.0, 3.35661361058725e-277, 0.0, 1.021220834593022e-306
24.724724724724727, 3.657e-320, 0.0, 1.464177094e-315, 1.976262583e-315
24.824824824824827, 2.63317e-319, 3.834955324e-315, 5.80236e-319, 4.3458485455756e-305
24.924924924924927, 1.53602e-318, 1.1983961e-316, 0.0, 4.940656e-318
25.025025025025027, 6e-323, 6.7292e-319, 1.358077306e-315, 1.0869444e-316
25.125125125125123, 7.3144e-319, 5.868597899904061e-152, 1.6021876299544e-309, 9.791078722252316e-301
25.225225225225227, 9.20404498e-314, 2.30105367e-314, 3.3997e-320, 0.0
25.325325325325327, 0.0, 0.0, 1.6021876299544e-309, 9.791078722252316e-301
25.425425425425427, 9.20404498e-314, 2.30105367e-314, 3.3997e-320, 0.0
25.525525525525527, 0.0, 0.0, 0.0, 0.0
25.625625625625627, 0.0, 0.0, 0.0, 0.0
25.725725725725727, 0.0, 0.0, 1.8692019252016e-309, 2.4191066099475822e-306
25.825825825825827, 0.0, 0.0, 0.0, 0.0
25.925925925925927, 0.0, 0.0, 8.43201e-318, 0.0
26.026026026026027, 0.0, 0.0, 0.0, 0.0
26.126126126126128, 0.0, 0.0, 6.63273e-319, 5.374431863055412e-293
26.226226226226228, 9.509e-320, 2.926e-320, 4.88059033e-316, 8.487983164201994e-306
26.326326326326328, 2.63317e-319, -1.4523119450789997e+301, 7.745183829924053e-124, 5.562956261729247e-302
26.426426426426428, 4.98109e-318, 1.241617e-318, 4.70221806e-316, 2.22509295646932e-302
26.526526526526528, 3.34863962943271e-277, 8.8504e-319, 8.4879836e-317, 4.668390743285619e-307
26.626626626626628, 0.0, -3.2623196500601076e-277, 1.112589305425155e-309, 1.6912068814088725e-300
26.726726726726728, 3.83526256e-315, 1.1505105968e-313, 1.112605512903597e-309, 0.0
26.826826826826828, 0.0, 0.0, 1.11258921522989e-309, 1.6912068814088725e-300
26.926926926926928, 3.83526256e-315, 1.1505105968e-313, 1.112605512903597e-309, 0.0
27.027027027027028, 0.0, 0.0, 0.0, 0.0
27.127127127127128, 0.0, 0.0, 0.0, 0.0
27.227227227227228, 0.0, 0.0, 9.3458670174258e-310, 7.565984492792735e-301
27.32732732732733, 0.0, 0.0, 0.0, 0.0
27.42742742742743, 0.0, 0.0, 2.67020236918306e-310, 4.227874603539973e-301
27.52752752752753, 2.3968705016e-314, 0.0, 0.0, 0.0
27.62762762762763, 0.0, 0.0, 3.895190658021102e-273, 0.0
27.72772772772773, 1.17044e-319, 2.194e-320, 0.0, 1.464177095879673e-306
27.82782782782783, 0.0, 2.63317e-319, 2.78138475722e-312, 2.889147003675569e-306
27.92792792792793, 3.74496e-318, 1.75362e-318, 4.062737293175205e-115, 1.0869444e-316
28.028028028028032, 0.0, 6e-323, 7.80894451e-315, 1.3580773062375369e-306
28.128128128128132, 0.0, 7.3144e-319, 6.810232950614093e-148, 1.6021876299543993e-300
28.22822822822823, 8.437293829e-314, 9.20404498e-314, 2.6702634855112e-310, 3.3998539480447e-311
28.32832832832833, 0.0, 0.0, 0.0, 1.6021876299543993e-300
28.42842842842843, 8.437293829e-314, 9.20404498e-314, 2.6702634855112e-310, 3.3998539480447e-311
28.52852852852853, 0.0, 0.0, 0.0, 0.0
28.62862862862863, 0.0, 0.0, 0.0, 0.0
28.72872872872873, 0.0, 0.0, 0.0, 1.8692019252015996e-300
28.82882882882883, 2.0846e-319, 0.0, 0.0, 0.0
28.92892892892893, 0.0, 0.0, 0.0, 7.601308292305606e-304
29.029029029029033, 0.0, 0.0, 0.0, 0.0
29.129129129129133, 0.0, 0.0, 0.0, 6.6327342609259e-310
29.22922922922923, 4.631324298223314e-306, 9.509e-320, 3.3951933e-316, 4.880590319220126e-307
29.32932932932933, 7.3144e-319, 2.63317e-319, -1.6853390283472214e+305, 7.745183829924053e-115
29.429429429429433, 4.793781957e-315, 4.98109e-318, 1.4408351426e-314, 4.702218031510541e-307
29.52952952952953, 1.917435615e-315, 3.34863962943271e-277, 1.0270459627e-314, 8.487983345677247e-308
29.629629629629633, 4.0227e-320, 0.0, 0.0, 3.226465966508099e-301
29.72972972972973, 1.18886658695e-313, 1.53405470026e-313, 9.3460164135969e-310, 9.345799124232805e-301
29.829829829829833, 0.0, 0.0, 0.0, 3.2264657410199394e-301
29.92992992992993, 1.18886658695e-313, 1.53405470026e-313, 9.3460164135969e-310, 9.345799124232805e-301
30.030030030030034, 0.0, 0.0, 0.0, 0.0
30.13013013013013, 0.0, 0.0, 0.0, 0.0
30.230230230230234, 0.0, 0.0, 0.0, 9.345867017425795e-301
30.33033033033033, 6.519857115e-314, 0.0, 0.0, 0.0
30.43043043043043, 0.0, 0.0, 0.0, 1.0596656961919649e+188
30.530530530530534, 0.0, 0.0, 0.0, 0.0
30.63063063063063, 0.0, 0.0, 0.0, 3.8951906580211016e-264
30.730730730730734, 0.0, 1.17044e-319, 2.54639497e-316, 7.9050503e-317
30.83083083083083, 1.26174e-319, 0.0, 3.05567394e-315, 2.7813847572215956e-303
30.930930930930934, 2.77e-322, 3.74496e-318, 2.034993965e-314, 4.062737293175205e-106
31.03103103103103, 0.0, 0.0, 6.6326e-319, 7.80894451314348e-306
31.131131131131134, 1.1703e-319, 0.0, 8.48798316e-315, 6.810232353946834e-139
31.23123123123123, 7.286807221e-314, 1.18886717217e-313, 2.8926503421564e-310, 1.0236086702116631e-300
31.331331331331334, 1.92004e-319, 0.0, 0.0, 0.0
31.431431431431434, 7.286807221e-314, 1.18886717217e-313, 2.8926503421564e-310, 1.0236086702116631e-300
31.53153153153153, 1.92004e-319, 0.0, 0.0, 0.0
31.631631631631635, 0.0, 0.0, 0.0, 0.0
31.73173173173173, 0.0, 0.0, 0.0, 0.0
31.831831831831835, 1.61075263676e-313, 2.0846e-319, 0.0, 0.0
31.93193193193193, 0.0, 0.0, 0.0, 0.0
32.032032032032035, 2.876235531e-314, 5.944201275e-314, 1.16822404134223e-310, 0.0
32.13213213213213, 0.0, 0.0, 0.0, 0.0
32.232232232232235, 6e-323, 4.631324298223314e-306, 1.10343781e-315, 3.3951932661373145e-307
32.332332332332335, 4.206e-320, 7.3144e-319, 3.05567394e-315, -inf
32.432432432432435, 6.674279064232271e-128, 4.793781957e-315, 5.7803165354e-314, 1.440835142539229e-305
32.532532532532535, 4.052e-320, 1.917435615e-315, 3.885937231650418e-273, 1.0270459628271918e-305
32.632632632632635, 7.31e-321, 4.0227e-320, 0.0, -9.775796363199603e-144
32.732732732732735, 2.7803516e-314, 1.18886658695e-313, 1.78019761299124e-309, 9.346016413596898e-301
32.832832832832835, 8.0535817876e-314, 0.0, 0.0, 0.0
32.932932932932935, 2.780351405e-314, 1.18886658695e-313, 1.78019761299124e-309, 9.346016413596898e-301
33.033033033033036, 8.0535817876e-314, 0.0, 0.0, 0.0
33.133133133133136, 0.0, 0.0, 0.0, 0.0
33.233233233233236, 0.0, 0.0, 0.0, 0.0
33.333333333333336, 8.0536402933e-314, 6.519857115e-314, 0.0, 0.0
33.433433433433436, 0.0, 0.0, 0.0, 0.0
33.533533533533536, -1.6566616584188e-309, 0.0, 0.0, 0.0
33.633633633633636, 0.0, 0.0, 0.0, 0.0
33.733733733733736, 3.35661361058725e-277, 0.0, 1.358243733e-315, 2.546394951727468e-307
33.833833833833836, 0.0, 1.26174e-319, 0.0, 3.0556739397014467e-306
33.933933933933936, 2.3968105e-316, 2.9468e-319, 4.345848546e-314, 2.0349939648815308e-305
34.034034034034036, 3.5009940441376e-119, 0.0, 5.183e-321, 6.63260763190086e-310
34.13413413413413, 6.7292e-319, 1.11545e-319, 0.0, 8.487983163861089e-306
34.234234234234236, 5.868597899904061e-152, 1.3806576565e-313, 9.7910787222523e-310, 1.068085701275367e-300
34.334334334334336, 2.30105367e-314, 4.026673864e-314, 0.0, 0.0
34.434434434434436, 0.0, 1.3806576565e-313, 9.7910787222523e-310, 1.068085701275367e-300
34.53453453453454, 2.30105367e-314, 4.026673864e-314, 0.0, 0.0
34.63463463463464, 0.0, 0.0, 0.0, 0.0
34.73473473473474, 0.0, 0.0, 0.0, 0.0
34.83483483483484, 0.0, 1.61075263676e-313, 2.41910661e-315, 0.0
34.93493493493494, 0.0, 0.0, 0.0, 0.0
35.03503503503504, 0.0, 7.26e-322, 0.0, 0.0
35.13513513513514, 0.0, 0.0, 0.0, 0.0
35.23523523523524, 0.0, 6e-323, 5.374431863055412e-302, 1.0397779378743635e-306
35.33533533533534, 2.377e-320, 4.0227e-320, 8.48798316e-315, 3.055673938989992e-306
35.43543543543544, -1.4523119450789997e+301, 6.674279064232271e-128, 5.562956261729e-311, 5.51931105331252e-305
35.53553553553554, 1.241617e-318, 4.052e-320, 2.225092956469e-311, 3.8859372316504185e-264
35.63563563563564, 8.8504e-319, 7.31e-321, 4.66839076e-316, 0.0
35.73573573573574, -3.2623196500601076e-277, 9.587547141e-314, 1.69120688140887e-309, 4.45064002664335e-302
35.83583583583584, 1.1505105968e-313, 9.587686806e-314, 1.54908445e-315, 0.0
35.93593593593594, 0.0, 9.5875463637e-314, 1.69120688140887e-309, 4.45064002664335e-302
36.03603603603604, 1.1505105968e-313, 9.587686806e-314, 1.54908445e-315, 0.0
36.13613613613614, 0.0, 0.0, 0.0, 0.0
36.23623623623624, 0.0, 0.0, 0.0, 0.0
36.33633633633634, 0.0, 8.0536402933e-314, 7.56598449279274e-310, 5.63234836e-316
36.43643643643644, 0.0, 0.0, 0.0, 0.0
36.53653653653654, 0.0, 2.301001004e-314, 4.22787460353996e-310, 2.7814543669726026e-301
36.63663663663664, 0.0, 0.0, 0.0, 0.0
36.73673673673674, 0.0, 3.35661361058725e-277, 0.0, 1.2945838597269005e-306
36.83683683683684, 2.194e-320, 0.0, 1.464177094e-315, 1.976262583e-315
36.93693693693694, 2.63317e-319, 2.3968105e-316, 2.889147005e-315, 4.3458485455756e-305
37.037037037037045, 1.75362e-318, 3.5009940441376e-119, 0.0, 5.180698252444e-312
37.13713713713714, 6e-323, 6.7292e-319, 1.29441743e-315, 1.0869444e-316
37.23723723723724, 7.3144e-319, 5.8686012111444104e-152, 1.6021876299544e-309, 9.791078722252316e-301
37.33733733733734, 9.20404498e-314, 2.30105367e-314, 4.6727637544894e-310, 3.6066792e-316
37.43743743743744, 0.0, 0.0, 1.6021876299544e-309, 9.791078722252316e-301
37.53753753753754, 9.20404498e-314, 2.30105367e-314, 4.6727637544894e-310, 3.6066792e-316
37.63763763763764, 0.0, 0.0, 0.0, 0.0
37.73773773773774, 0.0, 0.0, 0.0, 0.0
37.83783783783784, 0.0, 0.0, 1.8692019252016e-309, 2.4191066099475822e-306
37.93793793793794, 0.0, 0.0, 0.0, 0.0
38.03803803803804, 0.0, 0.0, 7.6013082923e-313, 0.0
38.138138138138146, 0.0, 0.0, 0.0, 0.0
38.23823823823824, 0.0, 0.0, 6.63273e-319, 5.374431863055412e-293
38.33833833833834, 8.96e-320, 2.377e-320, 4.66839076e-316, 8.487983164201994e-306
38.43843843843844, 2.63317e-319, -1.4523119450789997e+301, 7.745183829924053e-124, 5.562956261729407e-302
38.53853853853854, 4.75617e-318, 1.241617e-318, 4.70221806e-316, 2.22509295646932e-302
38.63863863863864, 3.34863962943271e-277, 8.8504e-319, 8.4879836e-317, 4.6683907431373995e-307
38.73873873873874, 0.0, 0.0, 3.2264659665081e-310, 1.3796232037067053e-300
38.83883883883884, 1.53405470026e-313, 8.053769033e-314, 9.3457991242328e-310, 2.7814866196767334e-301
38.93893893893894, 0.0, 0.0, 3.22646574101995e-310, 1.3796232037067053e-300
39.03903903903905, 1.53405470026e-313, 8.053769033e-314, 9.3457991242328e-310, 2.7814866196767334e-301
39.13913913913914, 0.0, 0.0, 0.0, 0.0
39.23923923923925, 0.0, 0.0, 0.0, 0.0
39.33933933933934, 0.0, 0.0, 9.3458670174258e-310, 7.565984492792735e-301
39.43943943943944, 0.0, 0.0, 0.0, 0.0
39.53953953953954, 0.0, 0.0, 1.0596656961919648e+179, 0.0
39.63963963963964, 0.0, 0.0, 0.0, 0.0
39.73973973973974, 0.0, 0.0, 3.895190658021102e-273, 0.0
39.83983983983984, 1.1156e-319, 2.194e-320, 0.0, 1.4641770958747323e-306
39.93993993993995, 0.0, 2.63317e-319, 2.78138475722e-312, 3.232727962798657e-309
40.04004004004004, 3.74496e-318, 1.75362e-318, 4.062737293175205e-115, 1.0869444e-316
40.14014014014015, 0.0, 6e-323, 7.80894451e-315, 1.2944174325085787e-306
40.24024024024024, 0.0, 7.3144e-319, 6.810232353946834e-148, 8.455993660891438e-301
40.34034034034035, 1.18886717217e-313, 2.492691722e-314, 1.02360867021166e-309, 4.450593342671152e-302
40.44044044044044, 0.0, 0.0, 0.0, 8.455993660891438e-301
40.54054054054054, 1.18886717217e-313, 2.492691722e-314, 1.02360867021166e-309, 4.450593342671152e-302
40.64064064064064, 0.0, 0.0, 0.0, 0.0
40.74074074074074, 0.0, 0.0, 0.0, 0.0
40.84084084084085, 0.0, 0.0, 0.0, 1.8692019252015996e-300
40.94094094094094, 2.0846e-319, 0.0, 0.0, 0.0
41.04104104104105, 0.0, 0.0, 0.0, 3.3377347141800563e-301
41.14114114114114, 5.944201275e-314, 1.0066969916e-314, 0.0, 0.0
41.24124124124125, 0.0, 0.0, 0.0, 6.6327342609259e-310
41.34134134134134, 4.631324298223314e-306, 8.96e-320, 2.75859454e-316, 4.668390740123599e-307
41.44144144144145, 7.3144e-319, 2.63317e-319, -1.6853390283472214e+305, 7.745183829924053e-115
41.54154154154154, 4.793781957e-315, 4.75617e-318, 1.4408351426e-314, 4.702218031510541e-307
41.64164164164164, 1.917435615e-315, 3.34863962943271e-277, 1.0270459627e-314, 8.487983345677247e-308
41.74174174174174, 4.0227e-320, 0.0, -9.775796363199604e-153, 3.226465966508099e-301
41.84184184184184, 1.18886658695e-313, 1.53405470026e-313, 9.3460164135969e-310, 9.345799124232805e-301
41.94194194194195, 2.3968982947e-314, 0.0, 0.0, 3.2264657410199394e-301
42.04204204204204, 1.18886658695e-313, 1.53405470026e-313, 9.3460164135969e-310, 9.345799124232805e-301
42.14214214214215, 2.3968982947e-314, 0.0, 0.0, 0.0
42.24224224224224, 0.0, 0.0, 0.0, 0.0
42.34234234234235, 0.0, 0.0, 0.0, 9.345867017425795e-301
42.44244244244244, 6.519857115e-314, 0.0, 0.0, 0.0
42.54254254254254, 0.0, 0.0, 0.0, -1.922477164193373e-296
42.64264264264264, 0.0, 0.0, 0.0, 0.0
42.74274274274274, 0.0, 0.0, 0.0, 3.8951906580211016e-264
42.84284284284285, 0.0, 1.1156e-319, 2.54639497e-316, 6.4228534e-317
42.94294294294294, 1.26174e-319, 0.0, 3.05567394e-315, 2.7813847572215956e-303
43.04304304304305, 2.9468e-319, 3.74496e-318, 2.0349939646e-314, 4.062737293175205e-106
43.14314314314314, 0.0, 0.0, 6.6326e-319, 7.80894451314348e-306
43.24324324324325, 1.1703e-319, 0.0, 6.153787795e-315, 6.810229108076948e-139
43.34334334334334, 1.3806576565e-313, 8.437293829e-314, 1.068085701275365e-309, 2.6702634855112166e-301
43.44344344344345, 2.6844336376e-314, 1.5340570407e-313, 0.0, 0.0
43.54354354354354, 1.3806576565e-313, 8.437293829e-314, 1.068085701275365e-309, 2.6702634855112166e-301
43.64364364364364, 2.6844336376e-314, 1.5340570407e-313, 0.0, 0.0
43.74374374374375, 0.0, 0.0, 0.0, 0.0
43.84384384384384, 0.0, 0.0, 0.0, 0.0
43.94394394394395, 1.61075263676e-313, 2.0846e-319, 0.0, 0.0
44.04404404404404, 0.0, 0.0, 0.0, 0.0
44.14414414414415, 7.26e-322, 0.0, 0.0, 0.0
44.24424424424424, 0.0, 0.0, 0.0, 0.0
44.34434434434435, 6e-323, 5.14112346875173e-161, 1.10343781e-315, 3.3951932661373145e-307
44.44444444444444, 8.777e-320, 5.3029e-319, 3.05567394e-315, -inf
44.54454454454455, 6.674279067146022e-128, 4.793781957e-315, 5.7803165354e-314, -1.4408351430654088e-305
44.64464464464465, 4.052e-320, 1.917435615e-315, 3.885937231650418e-273, 1.0270459628271918e-305
44.74474474474474, 7.31e-321, 8.5943e-320, 0.0, -3.785766995733923e-264
44.84484484484485, 9.587547141e-314, 1.4573684666e-313, 4.450640026643e-311, 1.3351128990858726e-300
44.94494494494494, 9.587686806e-314, 8.820742548e-314, 3.756e-320, 0.0
45.04504504504505, 9.5875463637e-314, 1.4573684666e-313, 4.450640026643e-311, 1.3351128990858726e-300
45.14514514514514, 9.587686806e-314, 8.820742548e-314, 3.756e-320, 0.0
45.24524524524525, 0.0, 0.0, 0.0, 0.0
45.34534534534534, 0.0, 0.0, 0.0, 0.0
45.44544544544545, 8.0536402933e-314, 6.519857115e-314, 0.0, 0.0
45.545545545545544, 0.0, 0.0, 0.0, 0.0
45.64564564564565, 2.301001004e-314, 3.6432982832e-314, 2.7814543669726e-310, 1.716126645451e-311
45.74574574574575, 0.0, 0.0, 0.0, 0.0
45.845845845845844, 3.35661361058725e-277, 0.0, 1.36074016e-315, 2.546394951727468e-307
45.94594594594595, 0.0, 1.24346e-319, 0.0, 3.0556739397014467e-306
46.046046046046044, 3.83495535e-315, 2.4897e-319, 4.345848546e-314, 4.294919482259546e-305
46.14614614614615, 3.5009948984453203e-119, 0.0, 5.183e-321, 6.63260763190086e-310
46.246246246246244, 6.7292e-319, 1.1703e-319, 0.0, 6.15378779379929e-306
46.34634634634635, 5.8686012111444104e-152, 1.3806576565e-313, 9.7910787222523e-310, 1.068085701275367e-300
46.446446446446444, 2.30105367e-314, 2.6844336376e-314, 1.78020032898007e-309, 0.0
46.54654654654655, 0.0, 1.3806576565e-313, 9.7910787222523e-310, 1.068085701275367e-300
46.64664664664665, 2.30105367e-314, 2.6844336376e-314, 1.78020032898007e-309, 0.0
46.74674674674675, 0.0, 0.0, 0.0, 0.0
46.84684684684685, 0.0, 0.0, 0.0, 0.0
46.946946946946944, 0.0, 1.61075263676e-313, 2.41910661e-315, 0.0
47.04704704704705, 0.0, 0.0, 0.0, 0.0
47.147147147147145, 0.0, 6.5502966e-317, 0.0, 0.0
47.24724724724725, 0.0, 0.0, 0.0, 0.0
47.347347347347345, 0.0, 6e-323, 5.966029585309114e-157, 1.1034378116181436e-306
47.44744744744745, 2.926e-320, 8.777e-320, 6.153787795e-315, 3.055673938989992e-306
47.54754754754755, -1.4523341055780799e+301, 6.674279067146022e-128, 5.562956261729e-311, 5.780316535601248e-305
47.64764764764765, -1.241617e-318, 4.052e-320, 2.225092956469e-311, 3.8859372316504185e-264
47.74774774774775, 8.8504e-319, 7.31e-321, 9.9733802e-316, 0.0
47.84784784784785, 0.0, 2.7803516e-314, 1.379623203706705e-309, 1.780197612991242e-300
47.94794794794795, 8.053769033e-314, 8.0535817876e-314, 1.112588536522816e-309, 2.461548792278216e-306
48.048048048048045, 0.0, 2.780351405e-314, 1.379623203706705e-309, 1.780197612991242e-300
48.14814814814815, 8.053769033e-314, 8.0535817876e-314, 1.112588536522816e-309, 2.461548792278216e-306
48.248248248248245, 0.0, 0.0, 0.0, 0.0
48.34834834834835, 0.0, 0.0, 0.0, 0.0
48.44844844844845, 0.0, 8.0536402933e-314, 7.56598449279274e-310, 5.63234836e-316
48.54854854854855, 0.0, 0.0, 0.0, 0.0
48.64864864864865, 0.0, 9.131487033082462e+174, 0.0, 0.0
48.74874874874875, 0.0, 0.0, 0.0, 0.0
48.84884884884885, 0.0, 3.35661361058725e-277, 0.0, 1.3607401611474656e-306
48.94894894894895, 2.194e-320, 0.0, 1.442957137e-315, 1.432790373e-315
49.04904904904905, 2.63317e-319, 3.83495535e-315, 3.232726e-318, 4.3458485455756e-305
49.149149149149146, 3.701075e-318, 3.5009948984453203e-119, 0.0, 5.180698252444e-312
49.24924924924925, 6e-323, 6.7292e-319, 1.358077306e-315, 2.32210854e-316
49.349349349349346, 5.3029e-319, 5.868600696976654e-152, 8.45599366089143e-310, 1.3796238828696956e-300
49.44944944944945, 2.492691722e-314, 8.8207718083e-314, 4.4505933426714e-311, 1.0681053941526761e-300
49.54954954954955, 0.0, 0.0, 8.45599366089143e-310, 1.3796238828696956e-300
49.64964964964965, 2.492691722e-314, 8.8207718083e-314, 4.4505933426714e-311, 1.0681053941526761e-300
49.74974974974975, 0.0, 0.0, 0.0, 0.0
49.84984984984985, 0.0, 0.0, 0.0, 0.0
49.94994994994995, 0.0, 0.0, 1.8692019252016e-309, 2.4191066099475822e-306
50.050050050050054, 0.0, 0.0, 0.0, 0.0
50.150150150150154, 0.0, 0.0, 3.3377347141801e-310, 6.897963234007644e-301
50.25025025025025, 1.0066969916e-314, 0.0, 0.0, 0.0
50.350350350350354, 0.0, 0.0, 6.63273e-319, 5.9660295853091144e-148
50.450450450450454, 9.509e-320, 2.926e-320, 1.01855798e-315, 6.153787794135254e-306
50.550550550550554, 2.63317e-319, -1.4523341055780799e+301, 7.745183833305322e-124, 5.562956261729382e-302
50.650650650650654, 4.98109e-318, -1.241617e-318, 4.70221806e-316, 2.22509295646932e-302
50.750750750750754, 3.34863962943271e-277, 8.8504e-319, 8.4879836e-317, 9.9733802206988e-307
50.850850850850854, 0.0, -8.424124518648033e-157, 3.2264659665081e-310, 1.3796232037067053e-300
50.950950950950954, 1.53405470026e-313, 8.053769033e-314, 9.3457991242328e-310, 1.1125885365228154e-300
51.051051051051054, 2.1212e-319, 0.0, 3.22646574101995e-310, 1.3796232037067053e-300
51.15115115115115, 1.53405470026e-313, 8.053769033e-314, 9.3457991242328e-310, 1.1125885365228154e-300
51.251251251251254, 2.1212e-319, 0.0, 0.0, 0.0
51.351351351351354, 0.0, 0.0, 0.0, 0.0
51.451451451451454, 0.0, 0.0, 9.3458670174258e-310, 7.565984492792735e-301
51.551551551551555, 0.0, 0.0, 0.0, 0.0
51.651651651651655, 0.0, 0.0, -1.922477164193373e-305, 1.76979254997e-313
51.751751751751755, 0.0, 0.0, 0.0, 0.0
51.851851851851855, 0.0, 0.0, 3.895190658021102e-273, 0.0
51.951951951951955, 1.1726e-319, 2.194e-320, 0.0, 1.4429571380935367e-306
52.052052052052055, 0.0, 2.63317e-319, 4.4502835235796e-311, 3.419645951416887e-306
52.152152152152155, 3.74496e-318, 3.701075e-318, 4.062738284558735e-115, 1.0869444e-316
52.252252252252255, 0.0, 6e-323, 7.80894451e-315, 1.2944174325085787e-306
52.352352352352355, 0.0, 5.3029e-319, 6.810229108076947e-148, 1.6021876299543993e-300
52.452452452452455, 8.437293829e-314, 9.20404498e-314, 2.6702634855112e-310, 4.672763754489386e-301
52.552552552552555, 9.587540515e-314, 2.1212e-319, 0.0, 1.6021876299543993e-300
52.652652652652655, 8.437293829e-314, 9.20404498e-314, 2.6702634855112e-310, 4.672763754489386e-301
52.752752752752755, 9.587540515e-314, 2.1212e-319, 0.0, 0.0
52.852852852852855, 0.0, 0.0, 0.0, 0.0
52.952952952952955, 0.0, 0.0, 0.0, 1.8692019252015996e-300
53.053053053053056, 2.0846e-319, 0.0, 0.0, 0.0
53.153153153153156, 0.0, 0.0, 0.0, 8.43201173461618e-309
53.253253253253256, 0.0, 0.0, 0.0, 0.0
53.353353353353356, 0.0, 0.0, 0.0, 6.6327342609259e-310
53.453453453453456, 5.14112346875173e-161, 8.96e-320, 2.75859454e-316, 9.97338021753678e-307
53.553553553553556, 5.3029e-319, 2.63317e-319, -1.6853647445537939e+305, 7.745183833305322e-115
53.653653653653656, 4.793781957e-315, 4.75617e-318, -1.440835143e-314, 4.702218031510541e-307
53.753753753753756, 1.917435615e-315, 3.34863962943271e-277, 1.0270459627e-314, 8.487983345677247e-308
53.853853853853856, 8.5943e-320, 0.0, -3.785766995733923e-273, 1.1125893054251539e-300
53.953953953953956, 1.4573684666e-313, 3.83526256e-315, 1.335112899085874e-309, 1.112605512903595e-300
54.054054054054056, 3.8351053e-315, 9.2042146797e-314, 0.0, 1.11258921522989e-300
54.154154154154156, 1.4573684666e-313, 3.83526256e-315, 1.335112899085874e-309, 1.112605512903595e-300
54.254254254254256, 3.8351053e-315, 9.2042146797e-314, 0.0, 0.0
54.354354354354356, 0.0, 0.0, 0.0, 0.0
54.454454454454456, 0.0, 0.0, 0.0, 9.345867017425795e-301
54.55455455455456, 6.519857115e-314, 0.0, 0.0, 0.0
54.65465465465466, 0.0, 0.0, 0.0, 2.6702023691830374e-301
54.75475475475476, 3.6432982832e-314, 2.3968705016e-314, 1.716e-320, 0.0
54.85485485485486, 0.0, 0.0, 0.0, 3.8951906580211016e-264
54.95495495495496, 0.0, 1.11772e-319, 2.54639497e-316, 6.4228534e-317
55.05505505505506, 1.24346e-319, 0.0, 3.05567394e-315, 4.450283523579409e-302
55.155155155155164, 2.4897e-319, 3.74496e-318, 4.2949194823e-314, 4.062738284558735e-106
55.25525525525526, 0.0, 0.0, 6.6326e-319, 7.80894451314348e-306
55.35535535535536, 1.11545e-319, 0.0, 6.153787795e-315, 6.810232950614092e-139
55.45545545545546, 1.3806576565e-313, 8.437293829e-314, 1.068085701275365e-309, 2.6702634855112166e-301
55.55555555555556, 4.026673864e-314, 9.587540515e-314, 2.46154879e-315, 0.0
55.65565565565566, 1.3806576565e-313, 8.437293829e-314, 1.068085701275365e-309, 2.6702634855112166e-301
55.75575575575576, 4.026673864e-314, 9.587540515e-314, 2.46154879e-315, 0.0
55.85585585585586, 0.0, 0.0, 0.0, 0.0
55.95595595595596, 0.0, 0.0, 0.0, 0.0
56.056056056056065, 1.61075263676e-313, 2.0846e-319, 0.0, 0.0
56.15615615615616, 0.0, 0.0, 0.0, 0.0
56.256256256256265, 6.5502966e-317, 0.0, 0.0, 0.0
56.35635635635636, 0.0, 0.0, 0.0, 0.0
56.45645645645646, 6e-323, 5.14112346875173e-161, 1.03977794e-315, 2.7585945288477328e-307
56.55655655655656, 8.5943e-320, 5.3029e-319, 3.05567394e-315, -inf
56.65665665665666, 6.674279067146022e-128, 4.793781957e-315, 5.5193110533e-314, -1.4408351430654088e-305
56.75675675675676, 4.052e-320, 1.917435615e-315, 3.885937231650418e-273, 1.0270459628271918e-305
56.85685685685686, 7.31e-321, 8.5943e-320, 0.0, 1.432790373e-315
56.956956956956965, 2.7803516e-314, 1.18886658695e-313, 1.78019761299124e-309, 9.346016413596898e-301
57.05705705705706, 8.0535817876e-314, 2.3968982947e-314, 1.023605274759354e-309, 3.756025378066e-311
57.157157157157165, 2.780351405e-314, 1.18886658695e-313, 1.78019761299124e-309, 9.346016413596898e-301
57.25725725725726, 8.0535817876e-314, 2.3968982947e-314, 1.023605274759354e-309, 3.756025378066e-311
57.357357357357365, 0.0, 0.0, 0.0, 0.0
57.45745745745746, 0.0, 0.0, 0.0, 0.0
57.55755755755756, 8.0536402933e-314, 6.519857115e-314, 0.0, 0.0
57.65765765765766, 0.0, 0.0, 0.0, 0.0
57.75775775775776, 9.131487033082462e+174, 0.0, 0.0, 0.0
57.85785785785786, 0.0, 0.0, 0.0, 0.0
57.95795795795796, 3.35661361058725e-277, 0.0, 1.29708029e-315, 2.5463949515792484e-307
58.058058058058066, 0.0, 1.24346e-319, 0.0, 3.0556739397014467e-306
58.15815815815816, 3.83495535e-315, 2.77e-322, 4.345848546e-314, 4.294919482198776e-305
58.258258258258266, 3.5009948984453203e-119, 0.0, 5.183e-321, 6.63260763190086e-310
58.35835835835836, 6.7292e-319, 1.11545e-319, 0.0, 6.15378779379929e-306
58.45845845845846, 5.868600696976654e-152, 7.286807221e-314, 1.3796238828697e-309, 2.89265034215643e-301
58.558558558558566, 8.8207718083e-314, 3.835222327e-315, 3.1151577268933e-310, 1.7802003289800703e-300
58.65865865865866, 0.0, 7.286807221e-314, 1.3796238828697e-309, 2.89265034215643e-301
58.75875875875876, 8.8207718083e-314, 3.835222327e-315, 3.1151577268933e-310, 1.7802003289800703e-300
58.858858858858866, 0.0, 0.0, 0.0, 0.0
58.958958958958966, 0.0, 0.0, 0.0, 0.0
59.05905905905906, 0.0, 1.61075263676e-313, 2.41910661e-315, 0.0
59.15915915915916, 0.0, 0.0, 0.0, 0.0
59.25925925925927, 0.0, 2.876235531e-314, 6.89796323400764e-310, 1.1682240413422265e-301
59.35935935935937, 0.0, 0.0, 0.0, 0.0
59.45945945945946, 0.0, 6e-323, 5.966029585309114e-157, 1.0397779378743635e-306
59.55955955955956, 2.377e-320, 8.5943e-320, 6.153787795e-315, 3.055673938989992e-306
59.65965965965967, -1.4523341055780799e+301, 6.674279067146022e-128, 5.562956261729e-311, 5.51931105331252e-305
59.75975975975976, -1.241617e-318, 4.052e-320, 2.225092956469e-311, 3.8859372316504185e-264
59.85985985985986, 8.8504e-319, 7.31e-321, 9.9733802e-316, 0.0
59.95995995995997, -8.424124518648033e-157, 2.7803516e-314, 1.379623203706705e-309, 1.780197612991242e-300
60.06006006006007, 8.053769033e-314, 8.0535817876e-314, 2.78148661967676e-310, 1.0236052747593536e-300
60.16016016016016, 5e-324, 2.780351405e-314, 1.379623203706705e-309, 1.780197612991242e-300
60.26026026026026, 8.053769033e-314, 8.0535817876e-314, 2.78148661967676e-310, 1.0236052747593536e-300
60.36036036036037, 5e-324, 0.0, 0.0, 0.0
60.46046046046047, 0.0, 0.0, 0.0, 0.0
60.56056056056056, 0.0, 8.0536402933e-314, 7.56598449279274e-310, 5.63234836e-316
60.66066066066066, 0.0, 0.0, 0.0, 0.0
60.76076076076077, 0.0, -1.6566616584188e-309, 1.8e-322, 0.0
60.86086086086086, 0.0, 0.0, 0.0, 0.0
60.96096096096096, 0.0, 3.35661361058725e-277, 0.0, 1.2970802874185074e-306
61.06106106106107, 2.194e-320, 0.0, 1.442957137e-315, 1.432790373e-315
61.16116116116117, 2.63317e-319, 3.83495535e-315, 3.41964595e-315, 4.3458485455756e-305
61.26126126126126, 3.701075e-318, 3.5009948984453203e-119, 0.0, 5.180698252444e-312
61.36136136136136, 6e-323, 6.7292e-319, 1.33685735e-315, 1.3833838e-316
61.46146146146147, 7.3144e-319, 5.868597899904061e-152, 1.6021876299544e-309, 9.791078722252316e-301
61.56156156156157, 8.05361689e-314, 6.5197166713e-314, 1.86916525568448e-309, 4.990063e-316
61.66166166166166, 0.0, 0.0, 1.6021876299544e-309, 9.791078722252316e-301
61.76176176176177, 8.05361689e-314, 6.5197166713e-314, 1.86916525568448e-309, 4.990063e-316
61.86186186186187, 0.0, 0.0, 0.0, 0.0
61.96196196196196, 0.0, 0.0, 0.0, 0.0
62.06206206206206, 0.0, 0.0, 1.8692019252016e-309, 2.4191066099475822e-306
62.16216216216217, 0.0, 0.0, 0.0, 0.0
62.26226226226227, 0.0, 0.0, 8.43201e-318, 0.0
62.36236236236236, 0.0, 0.0, 0.0, 0.0
62.46246246246246, 0.0, 0.0, 6.63273e-319, 8.294220186505273e-240
62.56256256256257, 8.2287e-320, 2.743e-320, 5.9415882e-316, 8.487983164177291e-306
62.66266266266267, 2.63317e-319, -3.78209602092919e+298, 7.74518383116385e-124, 5.562956261729247e-302
62.76276276276276, 4.898804e-318, 5.484e-321, -0.0, 2.1219957909652723e-308
62.86286286286287, 3.34863962943271e-277, 8.8504e-319, 8.4879836e-317, 7.63918485048878e-307
62.96296296296297, 0.0, 0.0, 1.112589305425155e-309, 1.6912068814088725e-300
63.06306306306306, 3.83526256e-315, 8.820695739e-314, 2.058361823e-315, 0.0
63.16316316316316, 0.0, 0.0, 1.11258921522989e-309, 1.6912068814088725e-300
63.26326326326327, 3.83526256e-315, 8.820695739e-314, 2.058361823e-315, 0.0
63.36336336336337, 0.0, 0.0, 0.0, 0.0
63.46346346346346, 0.0, 0.0, 0.0, 0.0
63.56356356356356, 0.0, 0.0, 9.3458670174258e-310, 7.565984492792735e-301
63.66366366366367, 0.0, 0.0, 0.0, 0.0
63.76376376376377, 0.0, 0.0, 1.0596656961919648e+179, 0.0
63.86386386386386, 0.0, 0.0, 0.0, 0.0
63.96396396396397, 0.0, 0.0, 3.895190658021102e-273, 0.0
64.06406406406407, 1.1161e-319, 2.0113e-320, 0.0, 1.9310161699562614e-306
64.16416416416416, 0.0, 2.63317e-319, 1.2516231289963e-311, 3.232727962798657e-309
64.26426426426426, 3.74496e-318, 2.847118e-318, 4.4501477170144e-311, 6.6312368467665e-310
64.36436436436438, 0.0, 6e-323, 7.80894451e-315, 1.1458777271410097e-306
64.46446446446447, 0.0, 7.3144e-319, 6.810229108076947e-148, 1.6021876299543993e-300
64.56456456456456, 8.437293829e-314, 6.51971082e-314, 4.227748983306e-310, 9.7910379798295e-301
64.66466466466467, 0.0, 0.0, 0.0, 1.6021876299543993e-300
64.76476476476478, 8.437293829e-314, 6.51971082e-314, 4.227748983306e-310, 9.7910379798295e-301
64.86486486486487, 0.0, 0.0, 0.0, 0.0
64.96496496496496, 0.0, 0.0, 0.0, 0.0
65.06506506506507, 0.0, 0.0, 0.0, 1.8692019252015996e-300
65.16516516516516, 2.0846e-319, 0.0, 0.0, 0.0
65.26526526526527, 0.0, 0.0, 0.0, 8.43201173461618e-309
65.36536536536536, 0.0, 0.0, 0.0, 0.0
65.46546546546547, 0.0, 0.0, 0.0, 6.6327342609259e-310
65.56556556556556, 5.14112346875173e-161, 8.046e-320, 1.2731975e-316, 4.456191161027072e-307
65.66566566566567, 7.3144e-319, 2.63317e-319, nan, 7.745183833305322e-115
65.76576576576578, 4.793781957e-315, 4.23868e-318, -3.279004438940461e+175, 8.85933364599174e-307
65.86586586586587, 1.3663845228945751e-161, 3.3486400202304376e-277, 1.0270459627e-314, 8.487983345677247e-308
65.96596596596596, 3.84e-320, 0.0, -1.1319598848534397e-75, 1.1125893054251539e-300
66.06606606606607, 1.4573684666e-313, 3.83526256e-315, 1.691205522979275e-309, 1.6021903456531003e-300
66.16616616616618, 5e-324, 0.0, 0.0, 1.11258921522989e-300
66.26626626626627, 1.4573684666e-313, 3.83526256e-315, 1.691205522979275e-309, 1.6021903456531003e-300
66.36636636636636, 5e-324, 0.0, 0.0, 0.0
66.46646646646647, 0.0, 0.0, 0.0, 0.0
66.56656656656658, 0.0, 0.0, 0.0, 9.345867017425795e-301
66.66666666666667, 6.519857115e-314, 0.0, 0.0, 0.0
66.76676676676676, 0.0, 0.0, 0.0, 2.7710673342044117e+79
66.86686686686687, 7.26e-322, 0.0, 0.0, 0.0
66.96696696696698, 0.0, 0.0, 0.0, 3.8951906580211016e-264
67.06706706706707, 0.0, 9.897e-320, 2.1219958e-316, 2.964394e-317
67.16716716716716, 1.79203e-319, 0.0, 3.05567394e-315, 4.4502835245507816e-302
67.26726726726727, 3.2394e-319, 3.74496e-318, 1.911918209e-314, -2047050.2749138854
67.36736736736736, 0.0, 7.712516956987718e-161, 6.6326e-319, 7.80894451314348e-306
67.46746746746747, 9.8744e-320, 0.0, 8.48798316e-315, 6.810233356347828e-139
67.56756756756758, 1.3806576565e-313, 8.437293829e-314, 7.5658147243224e-310, 4.227748983306019e-301
67.66766766766767, 8.4372587197e-314, 0.0, 0.0, 0.0
67.76776776776777, 1.3806576565e-313, 8.437293829e-314, 7.5658147243224e-310, 4.227748983306019e-301
67.86786786786787, 8.4372587197e-314, 0.0, 0.0, 0.0
67.96796796796798, 0.0, 0.0, 0.0, 0.0
68.06806806806807, 0.0, 0.0, 0.0, 0.0
68.16816816816817, 1.61075263676e-313, 2.0846e-319, 0.0, 0.0
68.26826826826826, 0.0, 0.0, 0.0, 0.0
68.36836836836838, 1.0418605340933906e+174, 0.0, 0.0, 0.0
68.46846846846847, 0.0, 0.0, 0.0, 0.0
68.56856856856857, 6e-323, 5.14112346875173e-161, 9.3367815e-316, 1.273197475073229e-307
68.66866866866867, 3.84e-320, 7.3144e-319, 3.05567394e-315, nan
68.76876876876878, 6.674279067146022e-128, 4.793781957e-315, 4.9187862444e-314, -3.279004438940461e+184
68.86886886886887, 7.6343e-320, 1.3663845228945751e-161, 3.885937685152619e-273, 1.0270459628271918e-305
68.96896896896897, 7.31e-321, 3.84e-320, 0.0, -9.775796363199603e-144
69.06906906906907, 9.587547141e-314, 1.4573684666e-313, 4.450640026643e-311, 1.691205522979277e-300
69.16916916916917, 1.3806599967e-313, 5e-324, 0.0, 0.0
69.26926926926927, 9.5875463637e-314, 1.4573684666e-313, 4.450640026643e-311, 1.691205522979277e-300
69.36936936936938, 1.3806599967e-313, 5e-324, 0.0, 0.0
69.46946946946947, 0.0, 0.0, 0.0, 0.0
69.56956956956957, 0.0, 0.0, 0.0, 0.0
69.66966966966967, 8.0536402933e-314, 6.519857115e-314, 0.0, 0.0
69.76976976976978, 0.0, 0.0, 0.0, 0.0
69.86986986986987, -1.6566616584188e-309, 0.0, 0.0, 0.0
69.96996996996997, 0.0, 0.0, 0.0, 0.0
70.07007007007007, 3.35661361058725e-277, 0.0, 1.148540583e-315, 2.121995793139161e-307
70.17017017017018, 0.0, 1.79203e-319, 0.0, 3.0556739397014467e-306
70.27027027027027, 3.83495535e-315, 2.9468e-319, 4.345848546e-314, 1.9119182088049546e-305
70.37037037037037, -1.764010395789745e-07, 0.0, 8.950009588810552e-157, 6.63260763190086e-310
70.47047047047047, 6.7292e-319, 9.8744e-320, 0.0, 8.487983163861089e-306
70.57057057057058, 5.868601231711121e-152, 1.3806576565e-313, 9.7910787222523e-310, 7.565814724322368e-301
70.67067067067067, 3.6431900325e-314, 8.4372587197e-314, 0.0, 0.0
70.77077077077077, 0.0, 1.3806576565e-313, 9.7910787222523e-310, 7.565814724322368e-301
70.87087087087087, 3.6431900325e-314, 8.4372587197e-314, 0.0, 0.0
70.97097097097098, 0.0, 0.0, 0.0, 0.0
71.07107107107107, 0.0, 0.0, 0.0, 0.0
71.17117117117117, 0.0, 1.61075263676e-313, 2.41910661e-315, 0.0
71.27127127127127, 0.0, 0.0, 0.0, 0.0
71.37137137137137, 0.0, 1.0422582328627605e+174, 0.0, 0.0
71.47147147147147, 0.0, 0.0, 0.0, 0.0
71.57157157157158, 0.0, 6e-323, 5.966029585309114e-157, 9.336781482915153e-307
71.67167167167167, 1.0973e-320, 3.84e-320, 8.48798316e-315, 3.055673938989992e-306
71.77177177177177, nan, 6.674279067146022e-128, 5.562956261729e-311, 4.918786244469348e-305
71.87187187187187, -2.8256257254722385e+171, 7.6343e-320, 1.5856243364014756e-157, 3.885937685152619e-264
71.97197197197198, 8.8504e-319, 7.31e-321, 4.45619115e-316, 0.0
72.07207207207207, -2.1753194511268353e-36, 9.587547141e-314, 1.69120688140887e-309, 4.45064002664335e-302
72.17217217217217, 1.457367296e-313, 1.3806599967e-313, 3.303e-320, 0.0
72.27227227227228, 0.0, 9.5875463637e-314, 1.69120688140887e-309, 4.45064002664335e-302
72.37237237237238, 1.457367296e-313, 1.3806599967e-313, 3.303e-320, 0.0
72.47247247247248, 0.0, 0.0, 0.0, 0.0
72.57257257257257, 0.0, 0.0, 0.0, 0.0
72.67267267267268, 0.0, 8.0536402933e-314, 7.56598449279274e-310, 5.63234836e-316
72.77277277277278, 0.0, 0.0, 0.0, 0.0
72.87287287287288, 0.0, 2.2148986008296067e+298, 5.5153699977e-313, 0.0
72.97297297297297, 0.0, 0.0, 0.0, 0.0
73.07307307307308, 0.0, 3.35661361058725e-277, 0.0, 1.1485405820509384e-306
73.17317317317318, 1.8285e-320, 0.0, 2.079555875e-315, 1.976262583e-315
73.27327327327328, 2.63317e-319, 3.83495535e-315, 3.950144897e-315, 4.3458485455756e-305
73.37337337337338, 1.64756e-318, -1.764010395789745e-07, 0.0, 8.950009588810551e-148
73.47347347347348, 6e-323, 6.7292e-319, 1.145877727e-315, 1.03753786e-316
73.57357357357357, 7.3144e-319, 5.8686027947811e-152, 1.6021876299544e-309, 9.791078722252316e-301
73.67367367367368, 6.51971082e-314, 3.6431900325e-314, 9.7910379798295e-310, 0.0
73.77377377377378, 0.0, 0.0, 1.6021876299544e-309, 9.791078722252316e-301
73.87387387387388, 6.51971082e-314, 3.6431900325e-314, 9.7910379798295e-310, 0.0
73.97397397397397, 0.0, 0.0, 0.0, 0.0
74.07407407407409, 0.0, 0.0, 0.0, 0.0
74.17417417417418, 0.0, 0.0, 1.8692019252016e-309, 2.4191066099475822e-306
74.27427427427428, 0.0, 0.0, 0.0, 0.0
74.37437437437437, 0.0, 0.0, 8.882006e-318, 0.0
74.47447447447448, 0.0, 0.0, 0.0, 0.0
74.57457457457458, 0.0, 0.0, 6.63273e-319, 5.9660295853091144e-148
74.67467467467468, 8.046e-320, 1.0973e-320, 4.45619115e-316, 8.487983164345273e-306
74.77477477477477, 2.63317e-319, nan, 7.745183833305322e-124, 5.562956261729482e-302
74.87487487487488, 4.23868e-318, -2.8256257254722385e+171, 8.85933363e-316, 1.5856243364014755e-148
74.97497497497498, 3.3486400202304376e-277, 8.8504e-319, 8.4879836e-317, 4.456191163695026e-307
75.07507507507508, 0.0, -1.0818369096595584e+51, 1.112589305425155e-309, 1.6912068814088725e-300
75.17517517517518, 3.83526256e-315, 1.457367296e-313, 1.6021903456531e-309, 3.3027186658097e-311
75.27527527527528, 0.0, 0.0, 1.11258921522989e-309, 1.6912068814088725e-300
75.37537537537538, 3.83526256e-315, 1.457367296e-313, 1.6021903456531e-309, 3.3027186658097e-311
75.47547547547548, 0.0, 0.0, 0.0, 0.0
75.57557557557558, 0.0, 0.0, 0.0, 0.0
75.67567567567568, 0.0, 0.0, 9.3458670174258e-310, 7.565984492792735e-301
75.77577577577577, 0.0, 0.0, 0.0, 0.0
75.87587587587588, 0.0, 0.0, -6.167696136674277e-226, 8.415764746520614e-309
75.97597597597598, 0.0, 0.0, 0.0, 0.0
76.07607607607608, 0.0, 0.0, 3.895190658021102e-273, 0.0
76.17617617617617, 9.897e-320, 1.8285e-320, 0.0, 2.0795558752497207e-306
76.27627627627629, 0.0, 2.63317e-319, 4.450283524551e-311, 4.332104141531954e-306
76.37637637637638, 3.74496e-318, 1.64756e-318, -0.0020470502749138854, 2.02566915e-316
76.47647647647648, 7.712516956987718e-161, 6e-323, 7.80894451e-315, 1.1458777271410097e-306
76.57657657657657, 0.0, 7.3144e-319, 6.810234406482203e-148, 1.6021876299543993e-300
76.67667667667668, 8.437293829e-314, 6.51971082e-314, 4.227748983306e-310, 9.7910379798295e-301
76.77677677677679, 0.0, 0.0, 0.0, 1.6021876299543993e-300
76.87687687687688, 8.437293829e-314, 6.51971082e-314, 4.227748983306e-310, 9.7910379798295e-301
76.97697697697699, 0.0, 0.0, 0.0, 0.0
77.07707707707708, 0.0, 0.0, 0.0, 0.0
77.17717717717719, 0.0, 0.0, 0.0, 1.8692019252015996e-300
77.27727727727728, 2.0846e-319, 0.0, 0.0, 0.0
77.37737737737739, 0.0, 0.0, 0.0, 8.41578607039389e-309
77.47747747747748, 0.0, 0.0, 0.0, 0.0
77.57757757757759, 0.0, 0.0, 0.0, 6.6327342609259e-310
77.67767767767768, 5.14112346875173e-161, 8.046e-320, 1.2731975e-316, 4.456191161027072e-307
77.77777777777779, 7.3144e-319, 2.63317e-319, nan, 7.745183833305322e-115
77.87787787787788, 4.793781957e-315, 4.23868e-318, -3.279004438940461e+175, 8.85933364599174e-307
77.97797797797797, 1.3663845228945751e-161, 3.3486400202304376e-277, 1.0270459627e-314, 8.487983345677247e-308
78.0780780780781, 3.84e-320, 0.0, -4.198672567229804e-143, 1.1125893054251539e-300
78.17817817817819, 1.4573684666e-313, 3.83526256e-315, 1.691205522979275e-309, 1.6021903456531003e-300
78.27827827827828, 5e-324, 0.0, 0.0, 1.11258921522989e-300
78.37837837837837, 1.4573684666e-313, 3.83526256e-315, 1.691205522979275e-309, 1.6021903456531003e-300
78.4784784784785, 5e-324, 0.0, 0.0, 0.0
78.57857857857859, 0.0, 0.0, 0.0, 0.0
78.67867867867868, 0.0, 0.0, 0.0, 9.345867017425795e-301
78.77877877877879, 6.519857115e-314, 0.0, 0.0, 0.0
78.87887887887888, 0.0, 0.0, 0.0, 3.0705969977566524e+99
78.97897897897899, 0.0, 0.0, 0.0, 0.0
79.07907907907908, 0.0, 0.0, 0.0, 3.8951906580211016e-264
79.17917917917919, 0.0, 9.897e-320, 2.1219958e-316, 2.964394e-317
79.27927927927928, 1.79203e-319, 0.0, 3.05567394e-315, 4.4502835245507816e-302
79.37937937937939, 2.9834e-319, 3.74496e-318, 1.911918209e-314, -2047050.2749138854
79.47947947947948, 0.0, 7.712516956987718e-161, 6.6326e-319, 7.80894451314348e-306
79.57957957957959, 1.11545e-319, 0.0, 8.48798316e-315, 6.810229108076948e-139
79.67967967967968, 1.3806576565e-313, 8.437293829e-314, 7.5658215147089e-310, 9.345826278422393e-301
79.77977977977979, 0.0, 0.0, 0.0, 0.0
79.8798798798799, 1.3806576565e-313, 8.437293829e-314, 7.5658215147089e-310, 9.345826278422393e-301
79.97997997997999, 0.0, 0.0, 0.0, 0.0
80.08008008008008, 0.0, 0.0, 0.0, 0.0
80.18018018018017, 0.0, 0.0, 0.0, 0.0
80.2802802802803, 1.61075263676e-313, 2.0846e-319, 0.0, 0.0
80.38038038038039, 0.0, 0.0, 0.0, 0.0
80.48048048048048, 7.26e-322, 0.0, 0.0, 0.0
80.58058058058057, 0.0, 0.0, 0.0, 0.0
80.6806806806807, 6e-323, 7.147401709310707e-253, 9.3367815e-316, 2.7585945290947656e-307
80.78078078078079, 5.12e-320, 7.3144e-319, 3.05567394e-315, -inf
80.88088088088088, 6.674279065300646e-128, 4.793781957e-315, 5.525677041e-314, 6.365987966762723e-308
80.98098098098099, 1.723465629943019e-07, 1.83e-321, 3.885937231650418e-273, 1.0270459628271918e-305
81.08108108108108, 7.31e-321, 4.206e-320, 0.0, -8.814425663403271e-274
81.18118118118119, -2.1257513348098502e-241, 1.136e-321, 0.0, 0.0
81.28128128128128, 0.0, 0.0, 0.0, 0.0
81.38138138138139, -2.1257511974830428e-241, 1.136e-321, 0.0, 0.0
81.48148148148148, 0.0, 0.0, 0.0, 0.0
81.58158158158159, 0.0, 0.0, 0.0, 0.0
81.6816816816817, 0.0, 0.0, 0.0, 0.0
81.78178178178179, 8.0536402933e-314, 6.519857115e-314, 0.0, 0.0
81.88188188188188, 0.0, 0.0, 0.0, 0.0
81.98198198198199, 2.301001004e-314, 3.6432982832e-314, 2.00268700447827e-310, 1.0013248281062868e-301
82.0820820820821, 0.0, 0.0, 0.0, 0.0
82.18218218218219, 3.35661361058725e-277, 0.0, 1.339520527e-315, 2.5463949516780616e-307
82.28228228228228, 0.0, 1.24346e-319, 0.0, 3.0556739397014467e-306
82.38238238238237, 3.87007166e-315, 2.4531e-319, 4.345848546e-314, 2.0944098470181832e-305
82.4824824824825, 1.5022216527727586e-109, 0.0, 1.294e-321, 6.63260763190086e-310
82.58258258258259, 6.7292e-319, 1.152e-319, 0.0, 8.487983163861089e-306
82.68268268268268, 5.868597899904061e-152, -2.6952242853498326e-167, 0.0, 0.0
82.78278278278279, 0.0, 0.0, 0.0, 0.0
82.8828828828829, 0.0, -2.6952242853498326e-167, 0.0, 0.0
82.98298298298299, 0.0, 0.0, 0.0, 0.0
83.08308308308308, 0.0, 0.0, 0.0, 0.0
83.18318318318319, 0.0, 0.0, 0.0, 0.0
83.28328328328328, 0.0, 1.61075263676e-313, 2.41910661e-315, 0.0
83.38338338338339, 0.0, 0.0, 0.0, 0.0
83.48348348348348, 0.0, 7.26e-322, 0.0, 0.0
83.58358358358359, 0.0, 0.0, 0.0, 0.0
83.68368368368368, 0.0, 6e-323, 6.338303622218073e-157, 1.0822178537035502e-306
83.78378378378379, 2.743e-320, 4.206e-320, 8.48798316e-315, 3.055673938989992e-306
83.8838838838839, -1.4523341055780799e+301, 6.674279067160251e-128, 5.562956261729e-311, 5.735754623990978e-305
83.98398398398399, -1.1831e-318, 4.0533e-320, 5.563342464964e-312, 3.8859372316504185e-264
84.08408408408408, 8.8504e-319, 7.31e-321, 4.88059033e-316, 0.0
84.18418418418419, -8.424124518648239e-157, -2.1257513348098502e-241, 1.3164557e-317, 0.0
84.2842842842843, 0.0, 0.0, 0.0, 0.0
84.38438438438439, 0.0, -2.1257511974830428e-241, 1.3164557e-317, 0.0
84.48448448448448, 0.0, 0.0, 0.0, 0.0
84.58458458458459, 0.0, 0.0, 0.0, 0.0
84.6846846846847, 0.0, 0.0, 0.0, 0.0
84.78478478478479, 0.0, 8.0536402933e-314, 7.56598449279274e-310, 5.63234836e-316
84.88488488488488, 0.0, 0.0, 0.0, 0.0
84.98498498498499, 0.0, -1.6566616584188e-309, 1.8e-322, 0.0
85.08508508508508, 0.0, 0.0, 0.0, 0.0
85.18518518518519, 0.0, 3.35661361058725e-277, 0.0, 1.3395205270286745e-306
85.28528528528528, 2.194e-320, 0.0, 1.442957137e-315, 1.976262583e-315
85.38538538538539, 2.63317e-319, 3.87007166e-315, 3.41964595e-315, 4.3458485455756e-305
85.48548548548548, 1.80482e-318, 1.5022216527727586e-109, 0.0, 1.295316606984e-312
85.58558558558559, 6e-323, 6.7292e-319, 1.33685735e-315, 1.136351e-316
85.6856856856857, 7.3144e-319, 5.868601231711121e-152, -3.127679761665966e-163, 0.0
85.78578578578579, 0.0, 0.0, 0.0, 0.0
85.88588588588588, 0.0, 0.0, -3.127679761665966e-163, 0.0
85.98598598598599, 0.0, 0.0, 0.0, 0.0
86.0860860860861, 0.0, 0.0, 0.0, 0.0
86.18618618618619, 0.0, 0.0, 0.0, 0.0
86.28628628628628, 0.0, 0.0, 1.8692019252016e-309, 2.4191066099475822e-306
86.38638638638639, 0.0, 0.0, 0.0, 0.0
86.4864864864865, 0.0, 0.0, 1.2094911726173728e+178, 0.0
86.58658658658659, 0.0, 0.0, 0.0, 0.0
86.68668668668668, 0.0, 0.0, 6.63273e-319, 6.338303622218074e-148
86.78678678678679, 9.326e-320, 2.743e-320, 4.88059033e-316, 8.487983164197054e-306
86.8868868868869, 2.63317e-319, -1.4523341055780799e+301, 7.745183833321836e-124, 5.562956261729407e-302
86.98698698698699, 4.942687e-318, -1.1831e-318, 4.70387574e-316, 5.563342464963203e-303
87.08708708708708, 3.34863962943271e-277, 8.8504e-319, 8.4879836e-317, 4.88059032233274e-307
87.18718718718719, 0.0, -6.229876475281113e+214, -2.466833452176394e-237, 1.3164555756967746e-308
87.28728728728728, 0.0, 0.0, 0.0, 0.0
87.38738738738739, 0.0, 0.0, -2.466833292815157e-237, 1.3164555756967746e-308
87.4874874874875, 0.0, 0.0, 0.0, 0.0
87.58758758758759, 0.0, 0.0, 0.0, 0.0
87.68768768768768, 0.0, 0.0, 0.0, 0.0
87.78778778778779, 0.0, 0.0, 9.3458670174258e-310, 7.565984492792735e-301
87.8878878878879, 0.0, 0.0, 0.0, 0.0
87.98798798798799, 0.0, 0.0, 1.496453066916539e+205, 0.0
88.08808808808809, 0.0, 0.0, 0.0, 0.0
88.18818818818819, 0.0, 0.0, 3.895190658021102e-273, 0.0
88.2882882882883, 1.1543e-319, 2.194e-320, 0.0, 1.4429571379700203e-306
88.38838838838839, 0.0, 2.63317e-319, 4.491034330749e-311, 5.053582710460147e-306
88.48848848848849, 3.74496e-318, 1.80482e-318, 1.7432568734456573e-105, 1.0869444e-316
88.58858858858859, 0.0, 6e-323, 7.80894451e-315, 1.3368573483278842e-306
88.6886886886887, 0.0, 7.3144e-319, 6.810233976881777e-148, -3.1276797616659654e-154
88.78878878878879, 0.0, 0.0, 0.0, 0.0
88.88888888888889, 0.0, 0.0, 0.0, -3.1276797616659654e-154
88.988988988989, 0.0, 0.0, 0.0, 0.0
89.0890890890891, 0.0, 0.0, 0.0, 0.0
89.1891891891892, 0.0, 0.0, 0.0, 0.0
89.2892892892893, 0.0, 0.0, 0.0, 1.8692019252015996e-300
89.3893893893894, 2.0846e-319, 0.0, 0.0, 0.0
89.48948948948949, 0.0, 0.0, 0.0, 1.211642407925044e+187
89.5895895895896, 0.0, 0.0, 0.0, 0.0
89.6896896896897, 0.0, 0.0, 0.0, 6.6327342609259e-310
89.7897897897898, 5.461924222518096e-161, 9.326e-320, 3.18299366e-316, 4.880590319220126e-307
89.88988988988989, 7.3144e-319, 2.63317e-319, -1.6853647445537939e+305, 7.745183833321835e-115
89.98998998999, 4.793781957e-315, 4.942687e-318, -1.372931277e-314, 4.7038757434901134e-307
90.0900900900901, 4.79411476e-316, 3.34863962943271e-277, 1.0270459627e-314, 8.487983345677247e-308
90.1901901901902, 4.206e-320, 0.0, -8.814425663403272e-283, 7.856393723350687e+158
90.29029029029029, 7.43462e-317, 0.0, 0.0, 0.0
90.3903903903904, 0.0, 0.0, 0.0, 7.856393192591982e+158
90.4904904904905, 7.43462e-317, 0.0, 0.0, 0.0
90.5905905905906, 0.0, 0.0, 0.0, 0.0
90.69069069069069, 0.0, 0.0, 0.0, 0.0
90.7907907907908, 0.0, 0.0, 0.0, 9.345867017425795e-301
90.8908908908909, 6.519857115e-314, 0.0, 0.0, 0.0
90.990990990991, 0.0, 0.0, 0.0, 2.6702023691830374e-301
91.09109109109109, 3.6432982832e-314, 1.72578111e-314, 1.0013248281063e-310, 0.0
91.1911911911912, 0.0, 0.0, 0.0, 3.8951906580211016e-264
91.2912912912913, 0.0, 1.1543e-319, 2.54639497e-316, 7.4109847e-317
91.3913913913914, 1.24346e-319, 0.0, 3.05567394e-315, 4.491034330749106e-302
91.4914914914915, 2.4531e-319, 3.74496e-318, 2.094409847e-314, 1.7432568734456573e-96
91.5915915915916, 0.0, 0.0, 6.6326e-319, 7.80894451314348e-306
91.69169169169169, 1.152e-319, 0.0, 8.48798316e-315, 6.810229108076948e-139
91.7917917917918, -4.854451519120267e-206, 0.0, 0.0, 0.0
91.8918918918919, 0.0, 0.0, 0.0, 0.0
91.991991991992, -4.854451519120267e-206, 0.0, 0.0, 0.0
92.09209209209209, 0.0, 0.0, 0.0, 0.0
92.19219219219221, 0.0, 0.0, 0.0, 0.0
92.2922922922923, 0.0, 0.0, 0.0, 0.0
92.3923923923924, 1.61075263676e-313, 2.0846e-319, 0.0, 0.0
92.49249249249249, 0.0, 0.0, 0.0, 0.0
92.5925925925926, 7.26e-322, 0.0, 0.0, 0.0
92.6926926926927, 0.0, 0.0, 0.0, 0.0
92.7927927927928, 6e-323, 5.461924222518096e-161, 1.082217853e-315, 3.1829936870407872e-307
92.89289289289289, 4.206e-320, 7.3144e-319, 3.05567394e-315, -inf
92.992992992993, 6.674279067160251e-128, 4.793781957e-315, 5.735754624e-314, -1.372931277242174e-305
93.0930930930931, 4.0533e-320, 4.79411476e-316, 3.885937231650418e-273, 1.0270459628271918e-305
93.1931931931932, 7.31e-321, 4.206e-320, 0.0, -9.775796363199603e-144
93.2932932932933, 6.770112278747486e+145, 7.43462e-317, 0.0, 0.0
93.3933933933934, 0.0, 0.0, 0.0, 0.0
93.4934934934935, 6.770111821375293e+145, 7.43462e-317, 0.0, 0.0
93.5935935935936, 0.0, 0.0, 0.0, 0.0
93.6936936936937, 0.0, 0.0, 0.0, 0.0
93.7937937937938, 0.0, 0.0, 0.0, 0.0
93.89389389389389, 8.0536402933e-314, 6.519857115e-314, 0.0, 0.0
93.99399399399401, 0.0, 0.0, 0.0, 0.0
94.0940940940941, -1.6566616584188e-309, 0.0, 0.0, 0.0
94.1941941941942, 0.0, 0.0, 0.0, 0.0
94.29429429429429, 3.35661361058725e-277, 0.0, 1.339520527e-315, 2.5463949516780616e-307
94.39439439439441, 0.0, 1.24346e-319, 0.0, 3.0556739397014467e-306
94.4944944944945, 3.87007166e-315, 2.9468e-319, 4.345848546e-314, 2.0944098470181832e-305
94.5945945945946, 1.5022216527727586e-109, 0.0, 1.294e-321, 6.63260763190086e-310
94.69469469469469, 6.7292e-319, 1.152e-319, 0.0, 8.487983163861089e-306
94.7947947947948, 5.868601231711121e-152, -4.854451519120267e-206, 2.03e-322, 0.0
94.8948948948949, 0.0, 0.0, 0.0, 0.0
94.994994994995, 0.0, -4.854451519120267e-206, 2.03e-322, 0.0
95.0950950950951, 0.0, 0.0, 0.0, 0.0
95.1951951951952, 0.0, 0.0, 0.0, 0.0
95.2952952952953, 0.0, 0.0, 0.0, 0.0
95.3953953953954, 0.0, 1.61075263676e-313, 2.41910661e-315, 0.0
95.4954954954955, 0.0, 0.0, 0.0, 0.0
95.5955955955956, 0.0, 1.0422582328627605e+174, 0.0, 0.0
95.6956956956957, 0.0, 0.0, 0.0, 0.0
95.7957957957958, 0.0, 6e-323, 6.338303622218073e-157, 1.0822178537035502e-306
95.8958958958959, 2.743e-320, 4.206e-320, 8.48798316e-315, 3.055673938989992e-306
95.995995995996, -1.4523341055780799e+301, 6.674279067160251e-128, 5.562956261729e-311, 5.735754623990978e-305
96.09609609609609, -1.1831e-318, 4.0533e-320, 5.563342464964e-312, 3.8859372316504185e-264
96.19619619619621, 8.8504e-319, 7.31e-321, 4.88059033e-316, 0.0
96.2962962962963, -6.229876475281113e+214, 6.770112278747486e+145, 8.6275232627e-313, 0.0
96.3963963963964, 0.0, 0.0, 0.0, 0.0
96.49649649649649, 0.0, 6.770111821375293e+145, 8.6275232627e-313, 0.0
96.59659659659661, 0.0, 0.0, 0.0, 0.0
96.6966966966967, 0.0, 0.0, 0.0, 0.0
96.7967967967968, 0.0, 0.0, 0.0, 0.0
96.8968968968969, 0.0, 8.0536402933e-314, 7.56598449279274e-310, 5.63234836e-316
96.996996996997, 0.0, 0.0, 0.0, 0.0
97.0970970970971, 0.0, 1.2895427138267378e+201, 0.0, 0.0
97.1971971971972, 0.0, 0.0, 0.0, 0.0
97.2972972972973, 0.0, 3.35661361058725e-277, 0.0, 1.3395205270286745e-306
97.3973973973974, 2.194e-320, 0.0, 1.442957137e-315, 1.976262583e-315
97.4974974974975, 2.63317e-319, 3.87007166e-315, 5.05358271e-315, 4.3458485455756e-305
97.5975975975976, 1.80482e-318, 1.5022216527727586e-109, 0.0, 1.295316606984e-312
97.6976976976977, 6e-323, 6.7292e-319, 1.33685735e-315, 1.136351e-316
97.7977977977978, 7.3144e-319, 5.868602095512952e-152, -5.633360404501672e-202, 2.0087226963e-313
97.8978978978979, 0.0, 0.0, 0.0, 0.0
97.99799799799801, 0.0, 0.0, -5.633360404501672e-202, 2.0087226963e-313
98.0980980980981, 0.0, 0.0, 0.0, 0.0
98.1981981981982, 0.0, 0.0, 0.0, 0.0
98.29829829829829, 0.0, 0.0, 0.0, 0.0
98.39839839839841, 0.0, 0.0, 1.8692019252016e-309, 2.4191066099475822e-306
98.4984984984985, 0.0, 0.0, 0.0, 0.0
98.5985985985986, 0.0, 0.0, 1.211642407925044e+178, 0.0
98.69869869869869, 0.0, 0.0, 0.0, 0.0
98.79879879879881, 0.0, 0.0, 6.63273e-319, 6.338303622218074e-148
98.8988988988989, 9.326e-320, 2.743e-320, 4.88059033e-316, 8.487983164197054e-306
98.998998998999, 2.63317e-319, -1.4523341055780799e+301, 7.745183833321836e-124, 5.562956261729449e-302
99.0990990990991, 4.942687e-318, -1.1831e-318, 4.70387574e-316, 5.563342464963203e-303
99.1991991991992, 3.34863962943271e-277, 8.8504e-319, 8.4879836e-317, 4.880590322233927e-307
99.2992992992993, 0.0, -7.595679839281616e-287, 1.112589305425155e-309, 1.6912068814088725e-300
99.3993993993994, 3.83526256e-315, 8.053581787e-314, 2.78148661967676e-310, 0.0
99.4994994994995, 0.0, 0.0, 1.11258921522989e-309, 1.6912068814088725e-300
99.5995995995996, 3.83526256e-315, 8.053769035e-314, 2.78148661967676e-310, 0.0
99.6996996996997, 0.0, 0.0, 0.0, 0.0
99.79979979979981, 0.0, 0.0, 0.0, 0.0
99.8998998998999, 0.0, 0.0, 9.3458670174258e-310, 7.565984492792735e-301
100.0, 0.0, 0.0, 0.0, 0.0
