Initial conditions: Te0=3.5, Ti0=10.5, rho0=1000.0, Rh0=15.0
t (ps), Te (keV), Ti (keV), rho (g/cm^3), Rh (um)
0.0, 3.5, 10.5, 1000.0, 15.0
0.05005005005005005, 6.138806267576346, 8.095959367110181, 993.659346401259, 15.031850700999565
0.1001001001001001, 6.7658110438426, 7.556978795675051, 987.3609114334847, 15.063757361910877
0.15015015015015015, 7.015714736361776, 7.359394513635308, 981.1207236631624, 15.095637376754215
0.2002002002002002, 7.131469253720901, 7.283027630267308, 974.9428599957334, 15.127466296112507
0.2502502502502503, 7.191882134977489, 7.256954025290528, 968.8282432687205, 15.159235213874787
0.3003003003003003, 7.228156027947197, 7.253185734538776, 962.7766420396276, 15.190941018931442
0.3503503503503504, 7.253705325484976, 7.259721113964544, 956.7873573996891, 15.22258302923857
0.4004004004004004, 7.274531106668254, 7.2712082112796965, 950.859497307823, 15.254161637419037
0.45045045045045046, 7.293379177327544, 7.285211679356193, 944.9920939017379, 15.285677726075392
0.5005005005005005, 7.311526153882617, 7.300611597383748, 939.1841552890642, 15.317132406422068
0.5505505505505506, 7.329574898139508, 7.316891159526605, 933.4346887145279, 15.348526899247512
0.6006006006006006, 7.347815971937947, 7.333813296506501, 927.7427109018711, 15.379862480187482
0.6506506506506506, 7.3663941130320945, 7.351271875908796, 922.1072525688247, 15.411140454491996
0.7007007007007008, 7.3853855235412285, 7.3692226931475755, 916.5273602637022, 15.442362145502713
0.7507507507507507, 7.404834181719134, 7.387651095516438, 911.0020969717065, 15.473528889519676
0.8008008008008008, 7.424768890717202, 7.406556814281096, 905.5305421491421, 15.504642033716443
0.8508508508508509, 7.445211507077605, 7.425946671894676, 900.1117914947966, 15.535702935485803
0.9009009009009009, 7.466180765463767, 7.445831218225771, 894.7449566050507, 15.566712962504548
0.950950950950951, 7.487694221087458, 7.466223047269157, 889.4291645727704, 15.597673493135675
1.001001001001001, 7.509769146348841, 7.487136060940259, 884.1635577484453, 15.628585917179805
1.0510510510510511, 7.532423020596847, 7.508585051897559, 878.9472928929814, 15.659451636214339
1.1011011011011012, 7.555673765923755, 7.530585568089174, 873.7795410457561, 15.690272064565507
1.1511511511511512, 7.579539872870057, 7.553153833020525, 868.6594868504528, 15.721048629839736
1.2012012012012012, 7.604040520943889, 7.576306731366871, 863.5863285433454, 15.751782774122589
1.2512512512512513, 7.629195626494729, 7.60006182632612, 858.559277584782, 15.782475954842571
1.3013013013013013, 7.655025914286965, 7.624437386880217, 853.5775584793137, 15.813129645989557
1.3513513513513515, 7.6815529274713015, 7.649452350912862, 848.6404071905058, 15.84374533794192
1.4014014014014016, 7.708799091082726, 7.675126421073141, 843.7470717897778, 15.874324539304329
1.4514514514514514, 7.736787747496749, 7.701480089800639, 838.8968119149777, 15.904868777680736
1.5015015015015014, 7.765543212838604, 7.728534676499424, 834.0888983244373, 15.93537960080815
1.5515515515515517, 7.795090854126492, 7.756312348152412, 829.3226125414783, 15.96585857764677
1.6016016016016017, 7.825457126665496, 7.784836170937163, 824.5972465324932, 15.9963072994263
1.6516516516516517, 7.856669621960937, 7.814130161325935, 819.9121023652594, 16.02672738078505
1.7017017017017018, 7.888757126830684, 7.844219353970203, 815.266491806757, 16.057120461203162
1.751751751751752, 7.921749705957967, 7.875129829561944, 810.6597360247238, 16.08748820615696
1.8018018018018018, 7.9556787677399825, 7.9068887656477065, 806.0911652711644, 16.11783230836702
1.851851851851852, 7.990577148321695, 7.9395245058787784, 801.5601184927788, 16.1481544894165
1.901901901901902, 8.026479182872622, 7.973066646117877, 797.0659429637101, 16.178456501403794
1.951951951951952, 8.063420711930684, 8.007546020874381, 792.6079943306379, 16.208740126811232
2.002002002002002, 8.101439328529107, 8.04299490667633, 788.1856356119652, 16.23900718308187
2.052052052052052, 8.14057430710082, 8.079446949750603, 783.7982375760087, 16.269259521087832
2.1021021021021022, 8.18086687775576, 8.116937361525059, 779.4451778168656, 16.299499029747395
2.1521521521521523, 8.222360170527624, 8.155502904759597, 775.1258409546896, 16.329727635260713
2.2022022022022023, 8.265099432204794, 8.195182065007062, 770.8396179453107, 16.359947304833963
2.2522522522522523, 8.309132145201708, 8.236015160185225, 766.585905811607, 16.390160048674524
2.3023023023023024, 8.354508017087108, 8.278044328582025, 762.3641076566607, 16.42036791981242
2.3523523523523524, 8.401279292979048, 8.321313749963243, 758.1736319703334, 16.45057301877212
2.4024024024024024, 8.44950086734605, 8.365869726952676, 754.0138923725527, 16.480777495276453
2.452452452452453, 8.499230372876166, 8.411760752237665, 749.8843074794601, 16.51098354949179
2.5025025025025025, 8.550528476232248, 8.459037716661019, 745.7843003719329, 16.541193436214673
2.552552552552553, 8.603459022213908, 8.507754058845066, 741.7132981469011, 16.57140946758479
2.6026026026026026, 8.65808904811903, 8.557965860714889, 737.6707321203291, 16.601634013393607
2.6526526526526526, 8.714489105981977, 8.609732049685327, 733.6560370560384, 16.631869505842744
2.702702702702703, 8.772733542951224, 8.663114585584767, 729.6686509449825, 16.662118442700454
2.7527527527527527, 8.832900643485281, 8.718178601278206, 725.708014678706, 16.692383389743387
2.802802802802803, 8.895073018516438, 8.774992585339824, 721.773571684282, 16.722666984756938
2.852852852852853, 8.959337871399962, 8.833628553388136, 717.8647675881565, 16.752971940795973
2.9029029029029028, 9.025787173651025, 8.894162341851862, 713.9810498682627, 16.783301049717263
2.9529529529529532, 9.094517950863159, 8.956673970240276, 710.1218674778843, 16.81365718671113
3.003003003003003, 9.1656325869599, 9.021247751394359, 706.2866705086801, 16.844043313382667
3.0530530530530533, 9.2392392451292, 9.087972744703896, 702.474909774675, 16.87446248346211
3.1031031031031033, 9.31545210296876, 9.15694291058144, 698.6860364830488, 16.904917845796042
3.1531531531531534, 9.394392186054546, 9.228257355765585, 694.9195018166416, 16.935412650499998
3.2032032032032034, 9.476187564793772, 9.302020628366417, 691.1747565768335, 16.96595025269311
3.2532532532532534, 9.560973742275847, 9.378343333029028, 687.4512507442654, 16.996534118781884
3.3033033033033035, 9.648894108191605, 9.457342471380189, 683.7484330852438, 17.027167831516408
3.3533533533533535, 9.740100399256704, 9.539141889808882, 680.0657507367355, 17.057855095638566
3.4034034034034035, 9.834753169752904, 9.623872982481897, 676.402648741144, 17.088599744963524
3.4534534534534536, 9.933022400590495, 9.71167485817817, 672.7585696729143, 17.119405747027407
3.503503503503504, 10.035088934504174, 9.802694681590205, 669.1329531713135, 17.150277211582758
3.5535535535535536, 10.141144369330512, 9.897088572111436, 665.5252354949636, 17.181218396475415
3.6036036036036037, 10.25139166019098, 9.995022338266317, 661.9348490608064, 17.212233715145025
3.6536536536536537, 10.366046006166032, 10.096672106290004, 658.3612219699384, 17.243327744574025
3.703703703703704, 10.48533582714754, 10.20222490686934, 654.8037775468429, 17.274505233179326
3.753753753753754, 10.609503440872855, 10.311879614228749, 651.261933846897, 17.305771109413648
3.803803803803804, 10.738805901747293, 10.42584780043525, 647.7351031843843, 17.337130490339028
3.853853853853854, 10.873515919565484, 10.544354628696292, 644.2226916597283, 17.368588690530785
3.903903903903904, 11.013922876437855, 10.667639941711942, 640.7240986374741, 17.400151232265223
3.9539539539539543, 11.160333583513395, 10.795959154219462, 637.2387163630221, 17.431823853344195
4.004004004004004, 11.313073546990651, 10.929584736122584, 633.7659293500216, 17.463612519933907
4.054054054054054, 11.472487752929311, 11.068807246639262, 630.3051140262946, 17.495523434732185
4.104104104104104, 11.63894201564926, 11.213937033252947, 626.855638110899, 17.527563050834665
4.1541541541541545, 11.812823612991707, 11.365305255977516, 623.4168604031973, 17.559738078412813
4.2042042042042045, 11.994542553318386, 11.523265801702701, 619.9881302340212, 17.592055498622347
4.2542542542542545, 12.184532502799614, 11.688196913695677, 616.5687871140116, 17.624522574225473
4.3043043043043046, 12.38325173399969, 11.860503097930202, 613.1581603784266, 17.657146861338934
4.354354354354355, 12.591183998180497, 12.040617049241002, 609.7555689120652, 17.689936220530686
4.404404404404405, 12.808839318857373, 12.229001732005294, 606.3603209019835, 17.722898828160677
4.454454454454455, 13.036754523254356, 12.426152715221948, 602.9717137033366, 17.756043187437612
4.504504504504505, 13.275493712686998, 12.632600472730523, 599.5890337565204, 17.78937813896983
4.554554554554555, 13.525648435811169, 12.848912880014572, 596.211556624134, 17.822912870787484
4.604604604604605, 13.787837543721471, 13.075697832162595, 592.8385471571218, 17.856656927537372
4.654654654654655, 14.062706620238972, 13.31360593787899, 589.4692598211337, 17.89062021843735
4.704704704704705, 14.350927013367494, 13.563333239006896, 586.1029391777993, 17.924813023941383
4.754754754754755, 14.653194298957631, 13.825623963715131, 582.7388205668112, 17.95924600069563
4.804804804804805, 14.970226012575054, 14.101273244889967, 579.3761310389498, 17.99393018417226
4.854854854854855, 15.302758523562712, 14.391129675358137, 576.0140905791746, 18.02887698837634
4.904904904904906, 15.651543115750155, 14.6960976501902, 572.6519135988083, 18.06409820272722
4.954954954954955, 16.017340931586432, 15.017139359798039, 569.2888107929838, 18.0996059849731
5.005005005005005, 16.40091663285724, 15.355276284392641, 565.9239914081692, 18.13541284946668
5.055055055055055, 16.80303062993375, 15.711589926000746, 562.5566659779959, 18.17153164983008
5.105105105105106, 17.22442985134325, 16.087221639371478, 559.1860495272558, 18.20797555579291
5.155155155155156, 17.665836788043336, 16.483371260417158, 555.8113653351979, 18.24475802286003
5.205205205205205, 18.127936736704736, 16.901294243511934, 552.4318492947583, 18.28189275401663
5.255255255255255, 18.611363098838666, 17.34229691452342, 549.0467549340573, 18.31939365222804
5.305305305305305, 19.116680713432135, 17.807729419676697, 545.655359139802, 18.3572747626763
5.355355355355356, 19.6443674719278, 18.29897621727373, 542.2569685435169, 18.39555020481094
5.405405405405406, 20.19479415714316, 18.817443569110242, 538.8509266503966, 18.434234092506937
5.455455455455455, 20.768202865249386, 19.364543816233624, 535.4366216660644, 18.473340442252297
5.505505505505505, 21.364684335676113, 19.941675899275843, 532.0134950394258, 18.5128830680284
5.555555555555555, 21.98415504584607, 20.55020238680161, 528.5810505507068, 18.552875464454473
5.605605605605606, 22.626334687015166, 21.191423032498648, 525.138863863139, 18.593330678429393
5.655655655655656, 23.29072491597319, 21.86654496671154, 521.6865924075926, 18.634261169841245
5.705705705705706, 23.97659045620612, 22.5766501409026, 518.2239853805537, 18.67567866343829
5.7557557557557555, 24.682944108942063, 23.322660734950116, 514.7508935769795, 18.717593993896624
5.8058058058058055, 25.408536466443255, 24.105304230828764, 511.2672787349161, 18.760016948973814
5.855855855855856, 26.151851506549722, 24.925079036802035, 507.77322214331383, 18.80295611286031
5.9059059059059065, 26.911110141012664, 25.782222585045307, 504.26893195879313, 18.846418715095645
5.9559559559559565, 27.6842799149014, 26.67668369242054, 500.7547492118163, 18.890410490082875
6.006006006006006, 28.46909449976908, 27.608100782194125, 497.2311518204453, 18.934935551009506
6.056056056056057, 29.263080336275838, 28.575787768453768, 493.69875651402396, 18.97999628454486
6.106106106106107, 30.06359100653647, 29.578728664805887, 490.1583183996652, 19.0255932694404
6.156156156156157, 30.86784790860622, 30.615581718782646, 486.6107280482052, 19.071725222945275
6.206206206206207, 31.672985798781777, 31.684693267411035, 483.0570060632133, 19.118388977415766
6.256256256256257, 32.47610190343875, 32.78412176325016, 479.4982949786113, 19.16557949110789
6.306306306306307, 33.274304574039384, 33.911668092161335, 475.9358494234197, 19.21328988468559
6.356356356356357, 34.0647622396454, 35.06491437096842, 472.3710239147518, 19.26151151191917
6.406406406406407, 34.84474899688746, 36.24126711669988, 468.8052591579596, 19.310234056638933
6.456456456456457, 35.61168560898067, 37.43800325212266, 465.24006719094507, 19.359445652933545
6.506506506506507, 36.36317470370003, 38.65231692992491, 461.6770157900237, 19.409133024622047
6.556556556556557, 37.09702932073977, 39.88136524924145, 458.11771258592836, 19.45928163918284
6.606606606606607, 37.81129442997481, 41.12231143801937, 454.5637892602448, 19.509875871798148
6.656656656656657, 38.504261071652216, 42.372363337744474, 451.0168864098752, 19.560899172474883
6.706706706706707, 39.174474149898366, 43.62880796947248, 447.4786390220342, 19.61233423589002
6.756756756756757, 39.82073360133558, 44.88903994621189, 443.95066317954, 19.664163166408834
6.806806806806807, 40.44209026043465, 46.15058457426705, 440.4345439707527, 19.716367637163604
6.856856856856857, 41.03783701937599, 47.4111153783177, 436.93182482818486, 19.76892903955692
6.906906906906907, 41.60749624332499, 48.668466453335306, 433.4439983115839, 19.82182862196365
6.956956956956957, 42.1508043609737, 49.920640185983444, 429.9724983601319, 19.875047616024577
7.007007007007008, 42.66769443706077, 51.16581091127281, 426.5186939757982, 19.928567349949795
7.057057057057057, 43.15827745360742, 52.402325135083736, 423.0838842640777, 19.982369348698818
7.107107107107107, 43.62282301125822, 53.6286989117039, 419.66929476630213, 20.036435420810932
7.157157157157157, 44.06174011058901, 54.84361296803789, 416.2760750061551, 20.090747731876093
7.207207207207207, 44.47555794433128, 56.045906416534216, 412.9052969030148, 20.145288868503183
7.257257257257258, 44.864908033979795, 57.23456904740473, 409.55795433959565, 20.20004188792616
7.307307307307307, 45.23050694974892, 58.408733110055145, 406.2349633390814, 20.254990360127945
7.357357357357358, 45.57314067894559, 59.567664777049764, 402.9371630336891, 20.31011839920118
7.407407407407408, 45.893650353515994, 60.710755808175946, 399.6653171172642, 20.365410687622195
7.457457457457458, 46.19291974056866, 61.83751588130158, 396.42011578766346, 20.42085249338821
7.507507507507508, 46.471864947706564, 62.94756635697054, 393.2021779810851, 20.476429681584342
7.557557557557558, 46.73142816171408, 64.04063884664346, 390.0120538331998, 20.53212872265404
7.607607607607608, 46.972574501020304, 65.11657698925035, 386.8502271879876, 20.587936697970456
7.657657657657658, 47.196255932822986, 66.17528906376147, 383.71711833086687, 20.64384130207192
7.707707707707708, 47.40335627237466, 67.2166641976708, 380.61308868292457, 20.699830806782
7.757757757757758, 47.5947093433136, 68.24059415781346, 377.5384456359474, 20.755894019729357
7.807807807807808, 47.77110969327889, 69.24698619363514, 374.4934465639714, 20.81202025405521
7.857857857857859, 47.93331762193968, 70.23576833448602, 371.47830237383897, 20.868199303465765
7.907907907907909, 48.0820620809435, 71.20689185956134, 368.49318072824394, 20.924421420527004
7.957957957957959, 48.21804275630798, 72.16033264982711, 365.5382090846532, 20.980677296571404
8.008008008008009, 48.34193103545704, 73.09609096261602, 362.61347741928535, 21.03695804414273
8.058058058058059, 48.45437103021984, 74.01419115528407, 359.7190408521412, 21.093255179807787
8.108108108108109, 48.555980256705496, 74.91468086009371, 356.8549221124465, 21.14956060803746
8.158158158158159, 48.64735019124544, 75.79762983759434, 354.02111382303684, 21.2058666060287
8.208208208208209, 48.72904683388306, 76.66312877871094, 351.2175806760437, 21.26216580901713
8.258258258258259, 48.80161122895101, 77.51128796733772, 348.44426150227366, 21.31845119609388
8.308308308308309, 48.86555999280533, 78.34223583683806, 345.7010711596648, 21.374716076823184
8.358358358358359, 48.92138588434154, 79.15611755347004, 342.9879023403149, 21.430954078179838
8.408408408408409, 48.96955832531004, 79.95309372304182, 340.30462770039185, 21.487159130106637
8.458458458458459, 49.010524161793604, 80.73333879722372, 337.65110071546167, 21.543325456560268
8.508508508508509, 49.044708148609146, 81.49703975364912, 335.0271579126523, 21.599447560628892
8.558558558558559, 49.072513738238634, 82.24439489541426, 332.4326199806526, 21.6555202144676
8.608608608608609, 49.094323801732, 82.97561253191306, 329.86729304703044, 21.7115384485193
8.65865865865866, 49.11050120651676, 83.6909096632442, 327.33097042015766, 21.767497538808342
8.70870870870871, 49.12138976441883, 84.39051120736075, 324.8234330649245, 21.8233929998105
8.75875875875876, 49.12731476601842, 85.07464842370146, 322.3444515369749, 21.87922057077746
8.80880880880881, 49.12858387710811, 85.74355844670016, 319.8937863366661, 21.93497620944875
8.85885885885886, 49.125487821401954, 86.39748293788148, 317.4711893827852, 21.99065608039527
8.90890890890891, 49.118301123517924, 87.03666741031574, 315.07640474874586, 22.046256547115004
8.95895895895896, 49.10728287252438, 87.66136051176413, 312.7091694202676, 22.10177416396099
9.00900900900901, 49.09267742955706, 88.27181295508345, 310.3692144512563, 22.157205666106847
9.05905905905906, 49.07471510039652, 88.86827738447091, 308.05626517726233, 22.21254796460347
9.10910910910911, 49.0536129351691, 89.45100697184058, 305.77004266340435, 22.26779813454948
9.15915915915916, 49.02957528448704, 90.02025546459659, 303.51026377826844, 22.32295341119034
9.20920920920921, 49.0027944612892, 90.5762766970822, 301.27664177045074, 22.378011183074513
9.259259259259261, 48.97345153046056, 91.11932347297495, 299.06888743151075, 22.432968981771072
9.30930930930931, 48.941716645150755, 91.64964794072407, 296.88670889015003, 22.48782448009426
9.35935935935936, 48.90774985972149, 92.16750064420972, 294.72981260985983, 22.54257548260501
9.40940940940941, 48.87170167990221, 92.67313018512176, 292.5979038332006, 22.597219919799368
9.45945945945946, 48.833713352339984, 93.1667834333917, 290.49068653030133, 22.65175584567831
9.50950950950951, 48.79391774487967, 93.6487045481708, 288.40786442333047, 22.70618142790112
9.55955955955956, 48.75243956939588, 94.11913518483354, 286.3491409324352, 22.760494945606947
9.60960960960961, 48.70939587113935, 94.57831425493407, 284.3142195300046, 22.814694784268738
9.65965965965966, 48.664896696434816, 95.02647739384598, 282.30280436151077, 22.868779428598216
9.70970970970971, 48.619045177256766, 95.46385725831144, 280.3146000933937, 22.922747461392873
9.759759759759762, 48.57193817501876, 95.89068307377688, 278.34931246667924, 22.9765975568379
9.809809809809812, 48.5236666722309, 96.30718048874907, 276.40664855555946, 23.03032847621708
9.85985985985986, 48.47431587606507, 96.71357176932784, 274.48631669658505, 23.083939066347224
9.90990990990991, 48.42396584011548, 97.11007540845776, 272.5880269909881, 23.13742825318682
9.95995995995996, 48.37269168952446, 97.49690615386056, 270.7114913893829, 23.190795039063406
10.01001001001001, 48.32056386298634, 97.87427497459352, 268.8564238254691, 23.24403849963709
10.06006006006006, 48.26764836369399, 98.24238913793964, 267.0225402731105, 23.297157781088067
10.11011011011011, 48.214007063859974, 98.6014521146683, 265.20955893694816, 23.35015209659293
10.16016016016016, 48.15969820894212, 98.95166322660847, 263.41720067670536, 23.403020720990167
10.210210210210212, 48.104776324324156, 99.29321808898615, 261.6451887088887, 23.45576299100586
10.260260260260262, 48.04929253647267, 99.62630847552884, 259.8932488298984, 23.50837830154393
10.310310310310312, 47.99329486462209, 99.9511221895986, 258.1611096347607, 23.56086610208489
10.360360360360362, 47.936828312771496, 100.26784325287157, 256.44850243458893, 23.613225895330917
10.41041041041041, 47.87993508353326, 100.57665187968955, 254.75516137092993, 23.66545723446276
10.46046046046046, 47.82265478946836, 100.87772445407771, 253.08082352008245, 23.717559720528943
10.51051051051051, 47.76502455919866, 101.17123363471862, 251.4252288854145, 23.769533000658264
10.56056056056056, 47.70707921152721, 101.45734837202605, 249.7881204585989, 23.82137676582923
10.61061061061061, 47.64885145355572, 101.73623390750814, 248.1692442889728, 23.87309074859717
10.66066066066066, 47.59037195383646, 102.00805187464496, 246.5683494701182, 23.924674721517103
10.710710710710712, 47.53166948303014, 102.27296033422769, 244.98518817658618, 23.976128495211523
10.760760760760762, 47.47277103541606, 102.53111380742978, 243.41951570784528, 24.02745191643903
10.810810810810812, 47.4137019262708, 102.78266335852709, 241.8710904680681, 24.07864486666313
10.860860860860862, 47.35448589973651, 103.02775664332043, 240.3396739846409, 24.129707260376826
10.91091091091091, 47.295145257235596, 103.26653794256642, 238.8250309354209, 24.180639043374534
10.96096096096096, 47.235700906454674, 103.49914825311565, 237.32692911970636, 24.23144019154158
11.01101101101101, 47.176172457572626, 103.72572533978288, 235.84513946285472, 24.28211070938393
11.06106106106106, 47.11657832994947, 103.94640377637178, 234.37943603012724, 24.33265062850415
11.11111111111111, 47.05693579586042, 104.16131503017593, 232.92959599269855, 24.38306000653782
11.161161161161163, 46.99726105634035, 104.37058751894062, 231.49539962060217, 24.433338925878733
11.211211211211213, 46.93756931944913, 104.57434666104808, 230.07663028410204, 24.483487492358087
11.261261261261263, 46.87787484396811, 104.77271495136691, 228.67307441769645, 24.533505834292995
11.311311311311313, 46.818190999419386, 104.96581202061083, 227.28452150394017, 24.583394101381632
11.361361361361363, 46.75853034200356, 105.15375468422648, 225.9107640664407, 24.63315246352611
11.411411411411413, 46.698904641565974, 105.33665701638068, 224.55159763138496, 24.682781110006896
11.461461461461461, 46.63932493187314, 105.5146304087042, 223.20682070479265, 24.732280248519814
11.511511511511511, 46.57980156779796, 105.68778362275121, 221.87623475797375, 24.781650104151478
11.561561561561561, 46.520344253417086, 105.85622285659583, 220.55964418840358, 24.83089091864032
11.611611611611611, 46.460962081434225, 106.02005180287111, 219.25685629201354, 24.88000294954106
11.661661661661663, 46.4016635807491, 106.17937170111871, 217.96768124315346, 24.9289864693249
11.711711711711713, 46.34245673902967, 106.33428139991017, 216.6919320549883, 24.977841764726573
11.761761761761763, 46.283349035547594, 106.48487741308197, 215.42942454874304, 25.026569136004323
11.811811811811813, 46.22434747854144, 106.63125396896444, 214.17997732768546, 25.075168896211093
11.861861861861863, 46.16545863160474, 106.77350307111982, 212.94341174129087, 25.123641370490667
11.911911911911913, 46.106688631674814, 106.91171454875354, 211.71955184860016, 25.17198689556338
11.961961961961963, 46.04804322727475, 107.04597610677004, 210.50822439509264, 25.220205818952756
12.012012012012011, 45.98952778831543, 107.17637338137513, 209.30925876705015, 25.268298498548784
12.062062062062061, 45.931147327538206, 107.30298999163645, 208.12248695651053, 25.31626530204152
12.112112112112113, 45.87290652497551, 107.42590758603616, 206.94774353102983, 25.364106606351857
12.162162162162163, 45.814809758674635, 107.5452058760676, 205.78486561476197, 25.411822797076148
12.212212212212213, 45.75686111326042, 107.6609627092812, 204.63369283282782, 25.459414267931287
12.262262262262263, 45.69906440437684, 107.77325411406423, 203.49406728198795, 25.50688142019951
12.312312312312313, 45.64142318258854, 107.88215433021246, 202.36583349733607, 25.55422466252608
12.362362362362363, 45.58394072615912, 107.98773582964857, 201.24883841811507, 25.6014444109232
12.412412412412413, 45.526620105992166, 108.09006941270941, 200.14293135233348, 25.64854108735566
12.462462462462463, 45.46946418741049, 108.18922423829017, 199.04796394243186, 25.69551511956782
12.512512512512513, 45.412475611877674, 108.28526783555239, 197.96379013040848, 25.74236694128661
12.562562562562562, 45.355656802634265, 108.37826613900914, 196.89026612311432, 25.789096991966293
12.612612612612613, 45.29901002497792, 108.4682835769112, 195.82725035797557, 25.83570571548715
12.662662662662663, 45.242537380105105, 108.55538309462933, 194.77460346829199, 25.88219356012792
12.712712712712714, 45.18624078468226, 108.63962615088042, 193.7321882548105, 25.92856097893622
12.762762762762764, 45.13012199646854, 108.7210727766869, 192.69986964906354, 25.974808429049435
12.812812812812814, 45.074182643728335, 108.79978163949932, 191.67751467603023, 26.02093637092923
12.862862862862864, 45.018424224118114, 108.87581006561761, 190.6649924226247, 26.066945268290233
12.912912912912914, 44.962848080908984, 108.94921402990097, 189.66217401606173, 26.112835588520934
12.962962962962964, 44.90745543876383, 109.02004822990396, 188.66893258111864, 26.15860780179092
13.013013013013014, 44.852247417051714, 109.08836612816864, 187.68514320535692, 26.204262380653645
13.063063063063064, 44.797225027795584, 109.15421997085117, 186.7106829111483, 26.249799800002847
13.113113113113114, 44.74238915390482, 109.21766076824511, 185.7454306420192, 26.295220537543607
13.163163163163164, 44.687740593977146, 109.27873839569953, 184.7892672066137, 26.34052507259074
13.213213213213214, 44.63328006347854, 109.33750161564387, 183.84207525042825, 26.385713885963224
13.263263263263264, 44.57900819879236, 109.39399810480238, 182.90373922572056, 26.430787459806584
13.313313313313314, 44.524925542250756, 109.44827444240458, 181.9741453780038, 26.475746277920567
13.363363363363364, 44.47103252707831, 109.50037609821945, 181.05318173261506, 26.52059082608919
13.413413413413414, 44.417329536940265, 109.55034757069248, 180.14073801903808, 26.565321590445635
13.463463463463464, 44.36381688994455, 109.59823237308534, 179.23670565825694, 26.609939057827077
13.513513513513514, 44.31049484313162, 109.6440730604111, 178.3409777333742, 26.654443715592976
13.563563563563564, 44.25736357121726, 109.68791118665266, 177.4534489967957, 26.698836052253323
13.613613613613614, 44.20442318880269, 109.72978737903743, 176.57401581622338, 26.74311655673422
13.663663663663664, 44.15167376506105, 109.76974139205134, 175.70257613123925, 26.78728571787931
13.713713713713714, 44.09911532004444, 109.80781211195728, 174.8390294357638, 26.83134402452741
13.763763763763764, 44.04674782492602, 109.84403757011427, 173.98327675689472, 26.875291965477142
13.813813813813814, 43.99457118415713, 109.87845489984612, 173.13522066748735, 26.91913003006331
13.863863863863864, 43.94258526726131, 109.91110044824782, 172.29476520612533, 26.96285870705428
13.913913913913914, 43.89078990627269, 109.94200978075314, 171.46181586118985, 27.00647848471146
13.963963963963964, 43.83918489686717, 109.97121769722933, 170.63627954803968, 27.04998985072385
14.014014014014016, 43.78776999106716, 109.99875822191045, 169.8180646047591, 27.093393292407658
14.064064064064066, 43.73654489299927, 110.02466460282021, 169.00708078140087, 27.13668929680831
14.114114114114114, 43.68550928334297, 110.04896940037389, 168.2032391680952, 27.17987834988539
14.164164164164164, 43.634662812673554, 110.07170447929578, 167.4064521894377, 27.222960936691827
14.214214214214214, 43.584005103526486, 110.09290102706065, 166.61663358080455, 27.265937541278646
14.264264264264265, 43.5335357412297, 110.11258952018305, 165.8336984036626, 27.308808647085836
14.314314314314315, 43.4832542847113, 110.13079978289797, 165.05756299184205, 27.351574736471306
14.364364364364365, 43.433160271829735, 110.14756102050656, 164.28814491674035, 27.39423629047617
14.414414414414415, 43.38325321829067, 110.16290182305858, 163.5253629746911, 27.436793788866787
14.464464464464465, 43.3335326175689, 110.17685017342717, 162.76913717178988, 27.479247710131055
14.514514514514516, 43.283997933394495, 110.1894334200998, 162.01938873765837, 27.521598531787333
14.564564564564566, 43.234648613922154, 110.20067835285965, 161.27604005482334, 27.56384672978172
14.614614614614615, 43.18548409030883, 110.21061120448137, 160.539014648774, 27.605992778540905
14.664664664664665, 43.1365037774381, 110.21925766260816, 159.80823716967498, 27.648037150934726
14.714714714714717, 43.087707069916334, 110.22664285658448, 159.08363339677925, 27.68998031844517
14.764764764764765, 43.03909334464633, 110.2327913785742, 158.3651302121754, 27.73182275104984
14.814814814814817, 42.99066196705433, 110.23772732372214, 157.65265555750162, 27.773564916946828
14.864864864864865, 42.94241228971308, 110.24147429067938, 156.94613842611213, 27.815207282609673
14.914914914914917, 42.894343652654236, 110.24405538970903, 156.24550884876507, 27.8567503127761
14.964964964964965, 42.84645537932455, 110.24549322242218, 155.55069790608394, 27.898194470658705
15.015015015015017, 42.79874678410303, 110.24580993680405, 154.86163766996688, 27.939540217566613
15.065065065065065, 42.75121717201352, 110.2450272314134, 154.17826119296186, 27.980788012924766
15.115115115115117, 42.70386583917265, 110.2431663643708, 153.5005024931221, 28.02193831425577
15.165165165165165, 42.65669207062776, 110.24024814455063, 152.82829655710185, 28.062991577292212
15.215215215215215, 42.60969514124453, 110.23629294340323, 152.16157932239116, 28.103948255936032
15.265265265265267, 42.562874320166664, 110.23132073094054, 151.50028763511745, 28.144808802038604
15.315315315315315, 42.51622886982565, 110.22535107485484, 150.84435924512584, 28.185573665454324
15.365365365365367, 42.46975804625321, 110.21840314790555, 150.19373279291173, 28.226243294031153
15.415415415415415, 42.42346109644747, 110.21049571206635, 149.54834782134597, 28.266818133763266
15.465465465465467, 42.37733726295503, 110.20164715958911, 148.90814472668032, 28.307298628546697
15.515515515515515, 42.33138578391821, 110.1918755182976, 148.2730647477135, 28.347685220184463
15.565565565565567, 42.285605893291944, 110.18119845822095, 147.64304995352717, 28.387978348382354
15.615615615615615, 42.23999681975635, 110.16963328657835, 147.01804324450612, 28.428178450820166
15.665665665665667, 42.194557786839304, 110.15719695326129, 146.39798834155926, 28.468285963153757
15.715715715715717, 42.149288015992504, 110.14390608193533, 145.78282974654482, 28.508301318848417
15.765765765765765, 42.10418672593527, 110.12977696876641, 145.17251273908488, 28.54822494922546
15.815815815815817, 42.05925313278833, 110.1148255874272, 144.5669833665535, 28.588057283465872
15.865865865865866, 42.014486447568736, 110.09906756720501, 143.9661884659271, 28.627798748780204
15.915915915915917, 41.96988588075667, 110.08251824318604, 143.37007560026194, 28.667449770133008
15.965965965965966, 41.92545064208298, 110.06519265773072, 142.77859305286634, 28.707010770268283
16.016016016016017, 41.881179940461124, 110.04710556341858, 142.1916898197319, 28.7464821697259
16.066066066066064, 41.83707298444727, 110.02827143137768, 141.60931559558716, 28.785864386824674
16.116116116116117, 41.79312898270042, 110.00870445961374, 141.03142075995137, 28.82515783764551
16.166166166166168, 41.749347139775246, 109.9884185377454, 140.4579564163791, 28.864362936272364
16.216216216216218, 41.70572665557856, 109.96742724595964, 139.888874389951, 28.903480094830797
16.266266266266268, 41.662266734431505, 109.94574394368608, 139.324127115296, 28.942509722995858
16.316316316316318, 41.618966581035195, 109.92338173594621, 138.7636676738661, 28.98145222822349
16.366366366366368, 41.575825400758916, 109.90035348007764, 138.20744978194878, 29.02030801574314
16.416416416416418, 41.532842399963634, 109.87667179278651, 137.65542777827844, 29.059077488548432
16.466466466466468, 41.4900167858482, 109.85234905123572, 137.1075566194175, 29.097761047420036
16.516516516516518, 41.4473477619612, 109.82739733996091, 136.56379194570792, 29.136359091241008
16.566566566566568, 41.40483453459949, 109.80182853385112, 136.02408996997113, 29.17487201657752
16.616616616616618, 41.36247631236633, 109.77565429563614, 135.4884074775803, 29.213300217721148
16.666666666666668, 41.32027230545766, 109.74888606997644, 134.95670183095822, 29.251644086749533
16.716716716716718, 41.27822172590202, 109.72153508947227, 134.42893095854782, 29.28990401352269
16.766766766766768, 41.23632378780061, 109.69361238067322, 133.90505334378295, 29.328080385679282
16.816816816816818, 41.19457770607211, 109.66512874242228, 133.3850280518286, 29.366173588765115
16.866866866866868, 41.15298269595883, 109.63609473828707, 132.86881473709016, 29.404184006294315
16.916916916916918, 41.11153797659415, 109.60652076413895, 132.35637354812374, 29.442112019451432
16.966966966966968, 41.0702427696054, 109.57641702387073, 131.84766515796335, 29.47995800723248
17.017017017017018, 41.02909629927749, 109.54579353399303, 131.3426507550203, 29.517722346447968
17.067067067067065, 40.98809779274431, 109.51466012874438, 130.84129203328155, 29.555405411723513
17.117117117117118, 40.94724647983681, 109.48302646187584, 130.34355118737182, 29.59300757551517
17.167167167167168, 40.90654158885052, 109.45090196890058, 129.8493909654426, 29.63052920830001
17.217217217217218, 40.865982351972306, 109.41829592292606, 129.35877458518092, 29.667970678351878
17.26726726726727, 40.8255680051455, 109.38521743660424, 128.87166572862898, 29.705332351756002
17.31731731731732, 40.78529778719252, 109.35167545688623, 128.38802854752936, 29.742614592455457
17.36736736736737, 40.74517093992977, 109.31767876939205, 127.90782765460581, 29.77981776225509
17.41741741741742, 40.705186708282675, 109.28323600278054, 127.43102811484431, 29.81694222082534
17.46746746746747, 40.66534433961892, 109.24835561572759, 126.95759546319296, 29.853988325771397
17.51751751751752, 40.625643083235325, 109.21304588732194, 126.48749571707073, 29.890956432689475
17.56756756756757, 40.586082192544296, 109.17731496752081, 126.02069529764037, 29.92784689499781
17.61761761761762, 40.546660924226515, 109.14117086011257, 125.55716105360888, 29.96466006402084
17.66766766766767, 40.507378538289196, 109.1046214258224, 125.09686025442849, 30.001396288997817
17.71771771771772, 40.46823429815263, 109.06767438605166, 124.63976058253535, 30.03805591708907
17.76776776776777, 40.429227470661104, 109.03033732431518, 124.18583012925326, 30.07463929338962
17.81781781781782, 40.39035732494065, 108.99261765264318, 123.7350374464712, 30.1111467610557
17.86786786786787, 40.35162313398293, 108.95452266081324, 123.28735146646045, 30.147578661164477
17.91791791791792, 40.31302417470552, 108.916059519287, 122.84274149539107, 30.183935332722868
17.96796796796797, 40.27455972769096, 108.87723527239066, 122.40117722237963, 30.220217112707783
18.01801801801802, 40.23622907726055, 108.83805684166246, 121.96262871235182, 30.256424336073636
18.06806806806807, 40.198031511548024, 108.79853102919992, 121.5270663989053, 30.292557335759838
18.11811811811812, 40.159966322573304, 108.75866452100729, 121.09446107717245, 30.328616442698316
18.16816816816817, 40.12203280570798, 108.71846388174761, 120.66478391093358, 30.364601985845283
18.21821821821822, 40.08423025595961, 108.67793550454401, 120.23800651425752, 30.40051429234009
18.26826826826827, 40.04655797394201, 108.637085697648, 119.81410080622082, 30.436353687277247
18.31831831831832, 40.00901526453751, 108.59592066784231, 119.3930390368379, 30.472120493770273
18.36836836836837, 39.971601436286484, 108.55444651411956, 118.974793795954, 30.507815032986553
18.41841841841842, 39.93431580141908, 108.51266923043663, 118.55933800709148, 30.543437624156493
18.46846846846847, 39.897157675887, 108.47059470846872, 118.14664492129556, 30.578988584582703
18.518518518518523, 39.860126379395254, 108.42822874036402, 117.73668811098042, 30.614468229649187
18.56856856856857, 39.82322123515542, 108.3855770096276, 117.32944148455707, 30.649876872855575
18.61861861861862, 39.78644156919849, 108.34264506323447, 116.92487933392533, 30.685214825891006
18.66866866866867, 39.74978671188756, 108.29943837750312, 116.52297621781265, 30.72048239851001
18.71871871871872, 39.71325599740377, 108.25596233758478, 116.12370699635143, 30.755679898590845
18.76876876876877, 39.67684876369362, 108.21222223661985, 115.72704683122448, 30.790807632152237
18.81881881881882, 39.64056435249054, 108.16822327805762, 115.3329711802718, 30.825865903363514
18.86886886886887, 39.60440210933649, 108.12397057797573, 114.94145579209786, 30.860855014554666
18.91891891891892, 39.56836138360345, 108.07946916739978, 114.55247670067838, 30.89577526622646
18.96896896896897, 39.532441528399666, 108.03472397783774, 114.16601025035592, 30.93062695708282
19.01901901901902, 39.49664190050136, 107.98973983054061, 113.78203311408826, 30.965410384058238
19.069069069069073, 39.46096186070688, 107.94452148718824, 113.40052220049361, 31.0001258422637
19.11911911911912, 39.425400773701256, 107.8990736293759, 113.02145468979451, 31.034773625027057
19.16916916916917, 39.38995800806973, 107.85340085976722, 112.64480803053686, 31.069354023904705
19.21921921921922, 39.354632936316804, 107.8075077040376, 112.27055993487828, 31.103867328692132
19.26926926926927, 39.3194249348851, 107.76139861281749, 111.89868837387627, 31.13831382743458
19.31931931931932, 39.28433338417445, 107.71507796363584, 111.52917157277649, 31.172693806437568
19.36936936936937, 39.24935766659125, 107.66855004287213, 111.1619880452624, 31.20700755029406
19.41941941941942, 39.21449716710557, 107.62181905316181, 110.7971165780989, 31.241255341890515
19.46946946946947, 39.17975127589316, 107.5748891419635, 110.4345361745316, 31.27543746239552
19.519519519519523, 39.14511938675847, 107.52776438730297, 110.07422608114709, 31.309554191283727
19.56956956956957, 39.110600897123255, 107.48044879940844, 109.7161657837614, 31.34360580634672
19.619619619619623, 39.076195208016024, 107.43294632235423, 109.3603350032922, 31.377592583703898
19.66966966966967, 39.0419017240615, 107.3852608357045, 109.00671369163119, 31.411514797813233
19.71971971971972, 39.007719853474114, 107.33739615581949, 108.65528202818349, 31.44537272148218
19.76976976976977, 38.973649008312236, 107.28935601519086, 108.30602045985464, 31.479166625876285
19.81981981981982, 38.93968860423626, 107.24114408357947, 107.9589096583732, 31.51289678053199
19.86986986986987, 38.90583806038402, 107.1927639792643, 107.61393049716898, 31.546563453368307
19.91991991991992, 38.872096799478946, 107.14421926068353, 107.27106406702524, 31.58016691069678
19.969969969969974, 38.83846424782262, 107.09551342782268, 106.93029167245612, 31.613707417232245
20.02002002002002, 38.80493983528722, 107.046649923603, 106.59159482808411, 31.647185236103702
20.070070070070074, 38.77152299530801, 106.9976321352697, 106.25495525501726, 31.68060062886508
20.12012012012012, 38.73821316488782, 106.94846339425823, 105.9203548803678, 31.713953855504847
20.170170170170174, 38.70500978476822, 106.89914695483085, 105.58777588058749, 31.747245174438312
20.22022022022022, 38.67191229918999, 106.84968602500497, 105.25720061687645, 31.780474842542453
20.27027027027027, 38.63892015589769, 106.80008376639826, 104.92861163474505, 31.813643115165526
20.32032032032032, 38.60603280618271, 106.75034328918409, 104.60199167366845, 31.84675024613264
20.37037037037037, 38.57324970487715, 106.70046765330443, 104.2773236638259, 31.8797964877564
20.420420420420424, 38.540570310347626, 106.65045986968241, 103.9545907228405, 31.91278209084761
20.47047047047047, 38.50799408448922, 106.6003229014353, 103.63377615251882, 31.945707304725943
20.520520520520524, 38.475520492719276, 106.5500596650871, 103.31486343559021, 31.97857237723063
20.57057057057057, 38.443149003543425, 106.49967302564515, 102.99783624578174, 32.011377554722074
20.620620620620624, 38.41087908694305, 106.44916577477626, 102.68267849461951, 32.04412308205869
20.67067067067067, 38.378710217391856, 106.39854067536695, 102.36937423396789, 32.07680920267132
20.720720720720724, 38.34664187286385, 106.34780044859806, 102.05790768349296, 32.10943615855309
20.77077077077077, 38.31467353459277, 106.29694777179559, 101.74826323470863, 32.14200419026515
20.82082082082082, 38.28280468705117, 106.24598527943135, 101.44042544817668, 32.17451353694707
20.87087087087087, 38.251034817929515, 106.19491556412382, 101.13437905070714, 32.20696443632718
20.92092092092092, 38.21936341811527, 106.14374117763897, 100.83010893255828, 32.239357124732926
20.970970970970974, 38.18778998167197, 106.092464631891, 100.52760014463699, 32.27169183710123
21.02102102102102, 38.15631400609887, 106.04108839005173, 100.22683791781148, 32.30396880696491
21.071071071071074, 38.124934992491866, 105.98961486113853, 99.92780767444702, 32.336188266447444
21.12112112112112, 38.09365244472738, 105.93804642905525, 99.63049496292287, 32.368350446341374
21.171171171171174, 38.06246586982903, 105.88638543992515, 99.33488548538656, 32.40045557608547
21.22122122122122, 38.031374777963684, 105.8346342024962, 99.04096509628567, 32.43250388377371
21.27127127127127, 38.00037868242493, 105.78279498898331, 98.74871979992234, 32.46449559616523
21.32132132132132, 37.96947709961677, 105.7308700359106, 98.45813574800808, 32.496430938694274
21.37137137137137, 37.93866954903713, 105.67886154495359, 98.16919923721825, 32.52831013548026
21.421421421421424, 37.907955553263086, 105.62677168372984, 97.88189670686586, 32.56013340933748
21.47147147147147, 37.87733463838797, 105.57460257185548, 97.5962147705182, 32.59190098173404
21.521521521521525, 37.846806333686416, 105.52235629217274, 97.31214018962697, 32.62361307283773
21.57157157157157, 37.81637017125358, 105.47003490281587, 97.02965984522633, 32.65526990156473
21.621621621621625, 37.78602568626013, 105.4176404292083, 96.74876075586442, 32.686871685559126
21.67167167167167, 37.75577241693997, 105.36517486476842, 96.46943007547246, 32.71841864120235
21.721721721721725, 37.725609904578015, 105.31264017161517, 96.19165509123377, 32.749910983622684
21.77177177177177, 37.695537693498, 105.26003828127398, 95.91542322145312, 32.7813489267048
21.82182182182182, 37.6655553310502, 105.20737109538233, 95.64072201342556, 32.81273268309925
21.871871871871875, 37.63566236749065, 105.15464048545145, 95.36753914366977, 32.84406246422783
21.92192192192192, 37.605858354373304, 105.10184827969613, 95.09586245053936, 32.875338480232564
21.971971971971975, 37.57614284661786, 105.04899628182942, 94.82567988680088, 32.90656094006411
22.02202202202202, 37.54651540237953, 104.99608627074178, 94.55697952007368, 32.93773005148685
22.072072072072075, 37.516975582588906, 104.94311999731195, 94.28974954045081, 32.968846021071386
22.12212212212212, 37.48752295092743, 104.89009918500561, 94.02397825863619, 32.99990905420353
22.172172172172175, 37.45815707380283, 104.83702553047411, 93.75965410408162, 33.0309193550934
22.22222222222222, 37.42887752032465, 104.78390070415323, 93.49676562312392, 33.06187712678445
22.272272272272275, 37.39968386227961, 104.7307263508619, 93.23530147712194, 33.09278257116248
22.322322322322325, 37.370575674299424, 104.67750408766899, 92.97525044733503, 33.1236358889499
22.37237237237237, 37.34155253454789, 104.62423549437912, 92.7166014580154, 33.154437279659916
22.422422422422425, 37.31261402335106, 104.57092213324775, 92.45934352737231, 33.185186941709254
22.47247247247247, 37.28375972361415, 104.5175655433079, 92.20346578118682, 33.215885072393135
22.522522522522525, 37.25498922090011, 104.46416723950284, 91.94895745456601, 33.24653186788641
22.57257257257257, 37.226302103411676, 104.41072871319139, 91.69580789031085, 33.27712752325209
22.622622622622625, 37.19769796197343, 104.35725143265323, 91.44400653728366, 33.30767223244986
22.67267267267267, 37.16917639001386, 104.30373684359414, 91.19354294877608, 33.33816618834462
22.722722722722725, 37.1407369835473, 104.25018636965125, 90.94440678087646, 33.36860958271506
22.772772772772772, 37.11237934141382, 104.19660140728547, 90.69658780531601, 33.39900260622584
22.822822822822825, 37.08410306540216, 104.14298332321646, 90.45007591575613, 33.42934544841636
22.872872872872875, 37.055907759504706, 104.0893334707632, 90.20486108530926, 33.45963829781158
22.922922922922922, 37.0277930302646, 104.03565318239838, 89.96093338541586, 33.48988134187919
22.972972972972975, 36.99975848677179, 103.98194376994795, 89.71828298500043, 33.52007476703617
23.023023023023022, 36.97180374064799, 103.92820652503393, 89.47690014900049, 33.55021875865691
23.073073073073076, 36.94392840603156, 103.87444271951722, 89.23677523689541, 33.58031350108136
23.123123123123122, 36.91613209956241, 103.82065360594021, 88.99789870123548, 33.61035917762314
23.173173173173176, 36.88841444036692, 103.76684041796968, 88.76026108617077, 33.64035597057767
23.223223223223222, 36.86077505004288, 103.71300437083943, 88.52385302598007, 33.67030406123031
23.273273273273276, 36.833213551941704, 103.65914665288703, 88.28866526798997, 33.700203629796775
23.323323323323326, 36.805729571230636, 103.60526842697561, 88.05468866842253, 33.73005485543872
23.373373373373376, 36.77832273614144, 103.55137084695545, 87.82191414705521, 33.75985791639366
23.423423423423426, 36.75099267721895, 103.49745504877374, 87.59033271130909, 33.78961298991209
23.473473473473472, 36.723739027295345, 103.44352215078146, 87.35993545514984, 33.81932025226464
23.523523523523526, 36.69656142146886, 103.38957325409866, 87.13071355782883, 33.8489798787496
23.573573573573572, 36.66945949708264, 103.33560944297976, 86.90265828262439, 33.87859204370048
23.623623623623626, 36.64243289370351, 103.28163178517866, 86.67576097558292, 33.90815692049348
23.673673673673672, 36.61548125310079, 103.22764133231416, 86.45001306426018, 33.937674681555116
23.723723723723726, 36.58860421922538, 103.17363912023146, 86.22540605647248, 33.96714549836969
23.773773773773776, 36.56180143887701, 103.11962616097519, 86.00193156219721, 33.99656954141368
23.823823823823826, 36.535072561267754, 103.06560344821713, 85.77958127834404, 34.02594698020742
23.873873873873876, 36.508417237311555, 103.0115719660236, 85.5583469643085, 34.055277983395875
23.923923923923926, 36.4818351200999, 102.95753268316334, 85.33822045743008, 34.08456271870337
23.973973973973976, 36.4553258648855, 102.9034865534139, 85.11919367189505, 34.113801352940605
24.024024024024023, 36.428889129065844, 102.84943451586852, 84.90125859763943, 34.14299405201174
24.074074074074076, 36.40252457216682, 102.79537749524262, 84.68440729925192, 34.17214098092136
24.124124124124123, 36.376231855826326, 102.74131640218054, 84.46863191487685, 34.20124230378156
24.174174174174176, 36.35001064377784, 102.68725213356203, 84.25392465511705, 34.230298183818945
24.224224224224226, 36.323860601842505, 102.63318557271225, 84.04027780221072, 34.25930878338067
24.274274274274276, 36.29778139864124, 102.57911758130433, 83.82768373269606, 34.288274263855676
24.324324324324326, 36.27177270489716, 102.52504900752383, 83.61613489409672, 34.317194785761956
24.374374374374376, 36.24583419306847, 102.47098069042023, 83.40562379238804, 34.346070508794874
24.424424424424426, 36.21996553770146, 102.41691345595284, 83.19614300294708, 34.37490159179069
24.474474474474476, 36.194166415418536, 102.36284811724674, 82.98768516959862, 34.40368819273306
24.524524524524526, 36.16843650490616, 102.30878547484893, 82.78024300366118, 34.43243046875957
24.574574574574573, 36.14277548690289, 102.25472631698437, 82.57380928299308, 34.46112857616824
24.624624624624627, 36.11718304418735, 102.2006714198119, 82.36837685103842, 34.48978267042406
24.674674674674673, 36.09165886156621, 102.14662154768035, 82.16393861587318, 34.51839290616547
24.724724724724727, 36.066202625819066, 102.09257745313938, 81.96048755002835, 34.54695943720789
24.774774774774777, 36.040814024476965, 102.03853987032369, 81.75801671132079, 34.575482416467175
24.824824824824827, 36.01549274723457, 101.9845095233007, 81.55651921624727, 34.60396199606392
24.874874874874877, 35.99023848610168, 101.93048712725628, 81.35598823608372, 34.63239832734133
24.924924924924927, 35.96505093494107, 101.87647338619244, 81.15641700404102, 34.66079156084068
24.974974974974977, 35.939929789449664, 101.82246899314524, 80.95779881443238, 34.68914184630744
25.025025025025027, 35.914874747139876, 101.76847463040238, 80.76012702184079, 34.7174493326973
25.075075075075077, 35.88988550732078, 101.714490969721, 80.56339504028648, 34.74571416818219
25.125125125125123, 35.8649617710794, 101.66051867254545, 80.36759634239436, 34.77393650015638
25.175175175175177, 35.840103241261986, 101.60655839022489, 80.17272445856142, 34.802116475242514
25.225225225225227, 35.81530962252423, 101.55261076375797, 79.97877297754304, 34.8302542392915
25.275275275275277, 35.79058062223933, 101.49867641765687, 79.78573556466739, 34.8583499373063
25.325325325325327, 35.76591594919294, 101.44475596898339, 79.59360593456661, 34.8864037135622
25.375375375375377, 35.7413153136823, 101.39085002675859, 79.40237785276734, 34.914415711602366
25.425425425425427, 35.71677842775717, 101.33695919040034, 79.2120451401941, 34.94238607422085
25.475475475475477, 35.692305005206094, 101.28308404990645, 79.022601672441, 34.970314943468196
25.525525525525527, 35.66789476154274, 101.2292251860377, 78.83404137904317, 34.99820246065704
25.575575575575574, 35.64354741399223, 101.17538317050078, 78.64635824274846, 35.026048766367715
25.625625625625627, 35.61926268147744, 101.12155856613123, 78.45954629878894, 35.05385400045381
25.675675675675677, 35.59504028460532, 101.06775192707661, 78.27359963415248, 35.08161830204784
25.725725725725727, 35.570879945742, 101.01396379822009, 78.08851238923118, 35.109341809555744
25.775775775775777, 35.54678138964783, 100.96019470981344, 77.90427877446903, 35.137024660581694
25.825825825825827, 35.52274434239185, 100.90644518683001, 77.7208930409242, 35.16466699206721
25.875875875875877, 35.49876853158423, 100.8527157470412, 77.53834948613627, 35.192268940266075
25.925925925925927, 35.47485368650431, 100.79900689998827, 77.35664245718922, 35.219830640732305
25.975975975975977, 35.45099953808964, 100.74531914714098, 77.17576635005948, 35.2473522283254
26.026026026026027, 35.42720581892526, 100.6916529820561, 76.99571560896393, 35.27483383721556
26.076076076076077, 35.4034722632328, 100.63800889053601, 76.816484725708, 35.30227560088899
26.126126126126128, 35.379798606859694, 100.58438735078738, 76.63806823903363, 35.3296776521531
26.176176176176178, 35.35618458726836, 100.53078883357954, 76.46046073396738, 35.35704012314174
26.226226226226228, 35.332629943525326, 100.4772138024032, 76.2836568411684, 35.38436314532048
26.276276276276278, 35.30913441608612, 100.42366271213054, 76.10765124145023, 35.411646849466436
26.326326326326328, 35.28569774610266, 100.37013600417421, 75.93243868238979, 35.4388913655887
26.376376376376378, 35.262319676834714, 100.31663411707574, 75.7580139416661, 35.46609682311051
26.426426426426428, 35.23899995313708, 100.26315748298333, 75.58437183911597, 35.49326335081202
26.476476476476478, 35.215738321346535, 100.2097065270603, 75.41150723867224, 35.520391076822854
26.526526526526528, 35.19253452926735, 100.15628166761722, 75.23941504780326, 35.54748012862688
26.576576576576578, 35.169388326156884, 100.10288331624383, 75.06809021695236, 35.57453063306704
26.626626626626628, 35.14629946271115, 100.04951187794133, 74.89752773897717, 35.6015427163501
26.676676676676678, 35.12326769105032, 99.99616775125445, 74.72772264858914, 35.628516504051504
26.726726726726728, 35.10029276470441, 99.94285132840348, 74.55867002179285, 35.6554521211201
26.776776776776778, 35.07737443859872, 99.88956299541644, 74.39036497532548, 35.68234969188299
26.826826826826828, 35.054512469352886, 99.83630313034506, 74.2228026724781, 35.70920934001621
26.876876876876878, 35.03170661568453, 99.78307210084095, 74.05597833104709, 35.736031188504036
26.926926926926928, 35.008956637106685, 99.7298702721626, 73.88988719654682, 35.76281535978392
26.976976976976978, 34.98626229449095, 99.6766980037763, 73.72452455340904, 35.789561975688464
27.027027027027028, 34.963623350098054, 99.62355564921354, 73.55988572533786, 35.816271157445286
27.077077077077078, 34.94103956756684, 99.5704435561817, 73.3959660748199, 35.842943025681485
27.127127127127128, 34.91851071190333, 99.5173620666751, 73.23276100263423, 35.86957770042802
27.177177177177178, 34.89603654946976, 99.46431151708585, 73.07026594736264, 35.89617530112415
27.227227227227228, 34.873616847973594, 99.41129223831462, 72.90847638489953, 35.92273594662186
27.27727727727728, 34.851251376456595, 99.35830455588176, 72.74738782796209, 35.94925975519023
27.32732732732733, 34.82893990528381, 99.30534879003797, 72.58699582560031, 35.97574684451993
27.37737737737738, 34.80668220654593, 99.25242525344463, 72.42729597098233, 36.00219733167938
27.42742742742743, 34.784478054112526, 99.19953425090667, 72.26828390219097, 36.028611333111726
27.47747747747748, 34.762327222670734, 99.1466760850734, 72.10995528270364, 36.05498896475002
27.52752752752753, 34.74022948823515, 99.09385105348572, 71.95230581133228, 36.08133034196097
27.577577577577582, 34.718184628148556, 99.04105944861837, 71.79533122196732, 36.107635579547946
27.62762762762763, 34.69619242107404, 98.98830155797245, 71.63902728315006, 36.13390479175507
27.67767767767768, 34.674252646987185, 98.93557766416795, 71.48338979764526, 36.160138092271225
27.72772772772773, 34.652365087168214, 98.88288804503647, 71.32841460201358, 36.18633559423416
27.77777777777778, 34.630529524194124, 98.83023297371352, 71.17409756618405, 36.21249741023451
27.82782782782783, 34.60874574193084, 98.77761271873129, 71.02043459302664, 36.23862365231987
27.87787787787788, 34.587013525525265, 98.72502754411072, 70.86742161792628, 36.264714431998826
27.92792792792793, 34.56533266068239, 98.67247770703992, 70.71505461811269, 36.290769860186444
27.97797797797798, 34.54370293409298, 98.61996345943743, 70.56332960628889, 36.316790047244005
28.028028028028032, 34.52212413417873, 98.5674850505867, 70.41224261992966, 36.34277510304474
28.07807807807808, 34.50059605053978, 98.51504272539003, 70.2617897282854, 36.36872513693324
28.128128128128132, 34.47911847394294, 98.46263672444793, 70.11196703200764, 36.39464025772928
28.17817817817818, 34.457691196310016, 98.41026728413865, 69.96277066277483, 36.42052057373144
28.22822822822823, 34.43631401070603, 98.35793463669741, 69.81419678291783, 36.446366192720916
28.27827827827828, 34.414986711327444, 98.30563901029599, 69.66624158504568, 36.47217722196525
28.32832832832833, 34.3937090934905, 98.25338062912205, 69.51890129167113, 36.497953768222025
28.37837837837838, 34.3724809536194, 98.20115971345847, 69.37217215483629, 36.523695937742644
28.42842842842843, 34.35130208924794, 98.14897647970993, 69.22605045592786, 36.54940383627481
28.478478478478483, 34.330172299726435, 98.09683113762426, 69.08053251552413, 36.57507756899891
28.52852852852853, 34.30909138544521, 98.04472389341316, 68.93561468214371, 36.60071724060343
28.578578578578583, 34.288059147581954, 97.99265495078934, 68.79129332844536, 36.62632295531123
28.62862862862863, 34.267075388422946, 97.94062450972211, 68.64756485558866, 36.6518948168521
28.678678678678683, 34.246139911354504, 97.88863276650392, 68.50442569290533, 36.677432928466175
28.72872872872873, 34.225252520854454, 97.83667991381704, 68.36187229757066, 36.70293739290741
28.77877877877878, 34.204413022483614, 97.78476614080023, 68.21990115427484, 36.72840831244696
28.82882882882883, 34.18362122287728, 97.73289163311523, 68.07850877489433, 36.75384578887669
28.87887887887888, 34.162876929736655, 97.6810565730135, 67.93769169816319, 36.77924992351254
28.92892892892893, 34.142179951820374, 97.62926113940279, 67.7974464893445, 36.80462081719797
28.97897897897898, 34.1215300989714, 97.57750550775161, 67.65776974050682, 36.82995857030323
29.029029029029033, 34.10092718265407, 97.52578984766042, 67.51865807950867, 36.85526328266394
29.07907907907908, 34.080371015192284, 97.47411432637395, 67.38010815681058, 36.880535053674
29.129129129129133, 34.059861409810324, 97.4224791086217, 67.24211664598994, 36.905773982283215
29.17917917917918, 34.03939818079035, 97.37088435592558, 67.10468024624532, 36.93098016698096
29.22922922922923, 34.01898114346615, 97.31933022665591, 66.9677956821074, 36.95615370579937
29.279279279279283, 33.99861011421697, 97.2678168760873, 66.8314597031501, 36.98129469631649
29.32932932932933, 33.978284910461305, 97.21634445645476, 66.69566908370172, 37.0064032356594
29.37937937937938, 33.95800535065067, 97.1649131170096, 66.56042062255585, 37.031479420507445
29.429429429429433, 33.937771254263446, 97.11352300407546, 66.42571114268254, 37.056523347095315
29.479479479479483, 33.917582441798636, 97.06217426110427, 66.29153749093933, 37.08153511121626
29.52952952952953, 33.89743873465691, 97.01086702843102, 66.15789653916413, 37.10651480821533
29.57957957957958, 33.877339954552625, 96.9596014417767, 66.0247851910121, 37.131462532941505
29.629629629629633, 33.85728592456422, 96.90837763512506, 65.89220036872442, 37.15637837984357
29.679679679679683, 33.837276468821635, 96.8571957399607, 65.76013901659242, 37.181262442946284
29.72972972972973, 33.81731141239291, 96.80605588503896, 65.62859810198103, 37.20611481584431
29.77977977977978, 33.797390581275295, 96.75495819643452, 65.49757461507343, 37.23093559170498
29.829829829829833, 33.77751380238627, 96.7039027975901, 65.36706556861601, 37.2557248632713
29.87987987987988, 33.75768090355462, 96.65288980936512, 65.23706799766305, 37.280482722864825
29.92992992992993, 33.73789171351144, 96.60191935008419, 65.10757895932147, 37.305209262388615
29.979979979979984, 33.71814606188121, 96.5509915355859, 64.97859553249565, 37.329904573330104
30.030030030030034, 33.69844377917283, 96.5001064792714, 64.85011481763223, 37.35456874676406
30.08008008008008, 33.67878469696719, 96.44926429154143, 64.72213393882777, 37.37920187333712
30.13013013013013, 33.65916864824917, 96.39846507878418, 64.59465004767235, 37.40380404323884
30.180180180180184, 33.63959546647594, 96.34770894629506, 64.46766031190087, 37.4283753462909
30.230230230230234, 33.62006498596029, 96.29699599710482, 64.3411619198537, 37.45291587191323
30.28028028028028, 33.600577041901026, 96.24632633190576, 64.21515208069451, 37.47742570912337
30.33033033033033, 33.581131470376434, 96.19570004909271, 64.08962802418455, 37.50190494653911
30.380380380380384, 33.56172810833782, 96.14511724480398, 63.96458700045694, 37.5263536723812
30.43043043043043, 33.54236679360297, 96.0945780129625, 63.84002627979097, 37.550771974475985
30.48048048048048, 33.52304736484971, 96.04408244531666, 63.71594315238625, 37.575159940258175
30.530530530530534, 33.50376966160932, 95.99363063148147, 63.592334928137056, 37.59951765677347
30.580580580580584, 33.48453352426009, 95.94322265897948, 63.469198936406585, 37.62384521068125
30.63063063063063, 33.4653387942168, 95.89285861245159, 63.34653252921472, 37.64814268822961
30.68068068068068, 33.4461853139453, 95.84253857360864, 63.22433308138063, 37.67241017525498
30.730730730730734, 33.42707292652094, 95.79226262311556, 63.102597982717334, 37.69664775724642
30.780780780780784, 33.40800147586308, 95.7420308396114, 62.981324642005, 37.72085551931412
30.83083083083083, 33.388970806733596, 95.69184329972903, 62.86051048685198, 37.745033546191515
30.880880880880884, 33.369980764731814, 95.64170007812997, 62.740152963494744, 37.76918192223766
30.930930930930934, 33.35103119628954, 95.59160124753932, 62.62024953659772, 37.79330073143972
30.98098098098098, 33.33212194866597, 95.54154687878034, 62.500797689053016, 37.81739005741552
31.03103103103103, 33.313252869942694, 95.49153704080938, 62.38179492178033, 37.841449983415956
31.081081081081084, 33.294423809018625, 95.4415718007506, 62.26323875352674, 37.865480592327515
31.131131131131134, 33.275634615603785, 95.39165122392777, 62.14512672068199, 37.88948196667459
31.18118118118118, 33.25688513986647, 95.34177537303235, 62.02745638149832, 37.91345418858518
31.23123123123123, 33.23817523270636, 95.29194430885146, 61.91022531235519, 37.93739733982281
31.281281281281284, 33.21950474600684, 95.24215809094392, 61.79343110428858, 37.96131150181622
31.331331331331334, 33.200873532411464, 95.1924167771305, 61.6770713655682, 37.98519675563876
31.38138138138138, 33.182281445317116, 95.14272042352441, 61.56114372151942, 38.009053182010646
31.431431431431434, 33.16372833886725, 95.09306908456155, 61.44564581434544, 38.03288086130128
31.481481481481485, 33.145214067945126, 95.04346281303111, 61.33057530294943, 38.05667987353151
31.53153153153153, 33.126738488166986, 94.99390166010585, 61.21592986275655, 38.08045029837598
31.58158158158158, 33.10830145587528, 94.94438567537264, 61.101707185536085, 38.104192215165384
31.631631631631635, 33.0899028281319, 94.89491490686278, 60.987904979223515, 38.127905702888754
31.681681681681685, 33.07154246273046, 94.84548940103285, 60.8745209679504, 38.15159084019395
31.73173173173173, 33.0532202186067, 94.79610920171079, 60.761552896404346, 38.17524770534927
31.78178178178178, 33.03493595529826, 94.74677435151273, 60.6489985238488, 38.19887637629778
31.831831831831835, 33.01668953292269, 94.69748489191316, 60.53685562377917, 38.22247693066096
31.881881881881885, 32.998480812316146, 94.64824086289714, 60.425121985327486, 38.246049445726904
31.93193193193193, 32.980309655028314, 94.59904230298606, 60.31379541310385, 38.26959399845246
31.981981981981985, 32.96217592331751, 94.54988924926346, 60.202873727038074, 38.29311066546531
32.032032032032035, 32.94407948014563, 94.50078173740079, 60.09235476222129, 38.31659952306611
32.08208208208208, 32.92602018917318, 94.45171980168317, 59.98223636874747, 38.340060647230615
32.13213213213213, 32.90799791475424, 94.40270347503511, 59.87251641155503, 38.36349411361177
32.18218218218219, 32.890012521931524, 94.35373278904632, 59.76319277026841, 38.38689999754191
32.232232232232235, 32.872063876460906, 94.30480777387113, 59.654263339614005, 38.41027837402942
32.28228228228228, 32.854151845004296, 94.25592845740833, 59.54572603310734, 38.43362931772527
32.332332332332335, 32.836276294789116, 94.20709486676128, 59.437578776373726, 38.45695290298564
32.38238238238239, 32.818437093686036, 94.15830702791018, 59.32981950859762, 38.48024920385908
32.432432432432435, 32.80063411024556, 94.10956496556012, 59.22244618317153, 38.50351829408118
32.48248248248248, 32.78286721369382, 94.06086870316322, 59.11545676755421, 38.526760247076496
32.532532532532535, 32.765136273928455, 94.01221826294072, 59.00884924312885, 38.549975135960544
32.58258258258258, 32.747441161514516, 93.96361366590514, 58.90262160506132, 38.57316303354177
32.632632632632635, 32.72978174768026, 93.91505493188237, 58.796771862158316, 38.59632401232348
32.68268268268268, 32.712157904313074, 93.86654207953372, 58.69129803672555, 38.619458144505856
32.732732732732735, 32.69456950395527, 93.8180751263781, 58.586198164425944, 38.6425655019879
32.78278278278278, 32.677016419761735, 93.76965408870602, 58.48147029473749, 38.665646156363664
32.832832832832835, 32.65949852527274, 93.72127898097088, 58.37711249430631, 38.68870017889098
32.88288288288289, 32.64201569480255, 93.67294981692173, 58.273122840650544, 38.711727640552006
32.932932932932935, 32.624567803328944, 93.62466660932463, 58.16949942368473, 38.73472861203933
32.98298298298298, 32.607154726445245, 93.57642936986102, 58.06624034626426, 38.75770316375141
33.033033033033036, 32.58977634035528, 93.52823810914693, 57.96334372405913, 38.78065136579437
33.08308308308309, 32.57243252186816, 93.48009283675239, 57.860807685427545, 38.803573287983845
33.133133133133136, 32.555123148393214, 93.43199356122068, 57.7586303712896, 38.826468999846796
33.18318318318318, 32.537848097934834, 93.38394029008775, 57.65680993500091, 38.8493385706233
33.233233233233236, 32.52060724908737, 93.33593302990147, 57.555344542226266, 38.87218206926843
33.28328328328329, 32.50340048102998, 93.28797178624092, 57.454232370813344, 38.89499956445399
33.333333333333336, 32.486227673575506, 93.24005656361003, 57.35347161124056, 38.9177911245646
33.38338338338338, 32.46908870743972, 93.19218736481814, 57.25306046940813, 38.94055681766996
33.433433433433436, 32.451983463733754, 93.14436419216906, 57.15299716116921, 38.96329671158072
33.48348348348349, 32.434911824106344, 93.0965870471374, 57.05327991377003, 38.986010873834466
33.533533533533536, 32.41787367078906, 93.04885593027052, 56.95390696625965, 39.00869937169212
33.58358358358358, 32.400868886592455, 93.0011708412049, 56.85487656937693, 39.03136227213961
33.633633633633636, 32.38389735490218, 92.95353177868263, 56.756186985437395, 39.05399964188955
33.68368368368368, 32.36695895967513, 92.90593874056783, 56.65783648822028, 39.076611547382925
33.733733733733736, 32.35005358543552, 92.85839172386294, 56.559823362855354, 39.09919805479082
33.78378378378379, 32.33318111727104, 92.81089072472521, 56.462145905709896, 39.12175923001603
33.833833833833836, 32.316341440828985, 92.76343573848321, 56.36480242427565, 39.1442951386948
33.88388388388388, 32.29953444233795, 92.71602675954077, 56.26779123762031, 39.16680584619258
33.933933933933936, 32.28276000871733, 92.6686637808958, 56.17111067877434, 39.189291417579504
33.98398398398399, 32.266018027357156, 92.62134679510628, 56.07475908984773, 39.211751917682065
34.034034034034036, 32.24930838618213, 92.57407579400815, 55.97873482341601, 39.234187411069094
34.08408408408408, 32.23263097366729, 92.52685076864618, 55.88303624283717, 39.25659796204896
34.13413413413413, 32.215985678834684, 92.47967170928808, 55.78766172215047, 39.27898363467107
34.18418418418419, 32.19937239124997, 92.43253860543852, 55.692609645975004, 39.30134449272751
34.234234234234236, 32.18279100101914, 92.38545144585326, 55.597878409408565, 39.32368059975454
34.28428428428428, 32.166241398785104, 92.33841021855314, 55.503466417926205, 39.345992019034185
34.334334334334336, 32.14972347572441, 92.29141491083824, 55.40937208727896, 39.36827881359581
34.38438438438439, 32.13323712354384, 92.24446550930193, 55.31559384339266, 39.390541046217635
34.434434434434436, 32.11678223444678, 92.19756199975515, 55.222130122815024, 39.41277877942247
34.48448448448448, 32.10035870101277, 92.15070436689442, 55.128979374729354, 39.434992075456506
34.53453453453454, 32.08396641642749, 92.1038925950058, 55.03614005663739, 39.45718099633619
34.58458458458458, 32.067605274401465, 92.05712666774846, 54.94361063566663, 39.47934560383463
34.63463463463464, 32.051275169147885, 92.01040656811293, 54.85138958880958, 39.50148595947952
34.68468468468469, 32.03497599537866, 91.96373227843361, 54.759475402832955, 39.523602124554586
34.73473473473474, 32.0187076483005, 91.91710378040104, 54.66786657418669, 39.545694160101014
34.78478478478478, 32.002470023611025, 91.87052105507429, 54.57656160891297, 39.567762126918936
34.83483483483484, 31.986263017494828, 91.82398408289342, 54.48555902255532, 39.58980608556885
34.88488488488489, 31.97008652661956, 91.77749284369177, 54.394857340067645, 39.6118260963731
34.93493493493494, 31.953940448132023, 91.73104731670837, 54.30445509572333, 39.63382221941729
34.98498498498498, 31.937824679705926, 91.68464748049276, 54.21435083355745, 39.655794514545704
35.03503503503504, 31.921739119711212, 91.63829331255728, 54.124543109062095, 39.67774304134249
35.08508508508509, 31.905683666848258, 91.59198479014182, 54.035030485363635, 39.69966785917544
35.13513513513514, 31.889658220271667, 91.54572188996075, 53.94581153444879, 39.721569027182525
35.18518518518518, 31.873662679612508, 91.49950458816079, 53.856884837343365, 39.74344660427025
35.23523523523524, 31.85769694497528, 91.45333286033164, 53.76824898403051, 39.76530064911501
35.28528528528529, 31.841760916934902, 91.40720668151651, 53.679902573368906, 39.787131220164476
35.33533533533534, 31.82585449653364, 91.36112602622255, 53.591844213010994, 39.80893837563889
35.38538538538538, 31.809977585278133, 91.31509086843148, 53.50407251932116, 39.830722173532415
35.43543543543544, 31.79413008513631, 91.26910118161008, 53.416586117294, 39.852482671614524
35.48548548548549, 31.778311898534415, 91.22315693872073, 53.32938364047254, 39.8742199274313
35.53553553553554, 31.762522928378374, 91.17725811212146, 53.24246373148613, 39.89593399829956
35.585585585585584, 31.74676307811903, 91.13140467326784, 53.15582504369865, 39.91762494128811
35.63563563563564, 31.73103225159149, 91.0855965934362, 53.069466237131145, 39.93929281326555
35.685685685685684, 31.71533035307242, 91.03983384346154, 52.98338597990858, 39.960937670883894
35.73573573573574, 31.699657287287042, 90.99411639370256, 52.897582948432884, 39.98255957057689
35.78578578578579, 31.68401295940636, 90.9484442140511, 52.812055827307475, 40.00415856856134
35.83583583583584, 31.668397275044384, 90.90281727394157, 52.72680330926192, 40.025734720838315
35.885885885885884, 31.65281014025535, 90.85723554236024, 52.641824095076416, 40.047288083194495
35.93593593593594, 31.63725146153094, 90.8116989878548, 52.55711689350644, 40.0688187112034
35.98598598598599, 31.62172114579752, 90.76620757854354, 52.47268042120727, 40.09032666022663
36.03603603603604, 31.60621910041332, 90.720761282125, 52.38851340265862, 40.111811985415216
36.086086086086084, 31.59074523316571, 90.67536006588712, 52.304614570089115, 40.133274741710835
36.13613613613614, 31.575299452268364, 90.63000389671683, 52.22098266340096, 40.15471498384711
36.18618618618619, 31.55988166631431, 90.58469274077096, 52.137616432222295, 40.17613276632527
36.23623623623624, 31.544491784282545, 90.53942656355791, 52.05451463537748, 40.19752814342089
36.286286286286284, 31.529129715615653, 90.49420533056195, 51.97167603694501, 40.2189011692317
36.33633633633634, 31.513795370167816, 90.4490290068761, 51.889099408549846, 40.24025189765033
36.38638638638639, 31.498488658201506, 90.4038975572076, 51.80678352931244, 40.26158038236531
36.43643643643644, 31.483209490384546, 90.35881094588589, 51.72472718578236, 40.28288667686224
36.486486486486484, 31.467957777787117, 90.31376913687056, 51.642929171872005, 40.30417083442496
36.53653653653654, 31.452733431878794, 90.2687720937593, 51.561388288790155, 40.325432908136676
36.58658658658659, 31.437536364525602, 90.22381977979582, 51.48010334497574, 40.34667295088116
36.63663663663664, 31.422366487987023, 90.17891215787793, 51.39907315603135, 40.36789101534391
36.68668668668669, 31.40722371491303, 90.1340491905653, 51.31829654465698, 40.38908715401327
36.73673673673674, 31.392107958341146, 90.08923084008761, 51.23777234058366, 40.410261419181666
36.786786786786784, 31.377019131701324, 90.0444570683343, 51.15749938060981, 40.431413862945426
36.83683683683684, 31.36195714901211, 89.99972783640645, 51.077476511132154, 40.45254453717357
36.88688688688689, 31.34692192461953, 89.95504310521613, 50.99770258471231, 40.473653493550955
36.93693693693694, 31.33191337318087, 89.91040283552469, 50.918176459837156, 40.49474078358164
36.986986986986985, 31.316931409737684, 89.86580698777662, 50.838897001844046, 40.515806458577636
37.037037037037045, 31.301975949713402, 89.82125552210623, 50.759863082861564, 40.53685056966
37.08708708708709, 31.28704690891091, 89.7767483983444, 50.68107358175033, 40.55787316775992
37.13713713713714, 31.272144203510088, 89.73228557602522, 50.602527384043704, 40.578874303619784
37.187187187187185, 31.25726775006546, 89.68786701439278, 50.52422338188856, 40.59985402779423
37.23723723723724, 31.24241746550369, 89.64349267240775, 50.44616047398607, 40.62081239065124
37.28728728728729, 31.227593267121232, 89.5991625087542, 50.36833756553247, 40.641749442373225
37.33733733733734, 31.21279507258186, 89.5548764818463, 50.290753568159765, 40.66266523295807
37.387387387387385, 31.198022799914263, 89.51063454983492, 50.21340739987655, 40.68355981222024
37.43743743743744, 31.183276367541914, 89.46643667052524, 50.13629798553794, 40.7044332297849
37.48748748748749, 31.16855569439903, 89.42228280105644, 50.059424258726736, 40.72528553506355
37.53753753753754, 31.15386069967989, 89.3781728985941, 49.98278515762522, 40.74611677730845
37.58758758758759, 31.139191302922864, 89.3341069200982, 49.90637962637272, 40.766927005595115
37.63763763763764, 31.12454742402763, 89.29008482227546, 49.830206615328066, 40.78771626881916
37.68768768768769, 31.109928983253106, 89.2461065615852, 49.754265081016776, 40.808484615697324
37.73773773773774, 31.095335901215467, 89.20217209424469, 49.67855398607827, 40.829232094768415
37.78778778778779, 31.080768098886097, 89.15828137623502, 49.60307229921308, 40.84995875439435
37.83783783783784, 31.06622549758954, 89.11443436330653, 49.52781899513009, 40.8706646427611
37.887887887887885, 31.051708019001513, 89.0706310109845, 49.45279305449367, 40.8913498078797
37.93793793793794, 31.03721558514684, 89.02687127457479, 49.37799346387094, 40.91201429758723
37.98798798798799, 31.022748118397445, 88.9831551091694, 49.303419215678986, 40.93265815954783
38.03803803803804, 31.00830554147032, 88.93948246965219, 49.229069308132026, 40.95328144125366
38.088088088088085, 30.993887777359816, 88.8958533105528, 49.15494274636566, 40.973884190010175
38.138138138138146, 30.97949474933112, 88.85226758604205, 49.08103854246452, 40.99446645293604
38.18818818818819, 30.965126381068202, 88.8087252502835, 49.00735571272212, 41.01502827700003
38.23823823823824, 30.950782596586762, 88.76522625724297, 48.93389327911128, 41.035569709001656
38.288288288288285, 30.936463320230562, 88.72177056069029, 48.86065026926104, 41.05609079557177
38.33833833833834, 30.922168476669086, 88.67835811420427, 48.7876257164094, 41.07659158317349
38.38838838838839, 30.907897990895197, 88.63498887117755, 48.71481865935622, 41.09707211810308
38.43843843843844, 30.893651788222794, 88.5916627848215, 48.64222814241597, 41.11753244649088
38.48848848848849, 30.87942979428446, 88.54837980817109, 48.56985321537062, 41.137972614302235
38.53853853853854, 30.865231935029144, 88.5051398940899, 48.49769293342243, 41.15839266733842
38.58858858858859, 30.85105813671979, 88.46194299527482, 48.42574635714677, 41.17879265123751
38.63863863863864, 30.836908325931027, 88.41878906426116, 48.35401255244499, 41.19917261147532
38.68868868868869, 30.822782429551108, 88.37567805341992, 48.282490590542025, 41.21953259336572
38.73873873873874, 30.808680374949347, 88.33260991467145, 48.211179549700724, 41.2398726420367
38.78878878878879, 30.794602089771992, 88.2895845998366, 48.14007851308091, 41.260192802460814
38.83883883883884, 30.780547501903097, 88.24660206070483, 48.06918656831044, 41.28049311946141
38.88888888888889, 30.766516539536788, 88.20366224891107, 47.99850280821204, 41.30077363770269
38.93893893893894, 30.752509131175376, 88.1607651159398, 47.928026330761064, 41.32103440169051
38.988988988988986, 30.738525205627482, 88.11791061312907, 47.85775623904322, 41.34127545577329
39.03903903903905, 30.724564692006197, 88.07509869167464, 47.787691641212355, 41.36149684414283
39.08908908908909, 30.7106275197272, 88.03232930263407, 47.71783165044823, 41.3816986108351
39.13913913913914, 30.696713618506895, 87.9896023969307, 47.64817538491429, 41.4018807997312
39.189189189189186, 30.68282291836053, 87.94691792535784, 47.57872196771538, 41.42204345455811
39.23923923923925, 30.668955349600367, 87.90427583858275, 47.50947052685558, 41.44218661888956
39.28928928928929, 30.655110842833786, 87.86167608715081, 47.44042019519592, 41.46231033614689
39.33933933933934, 30.6412893289839, 87.8191186214383, 47.37157011075203, 41.482414649594986
39.38938938938939, 30.627490739392844, 87.77660339141653, 47.30291941824209, 41.502499602320036
39.43943943943944, 30.613715005611212, 87.73413034713211, 47.234467265888455, 41.522565237276126
39.48948948948949, 30.59996205946276, 87.69169943855911, 47.16621280638222, 41.542611597271524
39.53953953953954, 30.5862318330627, 87.64931061555713, 47.09815519714599, 41.56263872496506
39.58958958958959, 30.572524258816088, 87.60696382787485, 47.03029360029523, 41.582646662866985
39.63963963963964, 30.5588392694162, 87.56465902515353, 46.962627182599704, 41.60263545333967
39.68968968968969, 30.545176797842878, 87.52239615693063, 46.89515511544472, 41.6226051385985
39.73973973973974, 30.53153677736093, 87.48017517264317, 46.82787657479264, 41.642555760712575
39.78978978978979, 30.51791914151849, 87.43799602163146, 46.76079074114416, 41.662487361605585
39.83983983983984, 30.504323824145402, 87.39585865314255, 46.69389679949978, 41.682399983056534
39.88988988988989, 30.49075075935157, 87.3537630163337, 46.627193939321074, 41.70229366670059
39.93993993993995, 30.477199881525358, 87.31170906027599, 46.560681354492125, 41.72216845402983
39.98998998998999, 30.46367112533194, 87.26969673395787, 46.49435824328092, 41.74202438639406
40.04004004004004, 30.450164425705353, 87.22772598626368, 46.42822380850712, 41.761861504998535
40.09009009009009, 30.436679717775334, 87.18579676569628, 46.36227725982991, 41.78167985087012
40.14014014014015, 30.423216936978623, 87.1439090208242, 46.296517810036, 41.80147946491274
40.190190190190194, 30.409776019039317, 87.10206270021446, 46.230944675586606, 41.8212603878995
40.24024024024024, 30.396356899946845, 87.06025775235581, 46.16555707724323, 41.841022660463544
40.29029029029029, 30.382959515954177, 87.0184941256618, 46.10035424003366, 41.86076632309881
40.34034034034035, 30.369583803576052, 86.97677176847368, 46.03533539321801, 41.88049141616073
40.390390390390394, 30.356229699587228, 86.93509062906334, 45.97049977025476, 41.90019797986697
40.44044044044044, 30.342897141020696, 86.89345065563641, 45.90584660876674, 41.91988605429814
40.490490490490494, 30.329586065165927, 86.85185179633508, 45.84137515050714, 41.93955567939855
40.54054054054054, 30.316296409567077, 86.8102939992412, 45.77708464132561, 41.95920689497689
40.590590590590594, 30.303028112021234, 86.76877721237913, 45.71297433113418, 41.978839740706974
40.64064064064064, 30.289781110576648, 86.72730138371888, 45.649043473873334, 41.99845425612848
40.690690690690694, 30.27655534353095, 86.68586646117889, 45.58529132747801, 42.018050480647645
40.74074074074074, 30.263350749433716, 86.64447239262205, 45.521717153893064, 42.037628453537245
40.790790790790794, 30.2501672672417, 86.60311912560039, 45.45832022083921, 42.0571882139095
40.84084084084085, 30.237004836122313, 86.56180660767835, 45.39509979954658, 42.076729800751295
40.890890890890894, 30.22386339542374, 86.52053478648199, 45.332055164398476, 42.09625325292988
40.94094094094094, 30.21074288474219, 86.47930360958841, 45.26918559368856, 42.11575860918135
40.990990990990994, 30.19764324392045, 86.43811302452825, 45.206490369590576, 42.13524590811138
41.04104104104105, 30.184564413046424, 86.39696297878808, 45.14396877812799, 42.1547151881958
41.091091091091094, 30.1715063324517, 86.35585341981293, 45.08162010914375, 42.17416648778133
41.14114114114114, 30.158468942710094, 86.31478429500866, 45.01944365626987, 42.193599845086204
41.19119119119119, 30.14545218463618, 86.27375555174444, 44.95743871689718, 42.21301529820089
41.24124124124125, 30.13245599928387, 86.23276713735517, 44.895604592144984, 42.23241288508869
41.291291291291294, 30.119480327944956, 86.19181899914399, 44.83394058683078, 42.25179264358646
41.34134134134134, 30.10652511214763, 86.15091108438463, 44.77244600943988, 42.271154611405265
41.391391391391394, 30.093590293655073, 86.11004334032395, 44.711120172095136, 42.29049882613102
41.44144144144145, 30.080675814464144, 86.06921571418412, 44.64996239052834, 42.30982532522516
41.491491491491495, 30.067781616922662, 86.02842815297174, 44.58897198542274, 42.3291341460031
41.54154154154154, 30.054907643632365, 85.98768060363592, 44.528148281277346, 42.348425325652734
41.591591591591595, 30.042053837344167, 85.94697301323895, 44.46749060518253, 42.36769890125449
41.64164164164164, 30.029220141043346, 85.90630532881751, 44.40699828779166, 42.38695490976576
41.691691691691695, 30.016406497948413, 85.86567749738477, 44.346670663294056, 42.40619338802148
41.74174174174174, 30.003612851509935, 85.82508946593235, 44.286507069388065, 42.42541437273479
41.791791791791795, 29.990839145409364, 85.78454118143226, 44.226506847253965, 42.44461790049765
41.84184184184184, 29.97808532355791, 85.74403259083896, 44.16666934152704, 42.46380400778139
41.891891891891895, 29.96535133009531, 85.70356364109125, 44.106993900270524, 42.482972730937405
41.94194194194195, 29.95263710938874, 85.66313427911426, 44.04747987494858, 42.502124106197726
41.991991991991995, 29.93994260603159, 85.62274445182155, 43.98812662039936, 42.52125816967561
42.04204204204204, 29.927267764842345, 85.58239410611694, 43.92893349480796, 42.54037495736623
42.092092092092095, 29.914612530863387, 85.54208318889654, 43.86989985967937, 42.55947450514721
42.14214214214215, 29.901976849359837, 85.50181164705077, 43.81102507981154, 42.578556848779264
42.192192192192195, 29.8893606657496, 85.46157942739146, 43.75230852412668, 42.59762202389273
42.24224224224224, 29.876763925605992, 85.42138647665797, 43.69374956559631, 42.616670065988956
42.292292292292295, 29.864186574804783, 85.38123274168039, 43.63534757936636, 42.63570101047126
42.34234234234235, 29.851628559435618, 85.34111816928645, 43.57710194382036, 42.654714892627645
42.392392392392395, 29.839089825799487, 85.30104270630193, 43.519012040569244, 42.67371174763115
42.44244244244244, 29.826570320407345, 85.26100629955252, 43.46107725442724, 42.6926916105404
42.492492492492495, 29.8140699899787, 85.22100889586548, 43.40329697338777, 42.71165451630016
42.54254254254254, 29.80158878144024, 85.18105044207135, 43.34567058859931, 42.73060049974192
42.592592592592595, 29.78912664192441, 85.14113088500574, 43.28819749434127, 42.74952959558447
42.64264264264264, 29.77668351876804, 85.10125017151101, 43.23087708799986, 42.76844183843445
42.692692692692695, 29.764259359510945, 85.06140824843804, 43.173708770043945, 42.7873372627869
42.74274274274274, 29.75185411189452, 85.0216050626479, 43.116691944001026, 42.806215903025866
42.792792792792795, 29.739467723860358, 84.98184056101363, 43.05982601643298, 42.82507779342495
42.84284284284285, 29.72710014354884, 84.94211469042196, 43.00311039691201, 42.84392296814786
42.892892892892895, 29.714751319354047, 84.90242739770679, 42.94654449850196, 42.86275146124025
42.94294294294294, 29.70242119998613, 84.86277862957364, 42.890127738306774, 42.881563306620414
42.992992992992995, 29.690109734240213, 84.82316833287976, 42.833859535383915, 42.900358538115476
43.04304304304305, 29.67781687110382, 84.78359645450402, 42.77773931169745, 42.91913718944506
43.093093093093096, 29.665542559763082, 84.7440629413394, 42.72176649216192, 42.93789929422067
43.14314314314314, 29.65328674960159, 84.70456774029438, 42.66594050462065, 42.956644885946275
43.193193193193196, 29.641049390199292, 84.66511079829439, 42.61026077982421, 42.97537399801876
43.24324324324325, 29.62883043133138, 84.62569206228311, 42.55472675140882, 42.99408666372848
43.293293293293296, 29.61662982296717, 84.58631147922392, 42.49933785587475, 43.012782916259795
43.34334334334334, 29.60444751526901, 84.54696899610127, 42.44409353256475, 43.03146278869156
43.393393393393396, 29.592283458591147, 84.50766455992206, 42.38899322364242, 43.050126313997694
43.44344344344345, 29.580137603478622, 84.46839811771704, 42.3340363740707, 43.068773525047646
43.493493493493496, 29.568009900666155, 84.42916961654215, 42.27922243159017, 43.087404454606954
43.54354354354354, 29.55590030107703, 84.38997900348002, 42.22455084669756, 43.10601913533776
43.593593593593596, 29.543808755848634, 84.3508262256076, 42.17002107288867, 43.12461759979463
43.64364364364364, 29.531735216417434, 84.3117112298891, 42.11563256749229, 43.14319988040977
43.693693693693696, 29.519679634325826, 84.27263396341945, 42.06138478974065, 43.16176600952761
43.74374374374375, 29.507641961291824, 84.23359437333652, 42.007277201451494, 43.18031601939281
43.793793793793796, 29.495622149221905, 84.19459240680484, 41.95330926714482, 43.19884994214826
43.84384384384384, 29.483620150210104, 84.15562801101672, 41.899480454023575, 43.21736780983557
43.893893893893896, 29.471635916537135, 84.1167011331933, 41.84579023195441, 43.23586965439558
43.94394394394395, 29.459669400669533, 84.07781172058576, 41.79223807344839, 43.254355507668826
43.993993993993996, 29.44772055525875, 84.03895972047626, 41.73882345364173, 43.27282540139601
44.04404404404404, 29.435789333140296, 84.00014508017917, 41.68554585027651, 43.2912793672185
44.094094094094096, 29.423875687332842, 83.96136774704203, 41.63240474368141, 43.3097174366788
44.14414414414415, 29.41197957103735, 83.92262766844682, 41.57939961675244, 43.32813964122103
44.194194194194196, 29.40010093763619, 83.88392479181084, 41.52652995493365, 43.34654601219141
44.24424424424424, 29.388239740692253, 83.84525906458798, 41.47379524619786, 43.364936580838744
44.294294294294296, 29.37639593391286, 83.80663043424867, 41.4211949813648, 43.38331137830879
44.34434434434435, 29.36456947110404, 83.76803884825432, 41.368728654511145, 43.40167043563696
44.394394394394396, 29.352760306320405, 83.72948425414826, 41.316395761507415, 43.42001378377494
44.44444444444444, 29.34096839379436, 83.69096659951525, 41.264195800668446, 43.438341453579085
44.4944944944945, 29.329193687929834, 83.65248583197925, 41.212128272785314, 43.45665347580992
44.54454454454455, 29.317436143301258, 83.61404189920447, 41.16019268110806, 43.47494988113262
44.5945945945946, 29.30569571465243, 83.57563474889632, 41.10838853132815, 43.49323070011746
44.64464464464465, 29.29397235689549, 83.53726432880238, 41.05671533156118, 43.511495963240215
44.6946946946947, 29.282266025109813, 83.49893058671341, 41.00517259232942, 43.52974570088267
44.74474474474474, 29.270576674540948, 83.46063347046427, 40.95375982654441, 43.54797994333303
44.7947947947948, 29.258904260599543, 83.42237292793497, 40.90247654948956, 43.56619872078638
44.84484484484485, 29.247248738860257, 83.38414890705157, 40.85132227880273, 43.58440206334513
44.8948948948949, 29.23561006506072, 83.3459613557872, 40.800296534458866, 43.60259000101945
44.94494494494494, 29.2239881951004, 83.30781022216304, 40.74939883875254, 43.62076256372774
44.994994994995, 29.21238308509771, 83.26969545419279, 40.69862871673398, 43.63891978128842
45.04504504504505, 29.200794691395405, 83.23161699987733, 40.64798569624235, 43.65706168341944
45.0950950950951, 29.189222970418964, 83.19357480734233, 40.59746930679204, 43.67518829975958
45.14514514514514, 29.17766787875495, 83.15556882476193, 40.547079080174875, 43.6932996598571
45.1951951951952, 29.16612937315164, 83.11759900035817, 40.496814550456, 43.711395793169935
45.24524524524525, 29.154607410518196, 83.07966528240168, 40.446675253958276, 43.729476729066135
45.2952952952953, 29.143101947923775, 83.04176761921246, 40.39666072924654, 43.747542496824245
45.34534534534534, 29.1316129425967, 83.00390595916063, 40.346770517111935, 43.765593125633735
45.3953953953954, 29.12014035192359, 82.96608025066723, 40.29700416055622, 43.78362864459541
45.44544544544545, 29.108684133448516, 82.92829044220494, 40.24736120477612, 43.80164908272182
45.4954954954955, 29.097244244872158, 82.89053648229887, 40.1978411971476, 43.81965446893772
45.545545545545544, 29.085820644050912, 82.85281831952729, 40.1484436872102, 43.837644832080386
45.5955955955956, 29.07441328899608, 82.81513590252244, 40.09916822665134, 43.85562020090014
45.64564564564565, 29.063022137873002, 82.77748917997124, 40.05001436929069, 43.87358060406069
45.6956956956957, 29.051647149054578, 82.73987810055591, 40.00098167161201, 43.891526070128876
45.74574574574575, 29.040288281085356, 82.70230261299355, 39.952069692394275, 43.909456627581996
45.7957957957958, 29.028945492618927, 82.66476266610519, 39.9032779920746, 43.927372304820324
45.845845845845844, 29.01761874246293, 82.62725820876578, 39.854606133193954, 43.94527313015855
45.8958958958959, 29.006307989578314, 82.58978918990486, 39.806053680383094, 43.96315913182611
45.94594594594595, 28.99501319307868, 82.55235555850716, 39.757620200348285, 43.98103033796765
45.995995995996, 28.983734312229554, 82.51495726361311, 39.70930526185721, 43.99888677664334
46.046046046046044, 28.97247130644767, 82.47759425431957, 39.661108435724756, 44.0167284758293
46.096096096096105, 28.961224135300288, 82.44026647978025, 39.61302929479883, 44.03455546341795
46.14614614614615, 28.94999275850448, 82.40297388920649, 39.56506741394625, 44.052367767218435
46.1961961961962, 28.93877713592644, 82.36571643186777, 39.5172223700385, 44.07016541495699
46.246246246246244, 28.92757722758074, 82.3284940570922, 39.46949374193759, 44.08794843427732
46.2962962962963, 28.91639299362969, 82.29130671426736, 39.421881110481905, 44.105716852741004
46.34634634634635, 28.90522439438175, 82.25415435284019, 39.37438405848113, 44.12347069782766
46.3963963963964, 28.89407139023693, 82.21703692228671, 39.32700217130119, 44.14120999692349
46.446446446446444, 28.88293394174595, 82.17995437214697, 39.27973503618504, 44.15893477733482
46.4964964964965, 28.871812009629227, 82.14290665203701, 39.23258224201959, 44.17664506629287
46.54654654654655, 28.86070555474859, 82.10589371163363, 39.18554337962812, 44.19434089094799
46.5965965965966, 28.849614538106447, 82.0689155006748, 39.13861804175742, 44.21202227837013
46.64664664664665, 28.83853892084495, 82.03197196896033, 39.09180582306498, 44.229689255549076
46.6966966966967, 28.8274786642452, 81.99506306635229, 39.045106320106186, 44.247341849394886
46.74674674674675, 28.816433729726384, 81.95818874277552, 38.99851913132144, 44.26498008673821
46.7967967967968, 28.805404078844973, 81.9213489482183, 38.95204385702339, 44.2826039943307
46.84684684684685, 28.794389673293903, 81.88454363273267, 38.905680099384064, 44.300213598845275
46.8968968968969, 28.783390474901733, 81.8477727464352, 38.859427462422076, 44.31780892687657
46.946946946946944, 28.772406445631805, 81.81103623950727, 38.813285551989786, 44.33539000494128
46.996996996997005, 28.761437547581487, 81.77433406219575, 38.76725397576044, 44.35295685947845
47.04704704704705, 28.750483742985658, 81.73766616480985, 38.721332343248605, 44.370509516849225
47.0970970970971, 28.73954499429169, 81.70103249765899, 38.67552026636818, 44.38804800332532
47.147147147147145, 28.72862126405007, 81.66443301114303, 38.629817358601514, 44.40557234510637
47.197197197197205, 28.717712514920024, 81.62786765574761, 38.58422323503526, 44.42308256831928
47.24724724724725, 28.706818709694325, 81.59133638202339, 38.53873751254063, 44.44057869901454
47.2972972972973, 28.695939811298587, 81.55483914058641, 38.49335980976165, 44.458060763166614
47.347347347347345, 28.685075782790655, 81.51837588211863, 38.448089747103616, 44.47552878667424
47.3973973973974, 28.674226587359872, 81.48194655736815, 38.40292694672144, 44.49298279536078
47.44744744744745, 28.66339218832648, 81.4455511171497, 38.35787103250802, 44.51042281497452
47.4974974974975, 28.652572549140885, 81.4091895123451, 38.31292163008263, 44.52784887118906
47.54754754754755, 28.641767633383058, 81.37286169390346, 38.268078366779264, 44.545260989603584
47.5975975975976, 28.630977404761836, 81.33656761284176, 38.22334087163507, 44.56265919574326
47.64764764764765, 28.62020182711424, 81.30030722024517, 38.17870877537864, 44.5800435150595
47.6976976976977, 28.609440864404846, 81.26408046726742, 38.134181710418474, 44.59741397293036
47.74774774774775, 28.598694480731293, 81.22788730512495, 38.08975931089888, 44.61477059465941
47.7977977977978, 28.58796264036794, 81.19172768505233, 38.04544121317233, 44.63211340546573
47.84784784784785, 28.57724530768739, 81.15560155838155, 38.00122705493828, 44.649442430502404
47.8978978978979, 28.56654244717913, 81.11950887652291, 37.95711647544225, 44.66675769485229
47.94794794794795, 28.555854023459123, 81.08344959095497, 37.91310911557637, 44.68405922352602
47.997997997998, 28.545180001269273, 81.04742365322481, 37.86920461786887, 44.70134704146228
48.048048048048045, 28.534520345476817, 81.01143101494836, 37.825402626473455, 44.71862117352811
48.098098098098106, 28.52387502107379, 80.97547162781068, 37.78170278715885, 44.73588164451929
48.14814814814815, 28.51324399317644, 80.93954544356625, 37.73810474729818, 44.75312847916054
48.1981981981982, 28.502627227024675, 80.90365241403926, 37.69460815585842, 44.770361702105895
48.248248248248245, 28.492024687981473, 80.86779249112392, 37.65121266338986, 44.78758133793904
48.298298298298306, 28.481436341532344, 80.83196562678475, 37.607917922015574, 44.804787411173564
48.34834834834835, 28.470862153284738, 80.7961717730569, 37.56472358542081, 44.82197994625328
48.3983983983984, 28.46030208896748, 80.76041088204637, 37.52162930884246, 44.83915896755258
48.44844844844845, 28.449756114421778, 80.72468290592595, 37.47863474916742, 44.85632449937434
48.4984984984985, 28.43922419557306, 80.68898779692094, 37.435739565277366, 44.873476565942575
48.54854854854855, 28.428706298491708, 80.65332550734179, 37.392943417248325, 44.890615191419826
48.5985985985986, 28.41820238936994, 80.61769598957238, 37.35024596663042, 44.907740399901186
48.64864864864865, 28.40771243451679, 80.58209919606809, 37.30764687649504, 44.92485221541336
48.6986986986987, 28.39723640035746, 80.546535079356, 37.26514581142527, 44.94195066191497
48.74874874874875, 28.386774253432677, 80.51100359203518, 37.222742437506255, 44.95903576329683
48.7987987987988, 28.376325960398027, 80.4755046867769, 37.18043642231564, 44.976107543382234
48.84884884884885, 28.365891488023365, 80.44003831632493, 37.13822743491396, 44.99316602592726
48.8988988988989, 28.355470803192127, 80.40460443349576, 37.096115145835064, 45.01021123462105
48.94894894894895, 28.34506387290071, 80.36920299117891, 37.0540992270765, 45.027243193086115
48.99899899899901, 28.334670664257814, 80.33383394233707, 37.012179352089916, 45.04426192487859
49.04904904904905, 28.324291144483826, 80.29849724000651, 36.970355195771496, 45.06126745348856
49.0990990990991, 28.313925280910166, 80.26319283729724, 36.92862643445234, 45.07825980234035
49.149149149149146, 28.303573040999666, 80.22792068737843, 36.886992746043326, 45.09523899478929
49.19919919919921, 28.29323439237315, 80.19268074345958, 36.84545381022488, 45.11220505411758
49.24924924924925, 28.28290930271808, 80.15747295885458, 36.80400930777208, 45.12915800354953
49.2992992992993, 28.272597739829877, 80.12229728695252, 36.762658920852786, 45.146097866244894
49.349349349349346, 28.26229967161453, 80.08715368121553, 36.72140233304205, 45.163024665298664
49.39939939939941, 28.252015066088095, 80.05204209517902, 36.68023922931332, 45.17993842374133
49.44944944944945, 28.24174389137613, 80.01696248245189, 36.63916929602975, 45.196839164539135
49.4994994994995, 28.231486115713203, 79.98191479671662, 36.5981922209354, 45.21372691059434
49.54954954954955, 28.221241707442363, 79.94689899172947, 36.55730769314655, 45.230601684745544
49.5995995995996, 28.21101063501459, 79.91191502132068, 36.516515403142975, 45.24746350976788
49.64964964964965, 28.2007928669883, 79.87696283939464, 36.475815042759166, 45.264312408373364
49.6996996996997, 28.190588372028817, 79.84204239993, 36.435206305175626, 45.2811484032111
49.74974974974975, 28.180397118907827, 79.80715365697995, 36.394688884910124, 45.29797151686757
49.7997997997998, 28.17021907650287, 79.7722965646723, 36.354262477808966, 45.31478177186694
49.84984984984985, 28.160054213816217, 79.73747107719196, 36.3139267812739, 45.331579190665884
49.89989989989991, 28.149902499975763, 79.70267714877978, 36.27368149427097, 45.34836379565341
49.94994994994995, 28.139763904187287, 79.66791473377599, 36.23352631674768, 45.36513560916443
50.0, 28.129638395761102, 79.63318378659535, 36.19346094995474, 45.38189465347232
