Initial conditions: Te0=4.0, Ti0=12.0, rho0=1000.0, Rh0=10.0
t (ps), Te (keV), Ti (keV), rho (g/cm^3), Rh (um)
0.0  4.0  12.0  1000.0  10.0
0.05005005005005005  6.895089151872464  9.524260731452225  989.8413166229165  10.034101542356225
0.1001001001001001  7.720425613399652  8.907456123606641  979.7830456583509  10.068328002192002
0.15015015015015015  8.106259719392243  8.669992980551799  969.8592925250866  10.102558724879877
0.2002002002002002  8.320733461198559  8.580067196546082  960.0793936270363  10.13675311899166
0.2502502502502503  8.457077233530038  8.558533855148742  950.4452406277444  10.170895020722849
0.3003003003003003  8.555544854284275  8.571607575739877  940.9557266038058  10.204978421083306
0.3503503503503504  8.635358772045784  8.603319952418055  931.608412848374  10.239002091143796
0.4004004004004004  8.706224304753006  8.645712561924107  922.4002582802226  10.272967207582175
0.45045045045045046  8.773222561315908  8.694702851356011  913.3279645719492  10.30687621311834
0.5005005005005005  8.83909237465239  8.748167191756547  904.3881462827013  10.340732243527784
0.5505505505505506  8.905354719179574  8.805000650763496  895.5774162909717  10.374538831710826
0.6006006006006006  8.97288629279123  8.864639370502095  886.8924287100227  10.408299752593273
0.6506506506506506  9.042219152978028  8.926812134831094  878.3298999575115  10.442018941512176
0.7007007007007008  9.113699934704089  8.991409036895796  869.8866184169931  10.475700451726908
0.7507507507507507  9.187575736157184  9.058411129295438  861.5594480950889  10.509348433068459
0.8008008008008008  9.264041116579994  9.127852332389077  853.3453291078742  10.54296712218732
0.8508508508508509  9.343264050749077  9.199798767955667  845.2412764883369  10.576560839312329
0.9009009009009009  9.42540067142779  9.274337369297422  837.2443781443673  10.610133988645929
0.950950950950951  9.51060361519115  9.35156978555993  829.3517923783976  10.643691060968326
1.001001001001001  9.599027073541492  9.431609031232709  821.5607452330771  10.677236637485995
1.0510510510510511  9.690829813803154  9.514577840965702  813.8685277648087  10.710775394564266
1.1011011011011012  9.786177212725804  9.600607878393117  806.2724933323127  10.744312108988156
1.1511511511511512  9.885242568260518  9.689839559186359  798.7700550081096  10.777851663508782
1.2012012012012012  9.988208228561724  9.782422114882118  791.3586829561203  10.811399052891225
1.2512512512512513  10.095266457827403  9.878513908821612  784.0359019389804  10.84495939015686
1.3013013013013013  10.206620173251297  9.978282908615551  776.7992889300345  10.878537913028216
1.3513513513513515  10.322483694144704  10.08190721235126  769.646470820848  10.912139990554243
1.4014014014014016  10.443083439746346  10.189575678641592  762.5751222163886  10.945771129946136
1.4514514514514514  10.568658620322115  10.301488623732684  755.5829633309819  10.97943698356978
1.5015015015015014  10.699461941099434  10.41785859103907  748.6677579617008  11.013143356177679
1.5515515515515517  10.83576029948529  10.538911176879893  741.8273115838184  11.046896212203315
1.6016016016016017  10.977835307631455  10.664885720372103  735.0594699677513  11.080701681401864
1.6516516516516517  11.125984315056371  10.796036706684841  728.3621165238595  11.11456607001159
1.7017017017017018  11.280520802465828  10.932634431673282  721.7331715047379  11.148495865297773
1.751751751751752  11.441775048996725  11.074966085398565  715.1705904578849  11.182497743158017
1.8018018018018018  11.610094763833876  11.22333702082284  708.6723628420406  11.21657857573813
1.851851851851852  11.785845589094873  11.378071946342917  702.2365107568764  11.250745438642621
1.901901901901902  11.969411526505496  11.539516260459973  695.8610879079562  11.28500561791525
1.951951951951952  12.161195276289334  11.708037405982124  689.5441788098581  11.319366616131628
2.002002002002002  12.361618492491093  11.884026278928564  683.2838979495859  11.35383615871109
2.052052052052052  12.57112174148423  12.06789880142405  677.0783893418109  11.38842219917406
2.1021021021021022  12.790164302283412  12.260097478672275  670.92582615543  11.423132923777079
2.1521521521521523  13.019223819262493  12.46109301561527  664.8244105149159  11.457976755614434
2.2022022022022023  13.25879540180791  12.67138599789909  658.7723737686129  11.492962356546743
2.2522522522522523  13.509390677724022  12.891508538097225  652.7679766823316  11.528098629175384
2.3023023023023024  13.771535995660072  13.122025980383746  646.8095102866806  11.563394715581756
2.3523523523523524  14.04577057122643  13.36353844695412  640.8952967160299  11.598859995513076
2.4024024024024024  14.33264368828074  13.616682383616803  635.0236905708384  11.634504081504033
2.452452452452453  14.632711361372452  13.882131919379008  629.1930805831752  11.670336811685686
2.5025025025025025  14.946532212399363  14.160599987273384  623.4018916998714  11.706368239443824
2.552552552552553  15.27466239171988  14.45283906975654  617.6485876529078  11.74260861915413
2.6026026026026026  15.617649612974121  14.759641572672065  611.9316739137596  11.779068388507417
2.6526526526526526  15.97602611110413  15.08183963530425  606.2497011694466  11.815758146215067
2.702702702702703  16.35030036389455  15.420304183319569  600.601269366487  11.852688624302642
2.7527527527527527  16.74094751957698  15.77594302512604  594.9850323222117  11.88987065450089
2.802802802802803  17.14839870333258  16.14969796591236  589.3997028316886  11.927315129157286
2.852852852852853  17.57302896248023  16.542540635015587  583.844058381544  11.965032955238955
2.9029029029029028  18.01514376485326  16.955466633773135  578.3169475119347  12.00303500023949
2.9529529529529532  18.4749643950305  17.389487933789137  572.8172966941291  12.04133203062603
3.003003003003003  18.952612418762158  17.845623471408857  567.3441176791422  12.079934642905696
3.0530530530530533  19.44809324651685  18.324887590885165  561.89651533491  12.118853186274306
3.1031031031031033  19.9612791243245  18.82827584647156  556.4736959095717  12.158097675814574
3.1531531531531534  20.49189237643667  19.356748730810363  551.0749754232053  12.19767769908915
3.2032032032032034  21.039489155555174  19.911213193613595  545.6997881398341  12.23760231569817
3.2532532532532534  21.60344428512006  20.49250194679391  540.3476949541764  12.277879950279258
3.3033033033033035  22.18293844751904  21.10135063570715  535.0183913451115  12.31851827994592
3.3533533533533535  22.77694823515568  21.73837426638882  529.7117146276585  12.35952412060646
3.4034034034034035  23.384239467336183  22.404042899514092  524.4276504052186  12.40090331210986
3.4534534534534536  24.00336664751314  23.098657275069442  519.1663373173953  12.44266060540738
3.503503503503504  24.63267551871712  23.82232649280633  513.9280706818985  12.484799556745752
3.5535535535535536  25.27031368893643  24.57494739850186  508.71330382485957  12.527322429001304
3.6036036036036037  25.914246492018727  25.356187966092193  503.5226473212771  12.570230106673394
3.6536536536536537  26.56227948779599  26.165475203211617  498.35686575688504  12.6135220262461
3.703703703703704  27.21208699859526  27.00198863473994  493.21687192149676  12.657196125328799
3.753753753753754  27.861245968923562  27.864660060967495  488.10371834853083  12.701248813236981
3.803803803803804  28.507274165207182  28.752179940830555  483.01858627390993  12.745674964752869
3.853853853853854  29.14767137381278  29.663010412888866  477.9627721760381  12.790467938112439
3.903903903903904  29.779962051769186  30.595404584080363  472.93767216964915  12.835619617306818
3.9539539539539543  30.40173777662455  31.54743135910421  467.94476462277214  12.881120477821046
4.004004004004004  31.010697844377393  32.51700478466915  462.9855914415096  12.92695967402489
4.054054054054054  31.604686483298458  33.50191666696166  458.0617385185536  12.973125145627538
4.104104104104104  32.18172537513223  34.49987110394451  453.1748158648049  13.019603739959518
4.1541541541541545  32.74004046890994  35.508519565275265  448.3264379369304  13.066381346425022
4.2042042042042045  33.2780823822118  36.52549521935244  443.5182046494581  13.113443039240845
4.2542542542542545  33.7945401396442  37.548445379387076  438.751683495852  13.160773224444688
4.3043043043043046  34.28834823923927  38.575061164804154  434.0283931350393  13.208355787554042
4.354354354354355  34.75868740959504  39.60310370855562  429.349788716252  13.256174238444927
4.404404404404405  35.20497957155084  40.63042644483697  424.7172491520851  13.304211850479788
4.454454454454455  35.626877981495234  41.65499343162051  420.13206637174255  13.352451791666516
4.504504504504505  36.02425216871217  42.674892916748746  415.5954369948552  13.400877244961139
4.554554554554555  36.39717200399134  43.688348185693656  411.10845546333695  13.449471517889842
4.604604604604605  36.745887423950414  44.693723854763505  406.6721095472492  13.498218140129051
4.654654654654655  37.07080737105621  45.689529164406025  402.2872775829187  13.547100948142495
4.704704704704705  37.372478249018116  46.67441846874399  397.9547273445954  13.596104157352888
4.754754754754755  37.651562412508596  47.647189320273654  393.67511639693885  13.645212422176538
4.804804804804805  37.908817238881866  48.6067786945481  389.4489936774214  13.694410884804451
4.854854854854855  38.14507521348074  49.55225755090167  385.27680221863585  13.743685213018244
4.904904904904906  38.36122546618715  50.48282432123952  381.1588827169649  13.793021628397923
4.954954954954955  38.558197045833424  51.397797586931254  377.09547781667374  13.842406925543994
5.005005005005005  38.7369438003001  52.29660831636256  373.08673685559546  13.891828484326124
5.055055055055055  38.898431017962594  53.17879159236992  369.13272113647196  13.941274274446192
5.105105105105106  39.04362402832102  54.043978434460065  365.2334093666091  13.990732854656308
5.155155155155156  39.17347844805294  54.8918877299646  361.38870319837076  14.040193367581242
5.205205205205205  39.288932057766196  55.7223182124861  357.5984329226124  14.089645529716543
5.255255255255255  39.39089825093456  56.53514087256647  353.862363046886  14.139079618677949
5.305305305305305  39.480260778062124  57.33029173258497  350.1801977573312  14.188486458129399
5.355355355355356  39.55786974310627  58.10776499889747  346.5515862581898  14.23785740048214
5.405405405405406  39.62453903232142  58.867606576198895  342.9761280203451  14.287184306873119
5.455455455455455  39.68104395474592  59.60990829259402  339.4533775444206  14.33645952915818
5.505505505505505  39.72812043758063  60.33480243026927  335.98284908665653  14.385675888613251
5.555555555555555  39.76646437370799  61.042456738267134  332.56402105186686  14.434826655877742
5.605605605605606  39.79673211530647  61.73306996566969  329.1963401532111  14.48390552958165
5.655655655655656  39.81954085568032  62.406867905608784  325.87922524620006  14.532906616851017
5.705705705705706  39.83547011430497  63.06409993892849  322.61207093633794  14.581824412546965
5.7557557557557555  39.84506320282419  63.705036507127595  319.3942508861902  14.630653780929565
5.8058058058058055  39.84882937415823  64.32996671002579  316.2251208656419  14.679389936426935
5.855855855855856  39.847244971417695  64.93919557333898  313.10402156311574  14.72802842690051
5.9059059059059065  39.84075266135689  65.53303844414042  310.0302811285994  14.776565116130808
5.9559559559559565  39.82974318315997  66.11179253751884  307.00321801618236  14.824996161012233
6.006006006006006  39.814573465366166  66.67575320045844  304.02214362893216  14.873317987176708
6.056056056056057  39.79557015937804  67.22521430904537  301.08636433725803  14.921527272343777
6.106106106106107  39.77303255096324  67.76046791967467  298.1951833562388  14.969620929944448
6.156156156156157  39.7472354683684  68.28180434825865  295.3479024151336  15.017596094110663
6.206206206206207  39.71843169535054  68.78951207027292  292.5438232083068  15.065450106165427
6.256256256256257  39.68685372818281  69.28387756600249  289.78224846803454  15.113180504273252
6.306306306306307  39.652716508795805  69.76518500393186  287.0624836464058  15.160785006822913
6.356356356356357  39.61621817072576  70.23371604577173  284.38383743138786  15.208261506373715
6.406406406406407  39.57754173538224  70.6897495705782  281.7456227966004  15.255608058352088
6.456456456456457  39.53685645580764  71.13356140255206  279.1471578113618  15.302822871501254
6.506506506506507  39.494318993245585  71.5654240720305  276.58776633874504  15.34990429919674
6.556556556556557  39.45007445706026  71.98560659327693  274.06677866165865  15.396850831260352
6.606606606606607  39.404257283630244  72.39437427535246  271.58353199271795  15.443661086519956
6.656656656656657  39.35699212472967  72.79198853460638  269.13737093718214  15.490333805639182
6.706706706706707  39.30839475483056  73.1787067035419  266.72764801630694  15.536867843593344
6.756756756756757  39.25857259720133  73.55478194561792  264.3537238649536  15.583262164345127
6.806806806806807  39.20762526061615  73.92046313800323  262.01496747480223  15.62951583517336
6.856856856856857  39.155645490575345  74.2759947222891  259.7107566762471  15.675628019541064
6.906906906906907  39.102719475029886  74.62161666065491  257.4404781913177  15.721597972760627
6.956956956956957  39.04892740051876  74.95756436395732  255.20352784818616  15.767425036711353
7.007007007007008  38.99434391821137  75.28406864556997  252.99931072193183  15.813108635044959
7.057057057057057  38.939038501422004  75.60135570074064  250.82724121707986  15.85864826886664
7.107107107107107  38.88307583371372  75.90964709225334  248.6867431616987  15.904043512403657
7.157157157157157  38.826516170922886  76.20915973978681  246.57724984813376  15.949294009025678
7.207207207207207  38.76941571615902  76.50010591100364  244.49820408258438  15.994399467304758
7.257257257257258  38.71182686096489  76.78269325526448  242.44905817153446  16.039359657565086
7.307307307307307  38.65379846635791  77.05712482547176  240.42927393284285  16.084174408380644
7.357357357357358  38.59537611461308  77.32359911342029  238.4383226519333  16.128843603420254
7.407407407407408  38.536602356646576  77.58231008337292  236.4756850609438  16.173367178289677
7.457457457457458  38.47751687697336  77.83344724081422  234.54085124438566  16.217745117834976
7.507507507507508  38.418156750174184  78.07719565953596  232.63332061490726  16.26197745324926
7.557557557557558  38.35855662651584  78.31373604180048  230.75260183768074  16.306064259250586
7.607607607607608  38.298748871735064  78.54324479072814  228.89821272654302  16.35000565180207
7.657657657657658  38.23876368577543  78.76589408605278  227.06968012827096  16.39380178620369
7.707707707707708  38.1786293550336  78.98185192106504  225.26653989001616  16.437452853777383
7.757757757757758  38.11837224890376  79.19128221472917  223.48833666338223  16.48095908111338
7.807807807807808  38.05801704812644  79.39434485624207  221.73462385798342  16.52432072700143
7.857857857857859  37.99758682901451  79.59119578730447  220.0049635039829  16.567538080899507
7.907907907907909  37.93710313722413  79.78198708796397  218.29892610758202  16.610611461494
7.957957957957959  37.876586166600255  79.96686703633524  216.61609057413938  16.65354121407688
8.008008008008009  37.816054747075405  80.14598020757605  214.95604402739238  16.696327710056174
8.058058058058059  37.75552651873981  80.31946753826304  213.318381720111  16.73897134441373
8.108108108108109  37.69501794576097  80.48746641203935  211.70270687605574  16.78147253504302
8.158158158158159  37.63454441834284  80.65011073733713  210.1086305661535  16.823831720990707
8.208208208208209  37.57412039384616  80.80753102111451  208.53577160032782  16.866049360218273
8.258258258258259  37.51375936498533  80.9598544529188  206.98375636148512  16.90812592953553
8.308308308308309  37.45347384461847  81.10720498712661  205.4522186465735  16.9500619243282
8.358358358358359  37.393275610180716  81.24970341508526  203.94079958460583  16.991857855008476
8.408408408408409  37.33317567658435  81.38746744213309  202.44914748105222  17.03351424696367
8.458458458458459  37.27318424674335  81.5206117519748  200.97691767191225  17.075031640956144
8.508508508508509  37.213310900134516  81.6492480996595  199.52377240265008  17.116410590045806
8.558558558558559  37.153564605083616  81.77348538154146  198.0893806912928  17.15765165910507
8.608608608608609  37.093953664316004  81.89342968319527  196.67341820434342  17.19875542543867
8.65865865865866  37.034485846505476  82.00918437642319  195.27556711440405  17.23972247643838
8.70870870870871  36.9751684266051  82.12085019164451  193.89551596783676  17.280553408692704
8.75875875875876  36.916008133735666  82.2285252599484  192.53295957948652  17.32124882849111
8.80880880880881  36.85701122599357  82.33230519675902  191.18759889036926  17.361809350413044
8.85885885885886  36.7981835552691  82.43228318216705  189.8591408284536  17.40223559606681
8.90890890890891  36.73953054419156  82.52854999872996  188.54729821241324  17.44252819431941
8.95895895895896  36.681057205363025  82.62119409114106  187.2517896330287  17.482687780790627
9.00900900900901  36.62276821510711  82.71030166157117  185.9723392968479  17.522714996301342
9.05905905905906  36.5646679046311  82.7959567080189  184.70867693297285  17.562610486912668
9.10910910910911  36.50676024884971  82.87824105818827  183.46053770740258  17.602374904016404
9.15915915915916  36.449048945580785  82.95723447555234  182.2276620484809  17.64200890266306
9.20920920920921  36.391537417305294  83.03301470300372  181.00979554979125  17.681513141399616
9.259259259259261  36.33422877892343  83.10565747390383  179.80668891889806  17.7208882827658
9.30930930930931  36.2771259006421  83.17523660925542  178.6180978094114  17.760134991943644
9.35935935935936  36.22023142769986  83.241824075732  177.443782706129  17.799253936245087
9.40940940940941  36.16354776715538  83.30549000255358  176.28350886805242  17.83824578534424
9.45945945945946  36.10707710237791  83.3663027327044  175.1370462231446  17.87711121088589
9.50950950950951  36.0508214321002  83.42432890722978  174.00416921625055  17.915850885516328
9.55955955955956  35.99478256760817  83.47963349203029  172.88465673958518  17.954465482897202
9.60960960960961  35.938962120236745  83.53227978894343  171.77829208818616  17.99295567794383
9.65965965965966  35.88336154639795  83.58232953198888  170.68486278692737  18.03132214572066
9.70970970970971  35.82798215079227  83.62984292148953  169.6041605114018  18.06956556131313
9.759759759759762  35.77282507241953  83.67487862853432  168.5359810568461  18.107686600106682
9.809809809809812  35.71789131052408  83.7174938652472  167.4801242025372  18.14568593712456
9.85985985985986  35.66318173957912  83.75774443693284  166.4363936050191  18.18356424662399
9.90990990990991  35.60869710485286  83.79568475621608  165.4045967525947  18.22132220219607
9.95995995995996  35.55443802442651  83.83136786902709  164.38454490081185  18.258960476704384
10.01001001001001  35.5004050137717  83.86484553070814  163.37605292647117  18.29647974159211
10.06006006006006  35.44659848517473  83.89616822591661  162.37893927351539  18.333880666890956
10.11011011011011  35.39301874014037  83.92538517150224  161.39302592890138  18.371163921416734
10.16016016016016  35.339665992195506  83.95254439021839  160.41813827800755  18.408330172136875
10.210210210210212  35.28654037087796  83.97769274050756  159.45410503478445  18.445380084050775
10.260260260260262  35.233641915860986  84.0008759195722  158.50075821901424  18.482314320353847
10.310310310310312  35.18097058729543  84.02213850913823  157.55793305875997  18.519133542140086
10.360360360360362  35.12852627640368  84.04152402188733  156.6254678916413  18.555838408097383
10.41041041041041  35.07630880413551  84.05907491398547  155.703204126236  18.592429574555567
10.46046046046046  35.02431791987524  84.07483259630575  154.7909862061667  18.628907695540683
10.51051051051051  34.972553316275246  84.08883749682327  153.88866148206893  18.665273422324056
10.56056056056056  34.921014629655836  84.10112907702123  152.99608016654238  18.701527403423242
10.61061061061061  34.86970143578692  84.11174583213615  152.11309531976264  18.737670284745516
10.66066066066066  34.81861326120891  84.12072534365846  151.2395627379576  18.77370270924879
10.710710710710712  34.76774958681304  84.1281043057795  150.37534089033076  18.809625316842958
10.760760760760762  34.71710984545743  84.13391852940656  149.5202908986557  18.845438744484923
10.810810810810812  34.66669342567696  84.13820296895508  148.67427647359438  18.88114362607625
10.860860860860862  34.61649967901501  84.14099176292889  147.83716382472582  18.916740592242537
10.91091091091091  34.56652791969954  84.14231824454538  147.00882162803103  18.95223027036536
10.96096096096096  34.516777423000676  84.14221494582782  146.18912100647174  18.987613284662203
11.01101101101101  34.46724743382747  84.140713645521  145.37793542497124  19.02289025591636
11.06106106106106  34.41793716751617  84.1378453834967  144.5751406509175  19.058061801473766
11.11111111111111  34.36884580762392  84.13364046098967  143.78061474337537  19.09312853534265
11.161161161161163  34.319972511352496  84.12812847575235  142.99423797236756  19.12809106803162
11.211211211211213  34.271316412399194  84.12133834541551  142.2158927617888  19.162950006475995
11.261261261261263  34.22287662008347  84.1132983124789  141.44546366969237  19.197705954095177
11.311311311311313  34.17465222046384  84.10403595910569  140.68283734863684  19.232359510779983
11.361361361361363  34.12664228113262  84.09357824075504  139.9279024674285  19.266911272748782
11.411411411411413  34.0788458511722  84.08195149472047  139.18054968447905  19.301361832576536
11.461461461461461  34.03126196002196  84.06918144215472  138.44067163508123  19.335711779263526
11.511511511511511  33.983889622319616  84.05529322315026  137.70816284944544  19.369961698088787
11.561561561561561  33.93672783861846  84.04031140894989  136.98291971867158  19.404112170612144
11.611611611611611  33.889775594233136  84.02426000269026  136.26484048542076  19.43816377474465
11.661661661661663  33.84303186204311  84.00716246375681  135.55382518408132  19.47211708467499
11.711711711711713  33.79649560438444  83.98904172668294  134.84977559261557  19.505972670829124
11.761761761761763  33.75016577268054  83.96992020578998  134.15259521527705  19.539731099913098
11.811811811811813  33.704041307768684  83.94981980412585  133.4621892560622  19.573392934930506
11.861861861861863  33.65812114291509  83.92876194008629  132.77846455354947  19.60695873509979
11.911911911911913  33.61240420383515  83.90676755418579  132.10132955919866  19.64042905588289
11.961961961961963  33.566889407960026  83.88385711024917  131.43069432830035  19.67380444904137
12.012012012012011  33.52157566720885  83.86005062113367  130.76647045625523  19.707085462563413
12.062062062062061  33.47646188851399  83.83536765866117  130.10857105006542  19.74027264067376
12.112112112112113  33.431546972820996  83.80982735092901  129.45691072856815  19.773366523904414
12.162162162162163  33.38682981723398  83.78344840499669  128.81140556505457  19.80636764904152
12.212212212212213  33.34230931636743  83.75624912313623  128.17197304451105  19.839276549103605
12.262262262262263  33.29798436271848  83.72824741113595  127.53853203891545  19.87209375335843
12.312312312312313  33.25385384595604  83.69946077912078  126.9110027999243  19.904819787372894
12.362362362362363  33.20991665063527  83.66990633091889  126.28930697797641  19.937455173115154
12.412412412412413  33.16617166216969  83.63960081349293  125.67336750286522  19.97000042878268
12.462462462462463  33.12261776564375  83.60856061429452  125.06310858441955  20.00245606886791
12.512512512512513  33.0792538462152  83.57680176994758  124.4584556871111  20.034822604171858
12.562562562562562  33.0360787871556  83.54433995176004  123.85933555952829  20.067100541912065
12.612612612612613  32.99309147232537  83.5111904941136  123.26567616243362  20.09929038565498
12.662662662662663  32.95029078731519  83.47736840995827  122.67740662732186  20.131392635301108
12.712712712712714  32.907675619316855  83.44288839402122  122.09445724403571  20.163407787120512
12.762762762762764  32.86524485690282  83.40776482341816  121.5167594548651  20.195336333793865
12.812812812812814  32.82299738919444  83.37201175092655  120.94424586628536  20.227178764479245
12.862862862862864  32.78093210866256  83.33564294185918  120.37685015589217  20.258935564725675
12.912912912912914  32.739047910713744  83.29867187235563  119.81450707207728  20.290607216522297
12.962962962962964  32.69734369394707  83.26111173621433  119.25715241325383  20.32219419831723
13.013013013013014  32.65581835796865  83.22297543351331  118.70472305263273  20.353696985094203
13.063063063063064  32.614470805742606  83.18427559351433  118.15715687736497  20.385116048340024
13.113113113113114  32.57329994441881  83.1450245860561  117.61439275643635  20.41645185604875
13.163163163163164  32.53230468501772  83.10523452430935  117.0763705301386  20.44770487275327
13.213213213213214  32.49148394224982  83.06491726509884  116.5430310057595  20.47887555956055
13.263263263263264  32.45083663401863  83.024084404553  116.01431596503647  20.509964374198887
13.313313313313314  32.410361683121685  82.9827473062108  115.49016808988964  20.540971770981134
13.363363363363364  32.37005801696519  82.94091709979664  114.97053096200723  20.57189820084386
13.413413413413414  32.32992456770711  82.89860468615812  114.45534904698512  20.602744111370104
13.463463463463464  32.28996027118756  82.85582072132377  113.94456773233642  20.633509946856915
13.513513513513514  32.25016406854491  82.81257564664578  113.43813324666206  20.664196148283533
13.563563563563564  32.21053490654194  82.76887969680763  112.93599263590141  20.694803153327296
13.613613613613614  32.17107173743526  82.72474289999508  112.43809375979033  20.725331396396435
13.663663663663664  32.13177351919184  82.68017508402323  111.944385272961  20.755781308650054
13.713713713713714  32.09263921570555  82.63518588246345  111.45481660604192  20.786153318018087
13.763763763763764  32.05366779384832  82.58978470825397  110.96933803230591  20.8164478492784
13.813813813813814  32.014858223579694  82.54398075872798  110.48790065166133  20.846665324078657
13.863863863863864  31.976209483076158  82.49778307220734  110.01045623897704  20.876806160867645
13.913913913913914  31.937720556255105  82.45120050647009  109.5369572979529  20.906870774963835
13.963963963963964  31.899390432891177  82.40424174384817  109.06735704492698  20.936859578577142
14.014014014014016  31.861218108740292  82.35691529640424  108.6016093924757  20.96677298083055
14.064064064064066  31.82320258511009  82.3092295009213  108.13966896056837  20.996611387794125
14.114114114114114  31.78534286713731  82.26119249010034  107.68149115207724  21.02637520254782
14.164164164164164  31.747637967077452  82.21281225598665  107.22703197881803  21.056064825132495
14.214214214214214  31.710086903387218  82.16409663598111  106.77624809699057  21.085680652594796
14.264264264264265  31.67268870062057  82.1150533138222  106.3290968021248  21.115223079013848
14.314314314314315  31.63544238951118  82.06568982399716  105.8855360147516  21.144692495523852
14.364364364364365  31.598347007051974  82.0160135544997  105.44552427058738  21.17408929033719
14.414414414414415  31.561401596516266  81.9660317160307  105.00902080233523  21.20341384877927
14.464464464464465  31.524605207602683  81.91575138230503  104.57598542735457  21.232666553298593
14.514514514514516  31.48795689652367  81.86517949798855  104.14637852370555  21.261847783488054
14.564564564564566  31.451455726069824  81.81432287269537  103.72016104425161  21.290957916111164
14.614614614614615  31.41510076569114  81.76318818473202  103.29729450415081  21.31999732512483
14.664664664664665  31.378891091578282  81.71178198484169  102.87774096834742  21.348966381702148
14.714714714714717  31.342825784179634  81.66011068226815  102.461463090625  21.377865454253094
14.764764764764765  31.306903927977324  81.60818054639549  102.0484241072348  21.40669490844708
14.814814814814817  31.271124615855364  81.55599774005015  101.63858773818754  21.435455107239243
14.864864864864865  31.235486946886287  81.5035683074239  101.23191822088486  21.464146410891377
14.914914914914917  31.199990026324045  81.4508981772086  100.82838029938807  21.492769176994635
14.964964964964965  31.164632965607638  81.39799316580522  100.42793921347032  21.521323760492287
15.015015015015017  31.12941488228682  81.34485897467601  100.03056070465597  21.549810513696855
15.065065065065065  31.094334899744947  81.29150117244903  99.6362110664837  21.578229786292788
15.115115115115117  31.059392147672014  81.23792523340485  99.2448570312405  21.60658192539275
15.165165165165165  31.0245857619189  81.18413652945364  98.85646579159109  21.634867275549638
15.215215215215215  30.989914884465005  81.13014033064212  98.47100499746674  21.66308617877677
15.265265265265267  30.95537866341578  81.0759418078985  98.08844274646401  21.69123897457017
15.315315315315315  30.92097625302927  81.02154603477696  97.7087475771877  21.719325999929172
15.365365365365367  30.88670681439144  80.96695796691502  97.3318885281917  21.74734758934013
15.415415415415415  30.852569514694174  80.91218246949724  96.95783505562257  21.775304074839656
15.465465465465467  30.818563527153664  80.85722432271513  96.58655701562618  21.803195786041453
15.515515515515515  30.784688031222366  80.80208821714618  96.2180246764267  21.831023050146364
15.565565565565567  30.750942212595934  80.7467787561709  95.85220870968975  21.85878619196413
15.615615615615615  30.7173252632203  80.69130045838995  95.48908018188598  21.88648553393512
15.665665665665667  30.683836381238983  80.63565775945987  95.12861054745862  21.91412139615078
15.715715715715717  30.650474768261017  80.57985498782229  94.77077172303717  21.94169409631477
15.765765765765765  30.617239631818727  80.52389639099947  94.41553600467212  21.969203949818915
15.815815815815817  30.584130186288817  80.46778614691733  94.06287603155042  21.996651269785207
15.865865865865866  30.551145651815776  80.41152835576466  93.71276481013524  22.024036367063527
15.915915915915917  30.51828525427844  80.35512704201595  93.36517570675252  22.05135955025254
15.965965965965966  30.485548225256554  80.29858615645448  93.02008244017797  22.078621125720524
16.016016016016017  30.452933801999198  80.2419095780525  92.67745907466995  22.10582139762578
16.066066066066064  30.42044122763528  80.18510109723286  92.33728007124171  22.132960667879793
16.116116116116117  30.388069750971223  80.1281644308783  91.9995202396267  22.160039236208018
16.166166166166168  30.355818626307517  80.07110323589836  91.664154694757  22.18705740020622
16.216216216216218  30.3236871135281  80.01392110180309  91.33115887890682  22.214015455332287
16.266266266266268  30.291674478070817  79.95662155242528  91.00050855521958  22.240913694926146
16.316316316316318  30.259779990897933  79.89920804764303  90.6721798012351  22.267752410229683
16.366366366366368  30.228002928467024  79.84168398509428  90.3461490024407  22.294531890406653
16.416416416416418  30.196342573543713  79.78405268727529  90.02239289181303  22.321252422503523
16.466466466466468  30.164798214815818  79.72631740944934  89.70088852387927  22.34791429149442
16.516516516516518  30.133369146015184  79.66848135610479  89.38161322187851  22.374517780360527
16.566566566566568  30.102054666443298  79.61054767303823  89.0645446016186  22.401063170071108
16.616616616616618  30.070854080957044  79.55251944881181  88.7496605658371  22.427550739602346
16.666666666666668  30.0397666999544  79.4943997162108  88.43693929856173  22.453980765956207
16.716716716716718  30.00879183936019  79.43619145370093  88.12635925947106  22.48035352417931
16.766766766766768  29.977928818928078  79.37789757725625  87.8178992114298  22.506669287334812
16.816816816816818  29.94717696230989  79.31952094229463  87.51153821320183  22.532928326523646
16.866866866866868  29.916535599671448  79.26106436017739  87.20725556199099  22.559130910976634
16.916916916916918  29.886004066200023  79.20253059121204  86.90503081692766  22.585277308032186
16.966966966966968  29.855581702049854  79.14392234587973  86.60484379422228  22.611367783154005
17.017017017017018  29.825267852291844  79.0852422860867  86.30667456223529  22.637402599948956
17.067067067067065  29.79506186686328  79.02649302641576  86.0105034365477  22.663382020184905
17.117117117117118  29.764963100996493  78.96767712820231  85.71631099881472  22.689306303767403
17.167167167167168  29.734970915366617  78.9087970978186  85.4240781016716  22.71517570874054
17.217217217217218  29.705084674973605  78.8498554039215  85.13378581078216  22.740990491396527
17.26726726726727  29.675303749627318  78.79085447068258  84.8454154264965  22.766750906247577
17.31731731731732  29.645627513918395  78.73179667872351  84.55894847996953  22.79245720604191
17.36736736736737  29.616055347180183  78.67268436618325  84.2743667288415  22.818109641780566
17.41741741741742  29.58658663345082  78.61351982978537  83.99165215291887  22.843708462734185
17.46746746746747  29.557220761899934  78.554305320458  83.7107869682612  22.869253916423748
17.51751751751752  29.527957127221125  78.49504303935589  83.43175363990987  22.89474624860396
17.56756756756757  29.498795128172837  78.43573515558447  83.1545348212858  22.920185703390334
17.61761761761762  29.469734168193927  78.37638379960741  82.87911337575247  22.945572523225277
17.66766766766767  29.440773655403877  78.3169910638654  82.60547237381182  22.97090694889191
17.71771771771772  29.41191300257644  78.25755900370733  82.33359508924514  22.996189219529956
17.76776776776777  29.383151627113296  78.19808963832125  82.0634649952543  23.02141957265165
17.81781781781782  29.354488950994405  78.13858495149488  81.79506576122617  23.046598244156293
17.86786786786787  29.32592439915374  78.07904688080177  81.52838129179854  23.07172546825532
17.91791791791792  29.297457400816207  78.01947732855277  81.26339568637856  23.09680147756569
17.96796796796797  29.26908739018101  77.95987816794344  81.00009321621994  23.12182650316613
18.01801801801802  29.240813805676435  77.90025123870168  80.73845833987306  23.146800774572153
18.06806806806807  29.2126360899139  77.84059834787479  80.47847569985275  23.17172451975085
18.11811811811812  29.184553689641934  77.78092127061642  80.2201301193058  23.196597965135663
18.16816816816817  29.15656605570026  77.72122175097351  79.96340659867842  23.221421335641168
18.21821821821822  29.128672643122798  77.66150150096834  79.7082903184586  23.246194854663294
18.26826826826827  29.100872911935948  77.60176219172514  79.4547666702582  23.27091874401164
18.31831831831832  29.07316632577569  77.54200546955514  79.20282119898155  23.29559322405485
18.36836836836837  29.045552352182554  77.48223295284185  78.95243961339189  23.32021851370208
18.41841841841842  29.018030462699752  77.42244623117953  78.70360778865302  23.344794830403703
18.46846846846847  28.99060013283734  77.36264686604422  78.45631176340918  23.3693223901651
18.518518518518523  28.963260842036338  77.30283639146498  78.21053773686538  23.393801407560463
18.56856856856857  28.936012073632906  77.24301631469505  77.96627206586744  23.418232095746554
18.61861861861862  28.908853315356914  77.18318811228107  77.72350127853102  23.442614666431954
18.66866866866867  28.881784059589933  77.12335322820418  77.48221208042001  23.466949329866274
18.71871871871872  28.854803801980065  77.06351308616976  77.24239130984576  23.491236294966598
18.76876876876877  28.82791204206818  77.00366908457777  77.00402595544821  23.515475769275966
18.81881881881882  28.801108283279717  76.94382259695557  76.76710315413261  23.539667958974906
18.86886886886887  28.77439203290062  76.88397497252781  76.53161018851446  23.56381306889421
18.91891891891892  28.74776280205325  76.82412753678602  76.29753448436442  23.587911302527765
18.96896896896897  28.721220105634842  76.76428159189409  76.06486360871956  23.61196286204347
19.01901901901902  28.69476346079992  76.70443841071285  75.83358529385866  23.635967948221456
19.069069069069073  28.66839238838563  76.64459924372176  75.60368740899982  23.65992676053929
19.11911911911912  28.642106413308788  76.58476532143392  75.37515795026557  23.683839497205803
19.16916916916917  28.615905063962252  76.52493785242616  75.14798504842229  23.707706355144975
19.21921921921922  28.5897878721733  76.46511802383182  74.92215696663703  23.731527530007828
19.26926926926927  28.563754373162013  76.40530700183349  74.69766209823457  23.7553032161844
19.31931931931932  28.53780410549963  76.3455059321558  74.47448896445431  23.77903360681565
19.36936936936937  28.51193661125843  76.28571593927312  74.25262621702886  23.802718893790107
19.41941941941942  28.486151436816577  76.2259381212216  74.03206265725552  23.826359267688353
19.46946946946947  28.460448131374758  76.16617355976722  73.81278719745086  23.849954917909862
19.519519519519523  28.43482624734088  76.10642331803763  73.59478886944194  23.873506032650955
19.56956956956957  28.409285340415828  76.04668844016004  73.37805682553098  23.897012798906584
19.619619619619623  28.383824969562514  75.98696995168216  73.16258033652173  23.92047540248139
19.66966966966967  28.35844469697497  75.92726885999319  72.94834878974574  23.9438940280008
19.71971971971972  28.3331440880474  75.8675861547448  72.7353516870886  23.967268858922086
19.76976976976977  28.307922711809375  75.80792280500387  72.52357865559503  23.990600077502677
19.81981981981982  28.282780140983807  75.74827975904991  72.31301944789523  24.01388786480305
19.86986986986987  28.257715950996992  75.68865795152055  72.10366391434977  24.037132400785854
19.91991991991992  28.23272972045647  75.62905830026523  71.8955020148059  24.0603338642803
19.969969969969974  28.20782103113394  75.56948170666847  71.68852381699935  24.083492432991918
20.02002002002002  28.18298946794235  75.50992905601538  71.48271949479508  24.10660828351296
20.070070070070074  28.158234618912854  75.45040121785662  71.27807932642803  24.12968159133271
20.12012012012012  28.133556075171875  75.39089904637386  71.07459369274402  24.152712530847843
20.170170170170174  28.108953430359307  75.33142337789612  70.87225308770117  24.175701275329253
20.22022022022022  28.084426280407005  75.27197503025282  70.6710481209668  24.198647996916915
20.27027027027027  28.059974224801564  75.21255480969414  70.47096948794696  24.221552866730416
20.32032032032032  28.03559686590347  75.1531635079023  70.2720079824616  24.244416054828044
20.37037037037037  28.011293808902415  75.09380190224621  70.07415449546143  24.267237730215438
20.420420420420424  27.987064661784185  75.03447075609498  69.87740001349135  24.29001806085515
20.47047047047047  27.962909035297525  74.9751708191315  69.6817356171537  24.312757213676214
20.520520520520524  27.938826542921028  74.915902827666  69.4871524795715  24.335455354583704
20.57057057057057  27.914816801236388  74.85666750262523  69.29364187418011  24.358112648432087
20.620620620620624  27.890879430111685  74.79746554862814  69.10119517815846  24.380729259015528
20.67067067067067  27.867014051627862  74.73829766025035  68.9098038470096  24.403305349170093
20.720720720720724  27.843220290559632  74.67916451939749  68.71945942482381  24.42584108073752
20.77077077077077  27.819497774362873  74.62006679550134  68.53015354321298  24.448336614572952
20.82082082082082  27.79584613314938  74.56100514578854  68.34187791995416  24.470792110553827
20.87087087087087  27.772264999661573  74.50198021554911  68.15462435763345  24.493207727588675
20.92092092092092  27.748754009247257  74.44299263840506  67.96838474228953  24.515583623626032
20.970970970970974  27.725312800147925  74.38404303469474  67.7831510497798  24.537919955631104
21.02102102102102  27.701941013700516  74.3251320103771  67.59891535001603  24.560216879571303
21.071071071071074  27.678638293422598  74.26626016264576  67.41566978369954  24.582474550516444
21.12112112112112  27.65540428541181  74.20742807764573  67.2334065714242  24.60469312260395
21.171171171171174  27.632238638341025  74.1486363306189  67.0521180128239  24.626872749045685
21.22122122122122  27.60914100343958  74.08988548613388  66.87179648537575  24.64901358213609
21.27127127127127  27.586111034474477  74.03117609831564  66.69243444320335  24.671115773260404
21.32132132132132  27.563148387731616  73.97250871107511  66.5140244158799  24.69317947290287
21.37137137137137  27.540252721630424  73.91388385702457  66.33655901346506  24.715204830628167
21.421421421421424  27.517423696363583  73.85530205648266  66.16003093111614  24.737191995064727
21.47147147147147  27.49466097502669  73.79676382182231  65.98443292836004  24.75914111399667
21.521521521521525  27.47196422306966  73.73826965580051  65.80975783690698  24.781052334333346
21.57157157157157  27.449333108247234  73.67982005167796  65.63599855997528  24.80292580211531
21.621621621621625  27.426767300592132  73.62141549341985  65.46314807123215  24.82476166252192
21.67167167167167  27.404266472388144  73.56305645589634  65.29119941373474  24.846560059878943
21.721721721721725  27.381830298143253  73.50474340508336  65.12014569887101  24.868321137666147
21.77177177177177  27.359458454847925  73.44647679706361  64.94998011036357  24.890045038501228
21.82182182182182  27.33715062227824  73.38825707683921  64.78069590906955  24.91173190412
21.871871871871875  27.31490648198495  73.3300846826714  64.61228641445095  24.933381875465727
21.92192192192192  27.292725717705096  73.27196004443655  64.44474501130149  24.954995092660308
21.971971971971975  27.27060801536551  73.2138835836993  64.27806514922587  24.976571695009373
22.02202202202202  27.248553063062644  73.15585571388465  64.11224034170081  24.998111821009285
22.072072072072075  27.22656055104246  73.09787684045028  63.94726416513582  25.01961560835424
22.12212212212212  27.204630171680297  73.03994736105881  63.783130257934175  25.041083193943248
22.172172172172175  27.182761619643447  72.98206766473588  63.61983232401415  25.062514713865312
22.22222222222222  27.160954592116752  72.92423813067896  63.45736413786834  25.083910303377
22.272272272272275  27.13920878808509  72.86645913229954  63.29571952660024  25.105270096993085
22.322322322322325  27.117523908617805  72.80873103570518  63.13489237642014  25.126594228457087
22.37237237237237  27.095899656872433  72.7510541997394  62.974876632288286  25.14788283074544
22.422422422422425  27.074335738078375  72.6934289761328  62.81566629706852  25.169136036074093
22.47247247247247  27.05283185952057  72.63585570965412  62.65725543068201  25.190353975905094
22.522522522522525  27.03138773052314  72.57833473826149  62.499638149260875  25.21153678095316
22.57257257257257  27.01000306242713  72.5208663932237  62.342808624449546  25.23268458119154
22.622622622622625  26.988677568100723  72.46345099690784  62.18676109428635  25.253797505798993
22.67267267267267  26.96741096234264  72.40608886502602  62.031489851958916  25.274875683219214
22.722722722722725  26.94620296208943  72.34878030790244  61.87698923942009  25.295919241195563
22.772772772772772  26.9250532861718  72.29152562948983  61.72325365217252  25.316928306749027
22.822822822822825  26.903961655294065  72.23432512749937  61.57027753852668  25.337903006184277
22.872872872872875  26.8829277920136  72.17717909353094  61.41805539885906  25.358843465095738
22.922922922922922  26.861951420720313  72.12008781320314  61.26658178487019  25.379749808373635
22.972972972972975  26.84103226761608  72.06305156628333  61.11585129884271  25.40062216021005
23.023023023023022  26.820170060802955  72.00607062638142  60.965858594884324  25.421460644094207
23.073073073073076  26.79936453076659  71.94914525905736  60.816598387384964  25.442265382768667
23.123123123123122  26.778615409472625  71.89227572549514  60.66806543415621  25.463036498322758
23.173173173173176  26.757922430606087  71.83546228158973  60.520254540433726  25.483774112172938
23.223223223223222  26.737285329631913  71.77870517775165  60.37316055961606  25.504478345060793
23.273273273273276  26.716703843779044  71.72200465901867  60.22677839260624  25.525149317058645
23.323323323323326  26.69617771202442  71.66536096516752  60.081102987153564  25.545787147575176
23.373373373373376  26.67570667507702  71.60877433082557  59.93612933719523  25.566391955361002
23.423423423423426  26.655290475361923  71.55224498558256  59.791852482197996  25.586963858514295
23.473473473473472  26.634928857266697  71.4957731528767  59.6482675122282  25.607502974453446
23.523523523523526  26.614621567118608  71.4393590501382  59.505369567144335  25.62800941992353
23.573573573573572  26.594368352695774  71.38300289111  59.363153825614724  25.64848331106125
23.623623623623626  26.574168963477568  71.32670488471517  59.22161551027431  25.668924763367123
23.673673673673672  26.55402315063379  71.27046523514473  59.08074988717845  25.689333891710415
23.723723723723726  26.533930667012076  71.21428414195327  58.940552265219225  25.709710810334354
23.773773773773776  26.51389126712543  71.1581618001548  58.801017995541905  25.73005563286125
23.823823823823826  26.493904707139613  71.10209840031835  58.66214247096131  25.750368472297723
23.873873873873876  26.47397074482965  71.04609412856769  58.52392112591164  25.77064944103669
23.923923923923926  26.45408913910135  70.99014916523232  58.38634944388393  25.790898650815432
23.973973973973976  26.434259650579193  70.93426368680507  58.24942294650555  25.811116212781503
24.024024024024023  26.414482041564387  70.87843786594638  58.11313719346341  25.83130223749493
24.074074074074076  26.394756075890896  70.82267187117282  57.977487784182024  25.85145683492009
24.124124124124123  26.375081518909187  70.76696586694104  57.84247035730478  25.871580114430508
24.174174174174176  26.35545813746986  70.71132001373189  57.708080590174916  25.891672184813647
24.224224224224226  26.335885699907397  70.65573446813443  57.574314198316934  25.91173315427569
24.274274274274276  26.31636397602384  70.60020938292998  57.441166934917554  25.931763130446353
24.324324324324326  26.29689273724472  70.544744906652  57.30863459281073  25.95176222036785
24.374374374374376  26.277471756887035  70.48934118280495  57.17671300809015  25.971730530473636
24.424424424424426  26.258100809411882  70.43399835217325  57.04539804896521  25.991668166660226
24.474474474474476  26.238779670714404  70.37871655197331  56.914685619693174  26.011575234263944
24.524524524524526  26.219508118136662  70.32349591584874  56.78457166048462  26.031451838062985
24.574574574574573  26.200285930455248  70.2683365739425  56.6550521470414  26.05129808228189
24.624624624624627  26.181112887868863  70.21323865296915  56.526123090094394  26.071114070595947
24.674674674674673  26.16198877198592  70.15820227628699  56.397780534941425  26.090899906135657
24.724724724724727  26.14291336581431  70.10322756396093  56.270020561031856  26.110655691490845
24.774774774774777  26.12388645402254  70.04831463166845  56.14283928739237  26.130381528676466
24.824824824824827  26.104907822696344  69.99346359175654  56.01623286719282  26.150077519169667
24.874874874874877  26.08597725916709  69.93867455399268  55.890197483858095  26.169743763936697
24.924924924924927  26.067094552146273  69.8839476250107  55.76472935376762  26.18938036341657
24.974974974974977  26.048259491715104  69.8292829083743  55.63982472583671  26.208987417525275
25.025025025025027  26.029471869314182  69.77468050464063  55.51547988109794  26.228565025659854
25.075075075075077  26.010731477733046  69.72014051142388  55.39169113228252  26.24811328670261
25.125125125125123  25.992038111099834  69.66566302345885  55.26845482340168  26.267632299025212
25.175175175175177  25.973391564870873  69.61124813266444  55.14576732932803  26.287122160492885
25.225225225225227  25.954791635683783  69.55689592757767  55.02362505903911  26.306582968443795
25.275275275275277  25.9362381212555  69.50260649299483  54.90202445765489  26.326014819676615
25.325325325325327  25.917730820773155  69.44837991188555  54.78096199525674  26.34541781052738
25.375375375375377  25.89926953468776  69.3942162645528  54.66043417172422  26.36479203683811
25.425425425425427  25.88085406469514  69.34011562865646  54.540437516548444  26.384137593959423
25.475475475475477  25.862484213723715  69.28607807926836  54.42096858846382  26.403454576754324
25.525525525525527  25.844159785922212  69.23210368892704  54.30202397507976  26.42274307960202
25.575575575575574  25.82588058664741  69.17819252769277  54.18360029251242  26.442003196401732
25.625625625625627  25.807646422451878  69.12434466320244  54.0656941850164  26.461235020576503
25.675675675675677  25.78945710114617  69.0705601605063  53.9483023257548  26.480438645068887
25.725725725725727  25.771312432148612  69.01683908106224  53.83142142196669  26.499614162305345
25.775775775775777  25.753212225831934  68.96318148466881  53.715048204796666  26.518761664269867
25.825825825825827  25.73515629369759  68.90958742897371  53.59917943177876  26.537881242487455
25.875875875875877  25.71714444842486  68.85605696934869  53.483811887407036  26.55697298802126
25.925925925925927  25.699176503861256  68.80259015893678  53.368942382807646  26.576036991476105
25.975975975975977  25.681252275012888  68.74918704869951  53.254567755410825  26.59507334300199
26.026026026026027  25.66337157803481  68.69584768746407  53.140684868622905  26.614082132297614
26.076076076076077  25.645534230221433  68.64257212197046  53.02729061149831  26.63306344861393
26.126126126126128  25.627740050006555  68.5893603968859  52.91438189858966  26.652017380756295
26.176176176176178  25.609988857247487  68.5362125538529  52.801955675031124  26.670944017047475
26.226226226226228  25.592280472883406  68.48312863266557  52.69000891009468  26.689843445376997
26.276276276276278  25.574614718875612  68.4301086714874  52.578538595937864  26.708715753211546
26.326326326326328  25.55699141830833  68.3771527065227  52.467541749311096  26.727561027583288
26.376376376376378  25.5394103953811  68.32426077205714  52.35701541126601  26.74637935509308
26.426426426426428  25.521871475401078  68.27143290049821  52.24695664686352  26.765170821913756
26.476476476476478  25.504374484775386  68.21866912241573  52.1373625448821  26.783935513793367
26.526526526526528  25.486919251003474  68.16596946658241  52.02823021752596  26.802673516058412
26.576576576576578  25.469505602669418  68.11333396001426  51.91955680013323  26.821384913617123
26.626626626626628  25.452133369260046  68.06076262756366  51.81133945392087  26.840069790939527
26.676676676676678  25.43480238117288  68.00825549199989  51.70357536542099  26.858728232062795
26.726726726726728  25.417512470017872  67.9558125748444  51.59626174079621  26.877360320635596
26.776776776776778  25.400263468431373  67.90343389595309  51.48939580865721  26.895966139897656
26.826826826826828  25.383055210065574  67.85111947354943  51.38297481982081  26.914545772682615
26.876876876876878  25.36588752957906  67.79886932426042  51.27699604704959  26.933099301421052
26.926926926926928  25.348760262627344  67.74668346315238  51.17145678479168  26.951626808143473
26.976976976976978  25.33167324585337  67.69456190376678  51.066354348920335  26.97012837448335
27.027027027027028  25.314626316878076  67.64250465815621  50.961686076473725  26.988604081680112
27.077077077077078  25.297619314390108  67.5905117367088  50.85744932658472  27.007054010572507
27.127127127127128  25.28065207839512  67.53858314763264  50.7536414833255  27.025478241576486
27.177177177177178  25.26372444964213  67.48671889819389  50.65025994867806  27.04387685474302
27.227227227227228  25.24683626982577  67.43491899430151  50.54730214481412  27.062249929740556
27.27727727727728  25.229987381609515  67.38318344047349  50.44476551422704  27.080597545854854
27.32732732732733  25.213177628618496  67.33151223986769  50.34264751949918  27.09891978199175
27.37737737737738  25.196406855432354  67.27990539431295  50.2409456430692  27.11721671667997
27.42742742742743  25.17967490757806  67.2283629043399  50.13965738699947  27.135488428073884
27.47747747747748  25.16298163152279  67.17688476921202  50.03878027274337  27.15373499395633
27.52752752752753  25.1463268746856  67.1254709869064  49.93831184122302  27.171956491738776
27.577577577577582  25.129710485675638  67.07412155349411  49.838249656624356  27.190152998430413
27.62762762762763  25.113132313940866  67.02283646408371  49.73859130051532  27.208324590688218
27.67767767767768  25.096592209795567  66.97161571276021  49.63933437218184  27.226471344814975
27.72772772772773  25.080090024481038  66.92045929243614  49.54047648951004  27.244593336752732
27.77777777777778  25.063625610159782  66.86936719487885  49.442015288775  27.262690642085406
27.82782782782783  25.047198819909617  66.81833941073815  49.343948424429726  27.28076333604141
27.87787787787788  25.03080950771783  66.76737592957362  49.24627356889392  27.298811493496224
27.92792792792793  25.014457528475354  66.71647673988222  49.14898841234293  27.316835188975038
27.97797797797798  24.99814273797087  66.66564182912575  49.05209066249653  27.33483449665533
28.028028028028032  24.981864992873877  66.6148711837088  48.95557804480021  27.352809490366134
28.07807807807808  24.9656241505994  66.56416478843003  48.85944830678842  27.370760243551484
28.128128128128132  24.949420069488294  66.51352262733853  48.763699211293726  27.38868682932933
28.17817817817818  24.93325260877796  66.46294468365683  48.66832853706536  27.406589320487072
28.22822822822823  24.917121628562253  66.41243093965612  48.573334079765885  27.424467789473788
28.27827827827828  24.90102698978499  66.36198137668072  48.47871365178461  27.442322308402662
28.32832832832833  24.884968554233385  66.31159597517244  48.38446508205091  27.46015294905338
28.37837837837838  24.868946184531477  66.26127471469496  48.29058621584769  27.4779597828745
28.42842842842843  24.852959744133614  66.21101757395826  48.197074914624615  27.495742880985883
28.478478478478483  24.8370090973179  66.16082453084296  48.10392905581162  27.51350231418106
28.52852852852853  24.821094109214425  66.11069556237881  48.01114653298195  27.53123815292653
28.578578578578583  24.805214646164263  66.06063064428665  47.91872525934114  27.548950467331323
28.62862862862863  24.789370575173916  66.01062975171418  47.82666316212054  27.5666393271978
28.678678678678683  24.773561763989463  65.9606928591539  47.73495818320203  27.5843048020168
28.72872872872873  24.757788081182095  65.91081994034583  47.643608279857666  27.601946960961754
28.77877877877878  24.742049396143585  65.86101096829945  47.55261142458271  27.61956587289094
28.82882882882883  24.726345579081663  65.81126591531535  47.461965604928864  27.637161606349665
28.87887887887888  24.710676501015453  65.76158475300709  47.371668823337394  27.654734229572504
28.92892892892893  24.69504203377091  65.71196745232302  47.28171909697231  27.67228381048552
28.97897897897898  24.679442049976206  65.66241398356802  47.19211445755345  27.689810416708493
29.029029029029033  24.663876423097022  65.61292431639586  47.102852951535844  27.707314115553917
29.07907907907908  24.648345027810475  65.56349841955138  47.01393264323093  27.724794973998865
29.129129129129133  24.632847739428456  65.51413626131483  46.92535160967026  27.742253058733123
29.17917917917918  24.617384433991337  65.46483780945127  46.83710794129217  27.759688436153496
29.22922922922923  24.601954988354414  65.4156030311649  46.74919974256573  27.77710117235876
29.279279279279283  24.586559280185366  65.36643189311948  46.66162513184174  27.79449133315168
29.32932932932933  24.571197187961737  65.31732436145852  46.5743822412037  27.811858984041102
29.37937937937938  24.55586859096841  65.26828040182562  46.4874692163187  27.82920419024398
29.429429429429433  24.54057336929505  65.21929997938472  46.400884216288446  27.846527016687457
29.479479479479483  24.52531140383363  65.17038305884033  46.314625413500224  27.863827528010887
29.52952952952953  24.510082576304338  65.12152960448144  46.22869099380883  27.88110578856489
29.57957957957958  24.494886769498446  65.0727395804038  46.14307915923673  27.898361862387294
29.629629629629633  24.47972386689573  65.02401295021717  46.05778812341191  27.91559581324561
29.679679679679683  24.464593752735066  64.9753496771258  45.972816112267864  27.932807704631326
29.72972972972973  24.449496312068216  64.92674972399514  45.888161364548665  27.94999759975597
29.77977977977978  24.434431430758668  64.87821305337322  45.803822131675545  27.967165561553003
29.829829829829833  24.419398995480414  64.829739627512  45.71979667761341  27.984311652679768
29.87987987987988  24.404398893716788  64.78132940838883  45.636083278737395  28.001435935519346
29.92992992992993  24.389431013759236  64.73298235772776  45.55268022369929  28.018538472182538
29.979979979979984  24.374495244706175  64.684698437021  45.469585813294074  28.03561932450973
30.030030030030034  24.359591476705706  64.6364776077439  45.386798360643844  28.052678554069992
30.08008008008008  24.344719602860085  64.58831983288992  45.30431619354312  28.06971622214087
30.13013013013013  24.329879516199362  64.54022507458939  45.22213765039022  28.08673238974541
30.180180180180184  24.3150711103206  64.49219329463948  45.14026108088679  28.10372711764665
30.230230230230234  24.30029427980464  64.44422445485762  45.05868484644805  28.12070046634466
30.28028028028028  24.285548920225402  64.39631851711107  44.977407320082904  28.137652496078346
30.33033033033033  24.270834928159204  64.34847544334677  44.89642688627415  28.154583266827256
30.380380380380384  24.256152201194094  64.30069519562099  44.81574194085869  28.171492838313345
30.43043043043043  24.241500637939154  64.25297773612915  44.7353508909077  28.188381270002772
30.48048048048048  24.22688013803381  64.20532302723544  44.65525215460674  28.20524862110771
30.530530530530534  24.212290601665874  64.15773103109713  44.57544416141446  28.22209495058559
30.580580580580584  24.197731926037616  64.11020170677034  44.49592535395065  28.238920317122624
30.63063063063063  24.183204010988067  64.06273501487172  44.4166941846956  28.25572477916454
30.68068068068068  24.16870675775514  64.0153309165791  44.33774911657702  28.27250839491194
30.730730730730734  24.15424006825601  63.96798937305955  44.2590886232633  28.28927122231834
30.780780780780784  24.139803845072045  63.92071034547901  44.18071118905763  28.306013319091814
30.83083083083083  24.125397991433733  63.87349379501192  44.10261530879185  28.322734742696692
30.880880880880884  24.111022411205614  63.82633968285075  44.0247994877205  28.339435550355198
30.930930930930934  24.09667700887122  63.77924797021574  43.94726224141489  28.35611579904912
30.98098098098098  24.08236168891139  63.73221861779334  43.87000209569086  28.37277554552073
31.03103103103103  24.068076331917165  63.685251563274804  43.79301758783512  28.38941484624364
31.081081081081084  24.053820820026647  63.638346745324064  43.716307265078804  28.406033757457298
31.131131131131134  24.0395950430211  63.59150410933984  43.63986968415035  28.422632335176502
31.18118118118118  24.025398888580437  63.544723598306774  43.56370341171251  28.439210635180554
31.23123123123123  24.011232242103507  63.49800515265004  43.487807024265564  28.455768713014695
31.281281281281284  23.997094986528346  63.451348710089974  43.412179108050466  28.47230662399156
31.331331331331334  23.98298700215245  63.40475420549664  43.33681825895211  28.48882442319264
31.38138138138138  23.968908166453048  63.358221570744476  43.26172308240241  28.50532216546973
31.431431431431434  23.954858353907365  63.311750734566836  43.18689219328359  28.5217999054464
31.481481481481485  23.94083746153321  63.26534163905556  43.11232421682582  28.538257697490792
31.53153153153153  23.926845403814585  63.218994236347974  43.038017788321156  28.554695595722574
31.58158158158158  23.912882071040336  63.17270846163663  42.963971551422816  28.5711136540605
31.631631631631635  23.898947353795055  63.12648424898958  42.890184159002246  28.587511926196438
31.681681681681685  23.885041143122354  63.08032153142686  42.81665427306564  28.603890465596425
31.73173173173173  23.871163330604272  63.03422024094292  42.74338056466706  28.620249325501856
31.78178178178178  23.857313808440743  62.98818030852886  42.670361713821755  28.636588558930626
31.831831831831835  23.843492469528982  62.94220166419473  42.59759640941923  28.65290821867831
31.881881881881885  23.829699207542944  62.89628423699197  42.525083349136615  28.669208357319324
31.93193193193193  23.81593391735986  62.85042795485611  42.45282123973558  28.68548902720827
31.981981981981985  23.802196495746912  62.80463274431527  42.38080879764711  28.70175028048144
32.032032032032035  23.78848683988075  62.75889853131891  42.30904474715982  28.717992169057133
32.08208208208208  23.774804848077057  62.71322524092397  42.23752782105193  28.73421474463717
32.13213213213213  23.76115041993552  62.66761279728337  42.16625676057709  28.750418058708114
32.18218218218219  23.747523456425938  62.622061123664835  42.09523031538494  28.766602162542394
32.232232232232235  23.733923859974286  62.57657014246984  42.024447243441614  28.782767107199533
32.28228228228228  23.720351534548765  62.53113977525241  41.953906310950345  28.798912943527263
32.332332332332335  23.706806385745917  62.48576994273806  41.883606292272006  28.81503972216273
32.38238238238239  23.69328831787266  62.4404605652915  41.813545969975195  28.831147493535784
32.432432432432435  23.679797213255544  62.3952115660398  41.743724135652414  28.84723630788492
32.48248248248248  23.66633296560725  62.35002286591879  41.67413958840602  28.86330621523478
32.532532532532535  23.6528954724549  62.3048943848361  41.604791135098836  28.879357265402795
32.58258258258258  23.639484631038243  62.2598260423158  41.53567759045531  28.895389508003273
32.632632632632635  23.626100338252012  62.21481775753869  41.466797776988216  28.911402992448746
32.68268268268268  23.612742490588165  62.169869449382695  41.39815052492546  28.92739776795117
32.732732732732735  23.599410984078244  62.12498103646322  41.32973467213681  28.943373883523247
32.78278278278278  23.586105714235682  62.08015243717354  41.26154906406068  28.95933138797966
32.832832832832835  23.57282659737588  62.035383572977736  41.193592520159456  28.975270330473595
32.88288288288289  23.559573491786026  61.990674348495844  41.125863983711035  28.9911907580854
32.932932932932935  23.546346339421248  61.94602468227398  41.05836226929262  29.00709271987912
32.98298298298298  23.53314504222533  61.90143448854356  40.99108625450606  29.022976263837965
33.033033033033036  23.519969503221667  61.85690368102187  40.924034823801385  29.038841437757544
33.08308308308309  23.506819626513288  61.81243217291206  40.85720686847673  29.054688289245917
33.133133133133136  23.493695317282846  61.76801987690316  40.79060128667843  29.070516865723558
33.18318318318318  23.480596481792613  61.72366670517002  40.724216983400936  29.086327214423385
33.233233233233236  23.46752302738449  61.67937256937336  40.65805287048684  29.102119382390743
33.28328328328329  23.45447486248002  61.635137380659806  40.59210786662692  29.117893416483398
33.333333333333336  23.441451894634028  61.59096104977196  40.52638089774331  29.13364936337157
33.38338338338338  23.428454031079447  61.54684348701764  40.4608708968823  29.149387269537904
33.433433433433436  23.415481181781814  61.50278460209692  40.395576803612805  29.16510718127748
33.48348348348349  23.402533257613047  61.45878430420563  40.33049756438605  29.180809144697793
33.533533533533536  23.38961017034679  61.41484250203543  40.265632132536396  29.19649320571878
33.58358358358358  23.376711832658376  61.37095910377398  40.20097946828142  29.212159410072815
33.633633633633636  23.36383815812486  61.32713401710483  40.13653853872183  29.227807803304685
33.68368368368368  23.350989061225  61.28336714920753  40.07230831784158  29.243438430771622
33.733733733733736  23.338164450936873  61.23965840865814  40.00828778468002  29.2590513376866
33.78378378378379  23.325364230797085  61.19600770541181  39.94447592334883  29.27464656911793
33.833833833833836  23.312588311731268  61.15241494699374  39.880871726694906  29.29022416990247
33.88388388388388  23.299836604980282  61.10888004059915  39.81747419428084  29.30578418469347
33.933933933933936  23.287109022031704  61.065402893113635  39.75428233236548  29.321326657961063
33.98398398398399  23.274405474619865  61.02198341111317  39.69129515390381  29.336851633992225
34.034034034034036  23.261725874725812  60.978621500864094  39.628511678547106  29.352359156890795
34.08408408408408  23.24907013457734  60.93531706832313  39.56593093264276  29.36784927057748
34.13413413413413  23.236438168782424  60.8920700191451  39.50355194583992  29.38332201884993
34.18418418418419  23.22382989497282  60.848880258685284  39.441373750065424  29.39877744540085
34.234234234234236  23.211245228484028  60.80574769198012  39.379395387988446  29.4142155936682
34.28428428428428  23.198684085086644  60.76267222375708  39.31761590867458  29.42963650691211
34.334334334334336  23.186146381043745  60.7196537584349  39.2560343674947  29.44504022821649
34.38438438438439  23.173632033110867  60.67669220012361  39.19464982612488  29.460426800489035
34.434434434434436  23.161140958536002  60.63378745262449  39.133461352546384  29.47579626646121
34.48448448448448  23.148673075059634  60.590939419430065  39.072468021045744  29.491148668688272
34.53453453453454  23.136228300875768  60.54814800420688  39.01166890926731  29.506484049604616
34.58458458458458  23.123806554606194  60.505413111114976  38.951063096262345  29.521802451560408
34.63463463463464  23.111407755419155  60.46273464333606  38.89064967147583  29.537103916652807
34.68468468468469  23.099031822972385  60.42011250378015  38.83042773043174  29.55238848680702
34.73473473473474  23.086678677411  60.37754659511153  38.77039637457449  29.567656203779237
34.78478478478478  23.074348239367502  60.335036819748794  38.710554711268905  29.58290710915667
34.83483483483484  23.062040429961776  60.29258307986481  38.650901853800185  29.598141244357553
34.88488488488489  23.04975517080109  60.250185277386755  38.591436921373955  29.61335865063111
34.93493493493494  23.03749238309064  60.20784331458674  38.53215903671565  29.62855936910487
34.98498498498498  23.02525198666962  60.16555709472189  38.47306732346885  29.64374344083593
35.03503503503504  23.013033903288733  60.12332651985792  38.414160915041236  29.658910906636663
35.08508508508509  23.00083805513829  60.08115149184658  38.35543895063192  29.674061807153
35.13513513513514  22.988664364763334  60.03903191238203  38.29690057500244  29.689196182868912
35.18518518518518  22.976512755063656  59.99696768300072  38.238544938476714  29.70431407410647
35.23523523523524  22.964383149293788  59.954958705081545  38.18037119694109  29.719415521025777
35.28528528528529  22.952275471063  59.91300487984571  38.12237851184434  29.734500563625005
35.33533533533534  22.940189644495142  59.87110610854437  38.064566048499735  29.74956924177363
35.38538538538538  22.928125594498322  59.82926229277492  38.006932973219584  29.76462159526856
35.43543543543544  22.916083246064346  59.78747333365915  37.94947846075837  29.779657663688365
35.48548548548549  22.904062524550817  59.745739132174194  37.892201691315584  29.79467748645197
35.53553553553554  22.8920633557058  59.70405958918146  37.835101850273375  29.809681102823813
35.585585585585584  22.880085665667867  59.66243460542668  37.77817812819671  29.82466855191381
35.63563563563564  22.86812938096605  59.62086408153987  37.72142972083322  29.839639872677388
35.685685685685684  22.856194428443132  59.579347918178556  37.66485582809464  29.854595103936088
35.73573573573574  22.84428073511535  59.53788601628949  37.60845565219441  29.869534284415266
35.78578578578579  22.832388228523833  59.496478276452955  37.552228402313105  29.884457452649656
35.83583583583584  22.820516836595708  59.4551245991419  37.49617329275436  29.899364647020683
35.885885885885884  22.808666487630767  59.41382488474677  37.44028954276819  29.914255905760076
35.93593593593594  22.79683711030149  59.37257903357556  37.384576376551074  29.929131266949824
35.98598598598599  22.785028633653027  59.33138694585377  37.329033023245834  29.943990768522212
36.03603603603604  22.77324098695111  59.290248521890625  37.27365871586759  29.958834448282058
36.086086086086084  22.761474099381577  59.249163662407284  37.21845268918209  29.973662343950757
36.13613613613614  22.749727900778023  59.20813226774191  37.16341418484387  29.988474493059687
36.18618618618619  22.73800232133963  59.167154238157956  37.108542449403856  30.003270932991544
36.23623623623624  22.72629729160162  59.126229473876364  37.05383673410067  30.01805170098468
36.286286286286284  22.714612742435268  59.08535787507568  36.99929629486065  30.032816834133087
36.33633633633634  22.702948605047883  59.04453934189194  36.94492039229789  30.0475663693864
36.38638638638639  22.69130481096294  59.00377377452557  36.890708290765666  30.06230034356975
36.43643643643644  22.679681291977698  58.96306107346884  36.83665925633696  30.077018793426085
36.486486486486484  22.668077980262584  58.92240113897219  36.78277256154249  30.09172175551692
36.53653653653654  22.656494808323416  58.881793871247126  36.729047483569296  30.10640926626008
36.58658658658659  22.644931708997085  58.84123917048945  36.675483304054865  30.121081361933985
36.63663663663664  22.633388615451548  58.8007369368792  36.62207930908712  30.13573807867769
36.68668668668669  22.621865461185827  58.760287070580695  36.568834789204445  30.150379452490856
36.73673673673674  22.61036217997138  58.71988947184351  36.515749038537265  30.165005519252123
36.786786786786784  22.598878705717713  58.679544041233704  36.46282135284177  30.1796163147612
36.83683683683684  22.587414972778333  58.63925067910724  36.41005103397709  30.194211874643056
36.88688688688689  22.57597091583674  58.5990092858062  36.357437388237365  30.20879223438359
36.93693693693694  22.564546469892278  58.558819761683125  36.30497972614395  30.223357429334094
36.986986986986985  22.553141570260077  58.51868200710114  36.25267736244545  30.237907494711248
37.037037037037045  22.54175615257111  58.47859592243384  36.200529616117734  30.252442465597134
37.08708708708709  22.530390152645047  58.43856140823162  36.148535808881135  30.266962376971474
37.13713713713714  22.519043506226538  58.39857836556664  36.096695262124214  30.281467263778577
37.187187187187185  22.50771614969913  58.358646695098976  36.04500730523143  30.295957160746152
37.23723723723724  22.496408019786568  58.318766297467306  35.993471272098745  30.310432102461103
37.28728728728729  22.485119053516442  58.27893707333654  35.94208650070982  30.324892123378767
37.33733733733734  22.4738491882202  58.23915892339773  35.89085233313601  30.339337257822912
37.387387387387385  22.462598361533157  58.19943174836809  35.83976811553641  30.353767539985718
37.43743743743744  22.451366511394472  58.159755448991  35.788833198157796  30.3681830039278
37.48748748748749  22.44015357604717  58.12012992603602  35.738046935334665  30.38258368357821
37.53753753753754  22.42895949403813  58.080555080298865  35.68740868548922  30.396969612734402
37.58758758758759  22.41778420421808  58.041030812601434  35.63691781113137  30.411340825062283
37.63763763763764  22.406627645741622  58.00155702379176  35.58657367885874  30.42569735409616
37.68768768768769  22.395489757932175  57.96213361498974  35.53637565694205  30.440039233292566
37.73773773773774  22.384370479742124  57.92276048856939  35.486323105670934  30.454366496245243
37.78778778778779  22.37326975089413  57.88343754608221  35.43641539776345  30.468679176230598
37.83783783783784  22.36218751149296  57.844164688963595  35.38665191142444  30.4829773063623
37.887887887887885  22.35112370192845  57.80494181870919  35.337032028611034  30.497260919629927
37.93793793793794  22.340078262875565  57.76576883687491  35.28755513503265  30.511530048898948
37.98798798798799  22.329051135294353  57.726645645077035  35.23822062015099  30.52578472691072
38.03803803803804  22.318042260429976  57.687572144992075  35.18902787718006  30.540024986282514
38.088088088088085  22.307051579812686  57.64854823835687  35.13997630308614  30.554250859507476
38.138138138138146  22.29607903525783  57.60957382696854  35.09106529858777  30.568462378954674
38.18818818818819  22.28512456886587  57.570648812684496  35.04229426815585  30.58265957686905
38.23823823823824  22.274188123022356  57.53177309742248  34.9936626200135  30.59684248537146
38.288288288288285  22.26326964031563  57.49294658328264  34.94516976476537  30.611011136489893
38.33833833833834  22.252369062928693  57.45416917345026  34.89681510527022  30.625165562390375
38.38838838838839  22.241486333716995  57.41544077059599  34.84859805458967  30.63930579496778
38.43843843843844  22.230621395947402  57.376761277263284  34.80051803164143  30.653431865944906
38.48848848848849  22.219774193153423  57.33813059608324  34.752574458788004  30.66754380692746
38.53853853853854  22.208944669135207  57.29954862977472  34.70476676183667  30.681641649404046
38.58858858858859  22.198132767959525  57.26101528114426  34.65709437003953  30.69572542474619
38.63863863863864  22.18733843395979  57.222530453086115  34.6095567160934  30.709795164208316
38.68868868868869  22.17656161173606  57.184094048582196  34.562153236139935  30.723850898927772
38.73873873873874  22.16580224615501  57.145705970702174  34.51488336976557  30.737892659924785
38.78878878878879  22.15506028234996  57.107366122603366  34.467746560001515  30.751920478102516
38.83883883883884  22.144335665720867  57.06907440753084  34.42074225332374  30.76593438424701
38.88888888888889  22.13362834187435  57.03083072887491  34.37386989898789  30.779934409042923
38.93893893893894  22.12293825575488  56.99263499100545  34.32712893939243  30.79392058330053
38.988988988988986  22.11226535296036  56.95448709800863  34.28051882467083  30.807892937611953
39.03903903903905  22.101609579607455  56.91638695381619  34.234039011197964  30.821851502386302
39.08908908908909  22.09097088205434  56.87833446247174  34.18768895851476  30.835796307922173
39.13913913913914  22.08034920690068  56.8403295281307  34.14146812932817  30.849727384407647
39.189189189189186  22.06974450098766  56.802372055060324  34.09537598951113  30.863644761920252
39.23923923923925  22.059156711397954  56.76446194763973  34.04941200810266  30.877548470427023
39.28928928928929  22.04858578545575  56.72659911035982  34.003575657307756  30.89143853978445
39.33933933933934  22.03803167072673  56.68878344782336  33.95786641249748  30.9053149997385
39.38938938938939  22.02749431501809  56.651014864744944  33.91228375220889  30.919177879924636
39.43943943943944  22.01697366637852  56.61329326595101  33.86682715814511  30.93302720986777
39.48948948948949  22.006469675314744  56.575618553601416  33.82149615660557  30.94686301797926
39.53953953953954  21.995982284626262  56.5379906399315  33.7762901284817  30.96068533615698
39.58958958958959  21.985511445977917  56.50040942647855  33.73120861902379  30.974494192285732
39.63963963963964  21.975057108137428  56.46287481882592  33.68625111798267  30.98828961556009
39.68968968968969  21.96461922011159  56.425386722671846  33.64141711822938  31.00207163506525
39.73973973973974  21.95419773114512  56.387945043830875  33.59670611573439  31.01584027977746
39.78978978978979  21.943792590719564  56.35054968823526  33.55211760954676  31.029595578564592
39.83983983983984  21.933403748552188  56.31320056193633  33.5076511017733  31.043337560186597
39.88988988988989  21.923031154594845  56.2758975711059  33.46330609755773  31.057066253296025
39.93993993993995  21.912674759032864  56.23864062203771  33.419082105059836  31.07078168643854
39.98998998998999  21.902334512283964  56.20142962114874  33.37497863543473  31.084483888053416
40.04004004004004  21.89201036499709  56.16426447498069  33.33099520281186  31.098172886474035
40.09009009009009  21.8817022680486  56.12714509020372  33.28713132423334  31.111848709929443
40.14014014014015  21.87141017208433  56.09007137401951  33.24338651280412  31.12551138671577
40.190190190190194  21.861134027978935  56.05304323375782  33.19976028455447  31.139160945024447
40.24024024024024  21.850873787104156  56.01606057664104  33.1562521624467  31.15279741284189
40.29029029029029  21.840629401039692  55.97912331003877  33.112861672048396  31.166420818057762
40.34034034034035  21.830400821571427  55.942231341469885  33.0695883415018  31.180031188465765
40.390390390390394  21.82018800068965  55.90538457860446  33.026431701492996  31.19362855176436
40.44044044044044  21.80999089058728  55.86858292926573  32.98339128522122  31.20721293555754
40.490490490490494  21.79980944365808  55.83182630143211  32.94046662836806  31.220784367355574
40.54054054054054  21.7896436124949  55.795114603239156  32.897657269066826  31.234342874575763
40.590590590590594  21.77949334988788  55.75844774298157  32.85496274787173  31.24788848454319
40.64064064064064  21.76935860882267  55.72182562911512  32.81238260772719  31.261421224491464
40.690690690690694  21.75923934247869  55.685248170258696  32.76991639393709  31.274941121563497
40.74074074074074  21.749135504227308  55.648715275196224  32.72756365413405  31.28844820281223
40.790790790790794  21.739047047630088  55.61222685287868  32.68532393824869  31.301942495201395
40.84084084084085  21.728973926437007  55.57578281242604  32.6431967984789  31.31542402560627
40.890890890890894  21.718916094584685  55.539383063129335  32.601181789259094  31.328892820814414
40.94094094094094  21.70887350630315  55.503027514346535  32.55927846779807  31.342348907516524
40.990990990990994  21.698846116342082  55.466716075282065  32.517486395242365  31.355792312286248
41.04104104104105  21.688833879347143  55.43044865559578  32.475805133388576  31.369223061637918
41.091091091091094  21.67883675012287  55.39422516514666  32.43423424603862  31.382641182003066
41.14114114114114  21.668854683664076  55.35804551396234  32.392773299142924  31.39604669972814
41.19119119119119  21.658887635154535  55.321909612240624  32.351421860772085  31.409439641075195
41.24124124124125  21.64893555996568  55.28581737035107  32.310179501088555  31.42282003222263
41.291291291291294  21.63899841365528  55.24976869883647  32.26904579231833  31.436187899265878
41.34134134134134  21.629076151966117  55.213763508414445  32.22802030872258  31.449543268218108
41.391391391391394  21.619168730824672  55.17780170997885  32.187102626569335  31.46288616501097
41.44144144144145  21.6092761063398  55.14188321460149  32.14629232410519  31.47621661549527
41.491491491491495  21.59939823480142  55.10600793353348  32.10558898152692  31.48953464544169
41.54154154154154  21.5895350726792  55.07017577820687  32.06499218095319  31.50284028054153
41.591591591591595  21.579686576621228  55.03438666023614  32.024501506396184  31.51613354640736
41.64164164164164  21.569852703452707  54.99864049141976  31.984116543733347  31.52941446857377
41.691691691691695  21.56003341017462  54.962937183741715  31.943836880678983  31.542683072498072
41.74174174174174  21.550228653950413  54.927276649358575  31.903662107005488  31.555939383555152
41.791791791791795  21.540438391647967  54.891658800052696  31.86359182399567  31.5691834268154
41.84184184184184  21.5306625804193  54.85608354793142  31.823625632352996  31.582415227328823
41.891891891891895  21.520901177779656  54.820550805525045  31.78376313050415  31.595634810165
41.94194194194195  21.51115414139726  54.785060485537585  31.74400391890753  31.608842200311877
41.991991991991995  21.501421429091415  54.74961250084756  31.70434760003751  31.622037422676176
42.04204204204204  21.49170299883057  54.714206764508795  31.664793778368562  31.635220502083808
42.092092092092095  21.481998808730403  54.67884318975125  31.625342060359493  31.648391463280323
42.14214214214215  21.4723088170519  54.64352168998179  31.585992054437625  31.66155033093127
42.192192192192195  21.462632982199427  54.60824217878504  31.546743370983027  31.674697129622654
42.24224224224224  21.452971262718822  54.573004569924166  31.50759562231266  31.687831883861346
42.292292292292295  21.443323617295455  54.53780877734166  31.468548422664615  31.700954618075485
42.34234234234235  21.433690004752332  54.50265471516018  31.429601388182306  31.714065356614896
42.392392392392395  21.424070384048147  54.467542297683345  31.390754136898646  31.72716412375154
42.44244244244244  21.414464714275375  54.43247143939655  31.352006288720254  31.740250943679854
42.492492492492495  21.404872954658344  54.39744205496774  31.313357465411663  31.753325840517274
42.54254254254254  21.395295064551338  54.36245405924827  31.274807290579524  31.766388838304533
42.592592592592595  21.385731003761084  54.32750736714216  31.236355390449955  31.77943996099108
42.64264264264264  21.376180732853946  54.29260189348161  31.198001394608383  31.79247923242112
42.692692692692695  21.366644211882857  54.257737553543095  31.15974493287618  31.80550667639305
42.74274274274274  21.35712140101208  54.22291426279411  31.12158563682694  31.818522316630844
42.792792792792795  21.34761226055395  54.18813193687833  31.08352313986513  31.831526176782585
42.84284284284285  21.33811675096795  54.15339049161597  31.045557077212788  31.844518280420896
42.892892892892895  21.3286348328598  54.11868984300426  31.007687085896183  31.857498651043258
42.94294294294294  21.31916646698057  54.0840299072178  30.969912804732488  31.870467312072424
42.992992992992995  21.309711614225733  54.04941060060887  30.93223387431644  31.883424286856766
43.04304304304305  21.30027023563429  54.014831839708  30.894649937007024  31.896369598670624
43.093093093093096  21.29084229238784  53.980293541224235  30.85716063691414  31.909303270714723
43.14314314314314  21.28142774580968  53.945795622045566  30.819765619885278  31.9222253261165
43.193193193193196  21.272026557363887  53.911337999239336  30.782464533492167  31.93513578793049
43.24324324324325  21.262638688654423  53.87692059005265  30.745257027017484  31.94803467913869
43.293293293293296  21.253264101424207  53.84254331191273  30.70814275144149  31.960922022650944
43.34334334334334  21.243902757554217  53.808206082427354  30.671121359428714  31.973797841305277
43.393393393393396  21.234554619142862  53.77390881935509  30.63419250539051  31.986662157866512
43.44344344344345  21.22521964981383  53.73965144011478  30.597355846708677  31.999514994997543
43.493493493493496  21.21589781275458  53.705433862521375  30.56061104186911  32.01235637530328
43.54354354354354  21.206589070883386  53.671256004723375  30.52395775060717  32.02518632132725
43.593593593593596  21.197293387297357  53.63711778503481  30.487395634318695  32.03800485554206
43.64364364364364  21.18801072527323  53.60301912193496  30.45092435604826  32.05081200034967
43.693693693693696  21.178741048268115  53.56895993406819  30.414543580477417  32.06360777808173
43.74374374374375  21.169484319920283  53.534940140243634  30.378252973912964  32.076392210999934
43.793793793793796  21.16024050404994  53.50095965943504  30.34205220427523  32.089165321296335
43.84384384384384  21.151009564659994  53.467018410780476  30.30594094108629  32.101927131093696
43.893893893893896  21.14179146593681  53.43311631358213  30.269918855458254  32.114677662445786
43.94394394394395  21.132586172251013  53.39925328730607  30.23398562008152  32.127416937337756
43.993993993993996  21.12339364815825  53.365429251581986  30.19814090921304  32.140144977686425
44.04404404404404  21.114213858399932  53.33164412620301  30.162384398664575  32.15286180534064
44.094094094094096  21.105046767904053  53.297897831125425  30.126715765790937  32.16556744208162
44.14414414414415  21.095892341785927  53.264190286468434  30.09113468947828  32.17826190962324
44.194194194194196  21.086750545348973  53.230521412514  30.05564085013235  32.190945229612396
44.24424424424424  21.07762132537412  53.19689113335359  30.02023384989012  32.203617425996896
44.294294294294296  21.068504684617942  53.16329936251464  29.984913556671675  32.21627851484478
44.34434434434435  21.059400564519322  53.12974602550694  29.94967954736997  32.22892852080483
44.394394394394396  21.05030893043137  53.096231043424275  29.914531509800206  32.241567465221394
44.44444444444444  21.041229747785  53.06275433754632  29.879469133133536  32.25419536937705
44.4944944944945  21.032162982088924  53.02931582933874  29.844492107897082  32.26681225449257
44.54454454454455  21.02310859892967  52.995915440453054  29.809600125973915  32.279418141726964
44.5945945945946  21.014066563971575  52.96255309272671  29.77479288060306  32.29201305217746
44.64464464464465  21.005036842956773  52.92922870818304  29.740070066379477  32.30459700687949
44.6946946946947  20.996019401705205  52.89594220903133  29.705431379254122  32.31717002680671
44.74474474474474  20.98701420611463  52.86269351766675  29.670876516533866  32.32973213287101
44.7947947947948  20.978021222160603  52.82948255667038  29.636405176881553  32.34228334592248
44.84484484484485  20.969040415896483  52.796309248809195  29.602017060315973  32.35482368674944
44.8948948948949  20.96007175345345  52.76317351703613  29.56771186821188  32.3673531760784
44.94494494494494  20.95111520104048  52.73007528448997  29.533489303299984  32.379871834574146
44.994994994995  20.942170724944354  52.69701447449546  29.499349069666923  32.392379682839625
45.04504504504505  20.933238291562777  52.66399101054931  29.465290872823957  32.40487674141459
45.0950950950951  20.924317867699617  52.631004816196416  29.43131442031894  32.41736303076277
45.14514514514514  20.915409420085975  52.598055815230694  29.397419420743557  32.42983857129264
45.1951951951952  20.906512915471808  52.56514393165678  29.363605583923228  32.44230338335346
45.24524524524525  20.897628320697894  52.532269089659714  29.329872621066343  32.45475748723212
45.2952952952953  20.888755602695856  52.499431213604986  29.296220244764246  32.4672009031532
45.34534534534534  20.879894728488143  52.466630228038525  29.26264816899123  32.47963365127888
45.3953953953954  20.87104566518803  52.43386605768671  29.229156109104547  32.49205575170905
45.44544544544545  20.862208379999657  52.401138627456376  29.19574378184443  32.504467224481225
45.4954954954955  20.85338284021796  52.36844786243478  29.16241090533404  32.51686808957057
45.545545545545544  20.844569013808986  52.33579368772697  29.12915719882828  32.52925836689705
45.5955955955956  20.835766870869037  52.303176028046764  29.095982382081964  32.541638076343325
45.64564564564565  20.82697638013094  52.27059480869606  29.06288617686257  32.55400723771188
45.6956956956957  20.81819751031117  52.23804995518728  29.029868306366925  32.56636587074149
45.74574574574575  20.809430230306027  52.20554139318833  28.996928495136295  32.57871399510971
45.7957957957958  20.80067450919164  52.17306904852259  28.96406646905637  32.591051630432816
45.845845845845844  20.79193031622394  52.140632847169  28.931281955357267  32.60337879626583
45.8958958958959  20.783197620838685  52.108232715261934  28.898574682613543  32.61569551210256
45.94594594594595  20.774476392651447  52.07586857909131  28.865944380744168  32.62800179737552
45.995995995996  20.76576660145763  52.04354036510253  28.833390781012564  32.640297671455976
46.046046046046044  20.75706821613951  52.011248000143624  28.80091361516802  32.65258315368324
46.096096096096105  20.748381204426725  51.978991411519466  28.76851261525757  32.66485826337102
46.14614614614615  20.739705535649883  51.946770526369065  28.73618751578904  32.67712301973374
46.1961961961962  20.731041179263134  51.91458527199963  28.70393805257048  32.68937744192607
46.246246246246244  20.722388104812946  51.88243557589366  28.671763962685628  32.70162154904375
46.2962962962963  20.713746281938107  51.85032136570893  28.63966498449392  32.71385536012364
46.34634634634635  20.705115680369733  51.818242569278546  28.607640857630503  32.72607889414367
46.3963963963964  20.69649626993125  51.78619911461086  28.5756913230062  32.738292170022866
46.446446446446444  20.68788802053841  51.7541909298895  28.54381612280755  32.75049520662136
46.4964964964965  20.679290902199888  51.722217943472934  28.512015000489985  32.762688022740576
46.54654654654655  20.670704885143323  51.69028008379226  28.48028769937356  32.774870637168625
46.5965965965966  20.66212993970341  51.658377279441964  28.448633963889716  32.787043068640024
46.64664664664665  20.65356603623635  51.62650945924916  28.417053540534557  32.799205335804906
46.6966966966967  20.645013145196963  51.594676552211155  28.385546177010013  32.811357457256726
46.74674674674675  20.63647123713864  51.56287848749548  28.354111622223783  32.82349945153229
46.7967967967968  20.627940282713375  51.53111519443988  28.3227496262894  32.83563133711177
46.84684684684685  20.619420252671745  51.499386602552256  28.291459940526185  32.847753132418674
46.8968968968969  20.61091111786293  51.46769264151078  28.260242317459273  32.85986485581985
46.946946946946944  20.602412849234703  51.43603324116377  28.2290965108196  32.871966525625524
46.996996996997005  20.5939254178607  51.40440833151701  28.198022275443254  32.88405816009252
47.04704704704705  20.5854487953515  51.37281784254172  28.16701936575564  32.896139777473834
47.0970970970971  20.576982953264157  51.34126170445037  28.136087537948853  32.908211395947454
47.147147147147145  20.56852786314588  51.309739847676276  28.105226549820763  32.9202730336217
47.197197197197205  20.560083496660184  51.27825220281473  28.0744361603097  32.932324708550325
47.24724724724725  20.55164982558689  51.24679870062291  28.043716129494488  32.9443664387326
47.2972972972973  20.543226821822117  51.21537927201995  28.01306621859444  32.95639824211329
47.347347347347345  20.534814457378296  51.1839938480869  27.98248618996933  32.96842013658259
47.3973973973974  20.526412704384157  51.15264236006674  27.951975807119418  32.98043213997622
47.44744744744745  20.518021535084742  51.12132473936439  27.92153483468547  32.99243427007538
47.4974974974975  20.509640921750606  51.09004091755265  27.891163038153692  33.00442654461677
47.54754754754755  20.501270836308198  51.05879082639661  27.860860182654697  33.016408981333534
47.5975975975976  20.49291125108575  51.02757439780445  27.830626035387237  33.0283815978727
47.64764764764765  20.484562138570897  50.99639156384349  27.800460364830556  33.040344411822026
47.6976976976977  20.476223471348735  50.96524225674416  27.770362940543183  33.05229744071681
47.74774774774775  20.467895222101827  50.934126408900106  27.74033353316291  33.06424070203995
47.7977977977978  20.459577363610215  50.90304395286811  27.710371914406814  33.076174213221876
47.84784784784785  20.451269868751403  50.87199482136813  27.680477857071242  33.08809799164061
47.8978978978979  20.442972710500356  50.840978947283325  27.650651135031804  33.100012054621715
47.94794794794795  20.434685861929527  50.80999626365996  27.62089152324339  33.11191641943835
47.997997997998  20.426409296173343  50.779046703679576  27.59119879718276  33.12381110333033
48.048048048048045  20.41814298639332  50.74813020063132  27.56157273229974  33.135696123523005
48.098098098098106  20.409886905910433  50.71724668801644  27.532013106097647  33.14757149715585
48.14814814814815  20.401641028142993  50.68639609949921  27.502519697157013  33.159437241315985
48.1981981981982  20.393405326603126  50.655578368904195  27.473092285080185  33.171293373040086
48.248248248248245  20.38517977489677  50.624793430216265  27.443730650491336  33.18313990931434
48.298298298298306  20.376964346723675  50.59404121758056  27.41443457503646  33.19497686707447
48.34834834834835  20.368759015877405  50.563321665302524  27.385203841383365  33.20680426320577
48.3983983983984  20.36056375624533  50.532634707847876  27.356038233221682  33.218622114543024
48.44844844844845  20.35237854180864  50.501980279842606  27.32693753526286  33.23043043787059
48.4984984984985  20.3442033466418  50.47135831600878  27.297901532356583  33.242229249953084
48.54854854854855  20.336038144912802  50.44076875119335  27.268930009887868  33.254018567521605
48.5985985985986  20.327882910883897  50.41021152045914  27.24002275502758  33.2657984072302
48.64864864864865  20.31973761891113  50.37968655902539  27.211179555915567  33.277568785684295
48.6986986986987  20.311602243444316  50.34919380226771  27.18240020165971  33.28932971944071
48.74874874874875  20.303476759027056  50.318733185718116  27.153684482335926  33.301081225007685
48.7987987987988  20.295361140296727  50.28830464506498  27.12503218898817  33.31282331884485
48.84884884884885  20.28725536198449  50.25790811615304  27.096443113628418  33.32455601736328
48.8988988988989  20.27915939891528  50.227543534983454  27.067917049236726  33.336279336925415
48.94894894894895  20.271073226004336  50.19721083771246  27.03945378973368  33.34799329384611
48.99899899899901  20.262996818113677  50.166909960600385  27.01105312885069  33.35969790443279
49.04904904904905  20.254930150219817  50.136640840071315  26.982714861450145  33.37139318493849
49.0990990990991  20.24687319744931  50.10640341272572  26.954438783805536  33.383079151551875
49.149149149149146  20.23882593501609  50.07619761531815  26.92622469310793  33.394755820414844
49.19919919919921  20.23078833822146  50.046023384757284  26.89807238746595  33.40642320762248
49.24924924924925  20.22276038245408  50.01588065810587  26.869981665905822  33.41808132922308
49.2992992992993  20.21474204319  49.98576937258079  26.841952328371317  33.42973020121812
49.349349349349346  20.206733295992628  49.955689465552965  26.813984175723785  33.44136983956231
49.39939939939941  20.198734116512746  49.925640874547426  26.786077009742144  33.453000260163556
49.44944944944945  20.190744480715185  49.89562353742103  26.758230635933852  33.46462147878146
49.4994994994995  20.18276436374335  49.86563739147232  26.730444849454372  33.47623351153574
49.54954954954955  20.174793741826033  49.835682374936226  26.70271945875274  33.48783637405247
49.5995995995996  20.166832590906722  49.80575842590968  26.675054268573977  33.499430082077794
49.64964964964965  20.158880887015314  49.775865482642935  26.64744908456907  33.51101465131147
49.6996996996997  20.15093860626777  49.74600348353933  26.619903713290118  33.522590097407054
49.74974974974975  20.143005724865684  49.71617236715494  26.592417962185507  33.53415643597209
49.7997997997998  20.135082219095942  49.68637207219827  26.56499163959508  33.545713682568255
49.84984984984985  20.127168065330277  49.65660253753  26.53762455474527  33.55726185271155
49.89989989989991  20.119263240024917  49.62686370216259  26.510316517744286  33.568800961872476
49.94994994994995  20.111367719685134  49.59715550523038  26.483067339160765  33.58033102549154
50.0  20.103481480782428  49.567477885919466  26.455876829039294  33.59185205901554
