Initial conditions: Te0=800.0, Ti0=1200.0, rho0=10.0, Rh0=100.0
t (ps), Te (keV), Ti (keV), rho (g/cm^3), Rh (um)
0.0, 800.0, 1200.0, 10.0, 100.0
0.1001001001001001, 123.48772776299401, 1199.907031041745, 10.004153947261466, 100.0
0.2002002002002002, 93.38578859166077, 1199.711305087546, 10.00477875482777, 100.0
0.3003003003003003, 79.3686886785875, 1199.4421007608614, 10.005146941527089, 100.0
0.4004004004004004, 70.80957546200307, 1199.111676072585, 10.00541013759612, 100.0
0.5005005005005005, 64.90241866398775, 1198.7278818074615, 10.005616123470615, 100.0
0.6006006006006006, 60.53026028023948, 1198.2965619811132, 10.005786231169733, 100.0
0.7007007007007008, 57.14564747091954, 1197.8224393849782, 10.005931852628265, 100.0
0.8008008008008008, 54.443157012065384, 1197.309527145188, 10.00605979045124, 100.0
0.9009009009009009, 52.23644965625524, 1196.761346003471, 10.006174431458925, 100.0
1.001001001001001, 50.40409180706323, 1196.181048722541, 10.006278768452757, 100.0
1.1011011011011012, 48.8628253206608, 1195.5714955200494, 10.006374932898852, 100.0
1.2012012012012012, 47.55321284512882, 1194.935302013871, 10.00646449512376, 100.0
1.3013013013013013, 46.43140442216357, 1194.2748710740677, 10.006548644062688, 100.0
1.4014014014014016, 45.46415783610796, 1193.5924150770863, 10.00662830027882, 100.0
1.5015015015015014, 44.62569067670847, 1192.8899723522732, 10.006704189976194, 100.0
1.6016016016016017, 43.89561725500404, 1192.1694201235184, 10.006776895104972, 100.0
1.7017017017017018, 43.25755286996404, 1191.4324853544686, 10.006846888279641, 100.0
1.8018018018018018, 42.698142489744654, 1190.6807543662303, 10.006914557745347, 100.0
1.901901901901902, 42.20636936041358, 1189.9156816865163, 10.006980225594878, 100.0
2.002002002002002, 41.77305138836588, 1189.1385984589056, 10.007044161336093, 100.0
2.1021021021021022, 41.390467506574, 1188.3507205329556, 10.007106592160309, 100.0
2.2022022022022023, 41.05207578279471, 1187.553156312743, 10.007167710827497, 100.0
2.3023023023023024, 40.752296403618374, 1186.7469143739747, 10.007227681826905, 100.0
2.4024024024024024, 40.4863432726897, 1185.9329108128945, 10.007286646222187, 100.0
2.5025025025025025, 40.25009086155311, 1185.1119763391819, 10.007344725522849, 100.0
2.6026026026026026, 40.039967910295026, 1184.2848630554215, 10.007402024802213, 100.0
2.702702702702703, 39.85287152570602, 1183.4522509101107, 10.007458635234293, 100.0
2.802802802802803, 39.68609735922831, 1182.6147538043956, 10.007514636167109, 100.0
2.9029029029029028, 39.5372815396529, 1181.772925337017, 10.007570096851612, 100.0
3.003003003003003, 39.40435297472948, 1180.9272641651617, 10.007625077866598, 100.0
3.1031031031031033, 39.2854932213422, 1180.0782190031025, 10.007679632318302, 100.0
3.2032032032032034, 39.17910270109581, 1179.2261932605545, 10.007733806850695, 100.0
3.3033033033033035, 39.08377209908085, 1178.3715493117804, 10.007787642500316, 100.0
3.4034034034034035, 38.99825792100088, 1177.5146124306764, 10.007841175426028, 100.0
3.503503503503504, 38.92146170168292, 1176.6556743890912, 10.007894437528797, 100.0
3.6036036036036037, 38.852411988756934, 1175.7949967548393, 10.00794745698773, 100.0
3.703703703703704, 38.79024878672612, 1174.9328138933379, 10.008000258721871, 100.0
3.803803803803804, 38.73421009420404, 1174.069335692936, 10.00805286478913, 100.0
3.903903903903904, 38.68362027426562, 1173.204750038435, 10.008105294729958, 100.0
4.004004004004004, 38.6378798721532, 1172.339225051421, 10.008157565867581, 100.0
4.104104104104104, 38.59645666043651, 1171.4729111241365, 10.008209693571489, 100.0
4.2042042042042045, 38.558877854236876, 1170.6059427438006, 10.00826169148599, 100.0
4.3043043043043046, 38.52472329426497, 1169.7384401413246, 10.00831357172987, 100.0
4.404404404404405, 38.493619390082685, 1168.8705107804346, 10.008365345073523, 100.0
4.504504504504505, 38.46523387092781, 1168.002250686612, 10.008417021092093, 100.0
4.604604604604605, 38.43927117584371, 1167.1337456420501, 10.00846860829968, 100.0
4.704704704704705, 38.41546813283722, 1166.2650722875537, 10.008520114275264, 100.0
4.804804804804805, 38.39359047549853, 1165.3962990707034, 10.008571545763663, 100.0
4.904904904904906, 38.37342960974722, 1164.527487110176, 10.008622908769368, 100.0
5.005005005005005, 38.35479969660978, 1163.6586909853788, 10.008674208641093, 100.0
5.105105105105106, 38.33753523938251, 1162.7899594095397, 10.008725450141501, 100.0
5.205205205205205, 38.321488692012345, 1161.9213358846127, 10.008776637516458, 100.0
5.305305305305305, 38.30652861646275, 1161.0528592287856, 10.008827774548132, 100.0
5.405405405405406, 38.29253780429912, 1160.184564096893, 10.008878864609304, 100.0
5.505505505505505, 38.27941180895227, 1159.316481406318, 10.008929910705618, 100.0
5.605605605605606, 38.267057469009146, 1158.4486387538502, 10.008980915518197, 100.0
5.705705705705706, 38.255391702880985, 1157.5810607649628, 10.00903188143834, 100.0
5.8058058058058055, 38.244340445467216, 1156.7137694026342, 10.009082810598114, 100.0
5.9059059059059065, 38.2338376702164, 1155.8467842519406, 10.009133704898504, 100.0
6.006006006006006, 38.223824381263874, 1154.9801228069741, 10.009184566038474, 100.0
6.106106106106107, 38.21424803459742, 1154.1138006495119, 10.009235395531519, 100.0
6.206206206206207, 38.20506167127025, 1153.2478316960403, 10.00928619473066, 100.0
6.306306306306307, 38.19622346860975, 1152.3822283357783, 10.009336964841287, 100.0
6.406406406406407, 38.18769604404878, 1151.5170016311229, 10.00938770694121, 100.0
6.506506506506507, 38.17944609068044, 1150.6521614288874, 10.009438421991112, 100.0
6.606606606606607, 38.17144384621229, 1149.787716515651, 10.009489110849808, 100.0
6.706706706706707, 38.163662757913485, 1148.9236747182429, 10.009539774283878, 100.0
6.806806806806807, 38.15607912306835, 1148.06004301026, 10.009590412977985, 100.0
6.906906906906907, 38.1486717818131, 1147.1968276033417, 10.00964102754371, 100.0
7.007007007007008, 38.141421858940305, 1146.3340340246239, 10.009691618526958, 100.0
7.107107107107107, 38.13431248051303, 1145.4716672006628, 10.009742186416116, 100.0
7.207207207207207, 38.12732860562373, 1144.609731508371, 10.009792731646858, 100.0
7.307307307307307, 38.120456780542725, 1143.7482308478927, 10.009843254609235, 100.0
7.407407407407408, 38.113685012169334, 1142.8871686809973, 10.0098937556513, 100.0
7.507507507507508, 38.107002575714624, 1142.0265480882636, 10.009944235084625, 100.0
7.607607607607608, 38.10039990696416, 1141.1663718016355, 10.009994693187407, 100.0
7.707707707707708, 38.09386845830691, 1140.3066422474283, 10.010045130208605, 100.0
7.807807807807808, 38.087400594783695, 1139.447361577575, 10.010095546370918, 100.0
7.907907907907909, 38.080989493228515, 1138.5885316998454, 10.010145941873693, 100.0
8.008008008008009, 38.07462906452949, 1137.7301543012527, 10.010196316895156, 100.0
8.108108108108109, 38.068313892786726, 1136.8722308664412, 10.010246671594157, 100.0
8.208208208208209, 38.062039114996594, 1136.0147627134718, 10.010297006113635, 100.0
8.308308308308309, 38.0558003791414, 1135.1577510067095, 10.010347320581818, 100.0
8.408408408408409, 38.04959379963565, 1134.3011967701702, 10.010397615113511, 100.0
8.508508508508509, 38.04341593068412, 1133.4451008954752, 10.010447889810852, 100.0
8.608608608608609, 38.03726365009541, 1132.5894641768073, 10.010498144766657, 100.0
8.70870870870871, 38.03113420274774, 1131.734287297881, 10.01054838006318, 100.0
8.80880880880881, 38.02502513125146, 1130.8795708527755, 10.010598595774088, 100.0
8.90890890890891, 38.018934212309205, 1130.025315365058, 10.010648791966311, 100.0
9.00900900900901, 38.01285949154804, 1129.171521277357, 10.010698968699032, 100.0
9.10910910910911, 38.006799198792535, 1128.3181889768175, 10.010749126026122, 100.0
9.20920920920921, 38.00075175020909, 1127.4653187944714, 10.01079926399608, 100.0
9.30930930930931, 37.99471575183529, 1126.6129110041863, 10.010849382651942, 100.0
9.40940940940941, 37.988689933494825, 1125.7609658425404, 10.010899482033166, 100.0
9.50950950950951, 37.98267318049841, 1124.9094834992975, 10.010949562174732, 100.0
9.60960960960961, 37.976664490809206, 1124.0584641302949, 10.01099962310837, 100.0
9.70970970970971, 37.97066294573867, 1123.207907866262, 10.011049664863405, 100.0
9.809809809809812, 37.96466774612395, 1122.3578148019426, 10.011099687465718, 100.0
9.90990990990991, 37.95867818678028, 1121.5081850037843, 10.011149690938476, 100.0
10.01001001001001, 37.95269361718072, 1120.659018521771, 10.01119967530327, 100.0
10.11011011011011, 37.94671346307554, 1119.8103153829213, 10.011249640579493, 100.0
10.210210210210212, 37.94073722154701, 1118.9620755927783, 10.011299586784476, 100.0
10.310310310310312, 37.93476442815803, 1118.1142991452984, 10.011349513934443, 100.0
10.41041041041041, 37.928794668667024, 1117.2669860193291, 10.011399422044166, 100.0
10.51051051051051, 37.922827584455376, 1116.4201361769738, 10.01144931112681, 100.0
10.61061061061061, 37.91686284272232, 1115.5737495725673, 10.011499181194804, 100.0
10.710710710710712, 37.910900144389146, 1114.727826150297, 10.011549032259593, 100.0
10.810810810810812, 37.90493923466567, 1113.8823658410197, 10.011598864331347, 100.0
10.91091091091091, 37.89897987790246, 1113.0373685698378, 10.011648677419686, 100.0
11.01101101101101, 37.8930218583142, 1112.192834255881, 10.011698471533652, 100.0
11.11111111111111, 37.88706500067173, 1111.348762806073, 10.011748246681124, 100.0
11.211211211211213, 37.881109128666, 1110.5051541276764, 10.011798002869998, 100.0
11.311311311311313, 37.87515409168776, 1109.6620081202234, 10.011847740107445, 100.0
11.411411411411413, 37.8691997600723, 1108.8193246769495, 10.011897458400018, 100.0
11.511511511511511, 37.863246012103616, 1107.977103688709, 10.011947157754044, 100.0
11.611611611611611, 37.85729273616108, 1107.1353450433269, 10.011996838175563, 100.0
11.711711711711713, 37.85133983231525, 1106.2940486251196, 10.012046499670273, 100.0
11.811811811811813, 37.8453872148551, 1105.4532143141348, 10.01209614224346, 100.0
11.911911911911913, 37.83943480927972, 1104.6128419870556, 10.012145765900092, 100.0
12.012012012012011, 37.83348255260852, 1103.7729315171073, 10.0121953706448, 100.0
12.112112112112113, 37.82753039188003, 1102.9334827745104, 10.012244956481931, 100.0
12.212212212212213, 37.82157826280466, 1102.0944956329151, 10.012294523416148, 100.0
12.312312312312313, 37.81562611311655, 1101.255969962362, 10.012344071451784, 100.0
12.412412412412413, 37.80967390199084, 1100.4179056294593, 10.012393600592825, 100.0
12.512512512512513, 37.80372159528255, 1099.5803024988154, 10.012443110843076, 100.0
12.612612612612613, 37.797769150965586, 1098.7431604374308, 10.012492602206565, 100.0
12.712712712712714, 37.791816533632485, 1097.906479310325, 10.012542074687131, 100.0
12.812812812812814, 37.78586371561626, 1097.0702589802004, 10.01259152828839, 100.0
12.912912912912914, 37.77991064445387, 1096.2344993171193, 10.012640963014668, 100.0
13.013013013013014, 37.77395737425971, 1095.399200159512, 10.012690378867232, 100.0
13.113113113113114, 37.76800382046596, 1094.5643613869972, 10.012739775851331, 100.0
13.213213213213214, 37.762049974629875, 1093.7299828565772, 10.01278915397003, 100.0
13.313313313313314, 37.75609582813453, 1092.896064425308, 10.012838513226392, 100.0
13.413413413413414, 37.750141366898696, 1092.0626059519168, 10.012887853623647, 100.0
13.513513513513514, 37.744186577656876, 1091.229607294882, 10.012937175165, 100.0
13.613613613613614, 37.7382314491031, 1090.397068312082, 10.012986477853593, 100.0
13.713713713713714, 37.732275969931386, 1089.5649888613955, 10.01303576169257, 100.0
13.813813813813814, 37.72632012900007, 1088.7333688006554, 10.013085026685076, 100.0
13.913913913913914, 37.72036392005747, 1087.9022079863441, 10.013134272834115, 100.0
14.014014014014016, 37.714407336066486, 1087.0715062751613, 10.013183500142715, 100.0
14.114114114114114, 37.70845036827102, 1086.2412635242806, 10.01323270861395, 100.0
14.214214214214214, 37.702493007915, 1085.4114795908768, 10.013281898250895, 100.0
14.314314314314315, 37.696535246540854, 1084.5821543320387, 10.013331069056614, 100.0
14.414414414414415, 37.690577084133345, 1083.753287602461, 10.01338022103394, 100.0
14.514514514514516, 37.684618519227264, 1082.9248792572475, 10.013429354185737, 100.0
14.614614614614615, 37.67865954744815, 1082.09692915233, 10.013478468514958, 100.0
14.714714714714717, 37.67270016442157, 1081.2694371436385, 10.013527564024555, 100.0
14.814814814814817, 37.66674032037153, 1080.4424004930813, 10.013576640769543, 100.0
14.914914914914917, 37.6607801287796, 1079.6158255596224, 10.01362569862222, 100.0
15.015015015015017, 37.65481951014178, 1078.7897077452894, 10.013674737674842, 100.0
15.115115115115117, 37.64885846445808, 1077.9640470500822, 10.01372375792741, 100.0
15.215215215215215, 37.6428969917285, 1077.1388434740009, 10.013772759379922, 100.0
15.315315315315315, 37.63693509188064, 1076.3140970058337, 10.013821742032603, 100.0
15.415415415415415, 37.63097276323183, 1075.489807385028, 10.013870705890591, 100.0
15.515515515515515, 37.62501000507614, 1074.6659745022723, 10.01391965095605, 100.0
15.615615615615615, 37.61904681741359, 1073.842598357567, 10.01396857722898, 100.0
15.715715715715717, 37.61308320024416, 1073.0196789509125, 10.01401748470938, 100.0
15.815815815815817, 37.60711915356786, 1072.1972162823079, 10.014066373397249, 100.0
15.915915915915917, 37.601154674762356, 1071.3752099863434, 10.014115243299818, 100.0
16.016016016016017, 37.59518976098043, 1070.553659666269, 10.014164094424936, 100.0
16.116116116116117, 37.58922441222089, 1069.7325653219184, 10.014212926772608, 100.0
16.216216216216218, 37.58325862848372, 1068.911926953292, 10.01426174034283, 100.0
16.316316316316318, 37.57729240976894, 1068.0917445603893, 10.014310535135609, 100.0
16.416416416416418, 37.57132576384537, 1067.272020219423, 10.014359311110027, 100.0
16.516516516516518, 37.56535866724173, 1066.4527476577182, 10.014408068389686, 100.0
16.616616616616618, 37.559391134730255, 1065.6339308231388, 10.014456806896796, 100.0
16.716716716716718, 37.553423165768756, 1064.8155695707853, 10.014505526634213, 100.0
16.816816816816818, 37.54745475981505, 1063.9976637557584, 10.01455422760479, 100.0
16.916916916916918, 37.54148591634225, 1063.1802132132561, 10.014602909811778, 100.0
17.017017017017018, 37.53551663492761, 1062.3632176431831, 10.014651573261103, 100.0
17.117117117117118, 37.529546915071464, 1061.5466768453423, 10.014700217956714, 100.0
17.217217217217218, 37.52357675625278, 1060.7305906473678, 10.014748843902009, 100.0
17.31731731731732, 37.517606157950496, 1059.9149588768933, 10.01479745110039, 100.0
17.41741741741742, 37.51163511964356, 1059.0997813615534, 10.014846039555252, 100.0
17.51751751751752, 37.50566364081091, 1058.2850579289818, 10.014894609269994, 100.0
17.61761761761762, 37.4996917209315, 1057.4707884068125, 10.014943160248018, 100.0
17.71771771771772, 37.49371935948427, 1056.6569726226799, 10.01499169249272, 100.0
17.81781781781782, 37.48774655594818, 1055.8436104042178, 10.0150402060075, 100.0
17.91791791791792, 37.48177330980216, 1055.03070157906, 10.015088700795756, 100.0
18.01801801801802, 37.47579962052516, 1054.218245974841, 10.015137176860886, 100.0
18.11811811811812, 37.46982548759613, 1053.4062434191944, 10.01518563420629, 100.0
18.21821821821822, 37.46385091049402, 1052.5946937397546, 10.015234072835364, 100.0
18.31831831831832, 37.457875889928204, 1051.7835967971266, 10.015282492750837, 100.0
18.41841841841842, 37.45190043124142, 1050.9729525760695, 10.015330893952905, 100.0
18.518518518518523, 37.44592453555257, 1050.1627609481618, 10.015379276444069, 100.0
18.61861861861862, 37.439948203366214, 1049.3530217685193, 10.015427640227168, 100.0
18.71871871871872, 37.43397143518687, 1048.5437348922583, 10.015475985305041, 100.0
18.81881881881882, 37.42799423151911, 1047.7349001744944, 10.015524311680524, 100.0
18.91891891891892, 37.422016592867465, 1046.926517470344, 10.01557261935646, 100.0
19.01901901901902, 37.41603851973649, 1046.1185866349222, 10.015620908335684, 100.0
19.11911911911912, 37.410060012630716, 1045.3111075233458, 10.015669178621033, 100.0
19.21921921921922, 37.4040810720547, 1044.5040799907301, 10.01571743021535, 100.0
19.31931931931932, 37.398101698512995, 1043.6975038921917, 10.01576566312147, 100.0
19.41941941941942, 37.39212189251013, 1042.8913790828458, 10.015813877342232, 100.0
19.519519519519523, 37.38614165455066, 1042.085705417809, 10.015862072880475, 100.0
19.619619619619623, 37.380160985139135, 1041.2804827521968, 10.015910249739036, 100.0
19.71971971971972, 37.374179880897096, 1040.4757109424918, 10.01595840792088, 100.0
19.81981981981982, 37.368198327558936, 1039.671389849007, 10.016006547429322, 100.0
19.91991991991992, 37.362216317217985, 1038.867519329818, 10.01605466826747, 100.0
20.02002002002002, 37.3562338431398, 1038.064099242613, 10.016102770438398, 100.0
20.12012012012012, 37.350250915801126, 1037.2611294397145, 10.01615085394466, 100.0
20.22022022022022, 37.34426754488318, 1036.4586097736928, 10.01619891878884, 100.0
20.32032032032032, 37.33828373496371, 1035.6565400987097, 10.016246964973664, 100.0
20.420420420420424, 37.33229948840546, 1034.8549202696297, 10.016294992501939, 100.0
20.520520520520524, 37.326314802808476, 1034.053750142832, 10.016343001376603, 100.0
20.620620620620624, 37.3203296788573, 1033.2530295737147, 10.016390991600506, 100.0
20.720720720720724, 37.31434411403868, 1032.4527576566686, 10.016438963191765, 100.0
20.82082082082082, 37.30835811555021, 1031.6529362873619, 10.016486916112388, 100.0
20.92092092092092, 37.30237167548772, 1030.853563731349, 10.016534850397186, 100.0
21.02102102102102, 37.2963847938512, 1030.0546399886298, 10.016582766046154, 100.0
21.12112112112112, 37.290397470941066, 1029.2561649233612, 10.016630663061996, 100.0
21.22122122122122, 37.28440970730497, 1028.4581382878698, 10.016678541449632, 100.0
21.32132132132132, 37.27842150295448, 1027.6605600769278, 10.016726401209166, 100.0
21.421421421421424, 37.2724328578896, 1026.863430290535, 10.016774242340595, 100.0
21.521521521521525, 37.26644377211032, 1026.0667489286911, 10.016822064843923, 100.0
21.621621621621625, 37.26045424567318, 1025.2705159141276, 10.01686986872069, 100.0
21.721721721721725, 37.25446427900298, 1024.4747306661193, 10.016917653982482, 100.0
21.82182182182182, 37.248473872187034, 1023.6793930653245, 10.01696542063168, 100.0
21.92192192192192, 37.24248302522533, 1022.884503111743, 10.017013168668283, 100.0
22.02202202202202, 37.23649173811788, 1022.0900608053747, 10.017060898092293, 100.0
22.12212212212212, 37.23050000869742, 1021.2960697908868, 10.017108608830819, 100.0
22.22222222222222, 37.224507842560136, 1020.502520657185, 10.017156301072076, 100.0
22.322322322322325, 37.21851523636757, 1019.7094190185468, 10.017203974703781, 100.0
22.422422422422425, 37.212522190205426, 1018.9167647308581, 10.017251629728818, 100.0
22.522522522522525, 37.206528704159396, 1018.1245576500048, 10.017299266150069, 100.0
22.622622622622625, 37.200534778315166, 1017.3327976318727, 10.017346883970415, 100.0
22.722722722722725, 37.19454041265011, 1016.5414844880872, 10.01739448319364, 100.0
22.822822822822825, 37.18854560686476, 1015.750617917163, 10.017442063825833, 100.0
22.922922922922922, 37.18255036094987, 1014.9601977362009, 10.017489625870667, 100.0
23.023023023023022, 37.176554674922265, 1014.1702237729443, 10.017537169331595, 100.0
23.123123123123122, 37.17055854879876, 1013.3806958551371, 10.017584694212077, 100.0
23.223223223223222, 37.16456198259617, 1012.591613810523, 10.017632200515566, 100.0
23.323323323323326, 37.15856497633131, 1011.8029774668456, 10.017679688245515, 100.0
23.423423423423426, 37.15256753002101, 1011.014786651849, 10.017727157405385, 100.0
23.523523523523526, 37.14656964368207, 1010.2270411932767, 10.017774607998627, 100.0
23.623623623623626, 37.14057131733132, 1009.4397409188725, 10.017822040028697, 100.0
23.723723723723726, 37.13457255098556, 1008.6528856563799, 10.017869453499054, 100.0
23.823823823823826, 37.128573344661625, 1007.8664752335432, 10.01791684841315, 100.0
23.923923923923926, 37.12257369837632, 1007.0805094781055, 10.017964224774444, 100.0
24.024024024024023, 37.11657361214647, 1006.2949882178109, 10.018011582586388, 100.0
24.124124124124123, 37.110573086593995, 1005.5099113652276, 10.018058921850763, 100.0
24.224224224224226, 37.10457212270659, 1004.7252788841962, 10.01810624256834, 100.0
24.324324324324326, 37.098570720709645, 1003.9410906316967, 10.018153544741992, 100.0
24.424424424424426, 37.09256888082303, 1003.157346463938, 10.018200828374619, 100.0
24.524524524524526, 37.08656660326661, 1002.3740462371283, 10.018248093469108, 100.0
24.624624624624627, 37.08056388826028, 1001.591189807476, 10.01829534002836, 100.0
24.724724724724727, 37.074560736023905, 1000.8087770311897, 10.018342568055258, 100.0
24.824824824824827, 37.06855714677736, 1000.0268077644779, 10.018389777552706, 100.0
24.924924924924927, 37.06255312074052, 999.245281863549, 10.018436968523593, 100.0
25.025025025025027, 37.05654865813327, 998.4641991846116, 10.01848414097081, 100.0
25.125125125125123, 37.05054375917548, 997.6835595838744, 10.018531294897253, 100.0
25.225225225225227, 37.04453842408702, 996.9033629175456, 10.018578430305817, 100.0
25.325325325325327, 37.03853265308778, 996.1236090418336, 10.018625547199392, 100.0
25.425425425425427, 37.032526446374185, 995.3442978129744, 10.018672645580875, 100.0
25.525525525525527, 37.026519802893155, 994.565429088658, 10.018719725453256, 100.0
25.625625625625627, 37.020512721938765, 993.7870027261704, 10.018766786819494, 100.0
25.725725725725727, 37.01450520345425, 993.009018582042, 10.018813829682506, 100.0
25.825825825825827, 37.00849724738289, 992.2314765128029, 10.018860854045204, 100.0
25.925925925925927, 37.00248885366795, 991.4543763749841, 10.018907859910506, 100.0
26.026026026026027, 36.996480022252676, 990.6777180251158, 10.01895484728132, 100.0
26.126126126126128, 36.99047075308036, 989.9015013197283, 10.019001816160564, 100.0
26.226226226226228, 36.984461046094246, 989.125726115352, 10.019048766551151, 100.0
26.326326326326328, 36.97845090123761, 988.3503922685175, 10.019095698455995, 100.0
26.426426426426428, 36.9724403184537, 987.575499635755, 10.019142611878015, 100.0
26.526526526526528, 36.966429297685806, 986.8010480735952, 10.019189506820117, 100.0
26.626626626626628, 36.96041783887718, 986.0270374385683, 10.019236383285218, 100.0
26.726726726726728, 36.95440594197107, 985.2534675872049, 10.019283241276234, 100.0
26.826826826826828, 36.94839352708166, 984.4802815683805, 10.01933008195889, 100.0
26.926926926926928, 36.942380769459845, 983.7076046870807, 10.019376902768412, 100.0
27.027027027027028, 36.93636756989352, 982.9353663930455, 10.019423705148927, 100.0
27.127127127127128, 36.930353928382665, 982.1635666862746, 10.019470489100435, 100.0
27.227227227227228, 36.924339844927296, 981.3922055667686, 10.019517254622931, 100.0
27.32732732732733, 36.918325319527405, 980.6212830345272, 10.01956400171642, 100.0
27.42742742742743, 36.912310352183, 979.8507990895504, 10.0196107303809, 100.0
27.52752752752753, 36.90629494289408, 979.0807537318381, 10.01965744061637, 100.0
27.62762762762763, 36.900279091660636, 978.3111469613905, 10.019704132422833, 100.0
27.72772772772773, 36.89426279848267, 977.5419787782075, 10.019750805800285, 100.0
27.82782782782783, 36.88824606336019, 976.7732491822891, 10.01979746074873, 100.0
27.92792792792793, 36.88222888629319, 976.0049581736353, 10.019844097268166, 100.0
28.028028028028032, 36.87621126728167, 975.2371057522461, 10.019890715358594, 100.0
28.128128128128132, 36.87019320632563, 974.4696919181215, 10.019937315020012, 100.0
28.22822822822823, 36.86417470377015, 973.7027165888071, 10.019983896254118, 100.0
28.32832832832833, 36.85815576081545, 972.9361794775292, 10.020030459066826, 100.0
28.42842842842843, 36.85213637756407, 972.1700805597804, 10.020077003458635, 100.0
28.52852852852853, 36.84611655401603, 971.4044198355605, 10.020123529429547, 100.0
28.62862862862863, 36.84009629017132, 970.6391973048694, 10.020170036979563, 100.0
28.72872872872873, 36.834075586067684, 969.8744129615981, 10.020216526108806, 100.0
28.82882882882883, 36.82805444467913, 969.1100663244846, 10.020262996827082, 100.0
28.92892892892893, 36.82203286787831, 968.3461570904881, 10.02030944914056, 100.0
29.029029029029033, 36.816010855665226, 967.5826852596084, 10.020355883049245, 100.0
29.129129129129133, 36.80998840803988, 966.8196508318456, 10.02040229855313, 100.0
29.22922922922923, 36.80396552500227, 966.0570538071998, 10.020448695652222, 100.0
29.32932932932933, 36.79794220445969, 965.2948968792919, 10.020495074290984, 100.0
29.429429429429433, 36.79191845236111, 964.5331723909052, 10.020541434627281, 100.0
29.52952952952953, 36.78589426502791, 963.7718850769852, 10.020587776563495, 100.0
29.629629629629633, 36.779869642571015, 963.011034794759, 10.020634100102573, 100.0
29.72972972972973, 36.773844585101344, 962.2506214014535, 10.020680405247452, 100.0
29.829829829829833, 36.767819092728026, 961.4906447536847, 10.020726692001094, 100.0
29.92992992992993, 36.76179316521228, 960.7311045882215, 10.020772960368967, 100.0
30.030030030030034, 36.7557668023268, 959.9720006457957, 10.020819210356454, 100.0
30.13013013013013, 36.74974000407207, 959.2133327455994, 10.020865441967297, 100.0
30.230230230230234, 36.743712770448596, 958.4551007068243, 10.020911655205238, 100.0
30.33033033033033, 36.73768510145687, 957.6973043486626, 10.020957850074016, 100.0
30.43043043043043, 36.73165699709738, 956.9399434903063, 10.021004026577373, 100.0
30.530530530530534, 36.725628457370625, 956.1830179509475, 10.02105018471905, 100.0
30.63063063063063, 36.719599482277104, 955.4265275497778, 10.021096324502786, 100.0
30.730730730730734, 36.71357007181731, 954.6704721059895, 10.021142445932325, 100.0
30.83083083083083, 36.70754022599172, 953.9148514387743, 10.021188549011404, 100.0
30.930930930930934, 36.70150994498321, 953.1596654248533, 10.021234633742592, 100.0
31.03103103103103, 36.69547922930871, 952.404914046346, 10.021280700126301, 100.0
31.131131131131134, 36.6894480791106, 951.650597167204, 10.021326748165357, 100.0
31.23123123123123, 36.683416494511015, 950.8967146449925, 10.021372777862718, 100.0
31.331331331331334, 36.677384475632074, 950.143266337278, 10.021418789221341, 100.0
31.431431431431434, 36.671352022595926, 949.3902521016257, 10.021464782244182, 100.0
31.53153153153153, 36.6653191355247, 948.6376717956017, 10.0215107569342, 100.0
31.631631631631635, 36.65928581454051, 947.8855252767718, 10.02155671329435, 100.0
31.73173173173173, 36.65325205976552, 947.133812402702, 10.021602651327592, 100.0
31.831831831831835, 36.647217871321836, 946.3825330309576, 10.021648571036879, 100.0
31.93193193193193, 36.641183249235475, 945.6316870192222, 10.02169447242518, 100.0
32.032032032032035, 36.635148192706616, 944.8812742261855, 10.021740355495524, 100.0
32.13213213213213, 36.62911270145399, 944.1312945099056, 10.021786220250897, 100.0
32.232232232232235, 36.62307677538359, 943.3817477282118, 10.021832066694275, 100.0
32.332332332332335, 36.617040414401416, 942.6326337389336, 10.02187789482863, 100.0
32.432432432432435, 36.61100361841345, 941.8839523999004, 10.021923704656942, 100.0
32.532532532532535, 36.60496638732571, 941.1357035689415, 10.021969496182178, 100.0
32.632632632632635, 36.59892872104418, 940.3878871038864, 10.02201526940732, 100.0
32.732732732732735, 36.59289061947486, 939.6405028625644, 10.022061024335333, 100.0
32.832832832832835, 36.58685208252375, 938.8935507028052, 10.022106760969198, 100.0
32.932932932932935, 36.58081311894669, 938.1470049254048, 10.022152479848234, 100.0
33.033033033033036, 36.57477370906176, 937.4009232711988, 10.022198179760696, 100.0
33.133133133133136, 36.568733864861855, 936.6552719583291, 10.022243861415562, 100.0
33.233233233233236, 36.56269358634698, 935.9100509867959, 10.022289524812829, 100.0
33.333333333333336, 36.55665287351714, 935.1652603565991, 10.022335169952493, 100.0
33.433433433433436, 36.550611726372324, 934.4209000677387, 10.022380796834563, 100.0
33.533533533533536, 36.54457014491255, 933.6769701202148, 10.022426405459033, 100.0
33.633633633633636, 36.53852812913779, 932.9334705140271, 10.022471995825905, 100.0
33.733733733733736, 36.532485679048065, 932.190401249176, 10.022517567935177, 100.0
33.833833833833836, 36.52644279464338, 931.4477623256612, 10.02256312178685, 100.0
33.933933933933936, 36.52039947592372, 930.705553743483, 10.022608657380927, 100.0
34.034034034034036, 36.51435572345143, 929.9637753929762, 10.022654174719712, 100.0
34.13413413413413, 36.508311538646595, 929.2224269972045, 10.022699673809038, 100.0
34.234234234234236, 36.50226692157834, 928.4815085426876, 10.022745154649186, 100.0
34.334334334334336, 36.496221872246664, 927.741020029426, 10.02279061724016, 100.0
34.434434434434436, 36.49017639065157, 927.0009614574193, 10.022836061581959, 100.0
34.53453453453454, 36.48413047679286, 926.2613328235065, 10.022881487674644, 100.0
34.63463463463464, 36.478084130643644, 925.5221336626641, 10.022926895528066, 100.0
34.73473473473474, 36.47203735218467, 924.7833636426576, 10.022972285149251, 100.0
34.83483483483484, 36.46599014141595, 924.0450227634869, 10.023017656538201, 100.0
34.93493493493494, 36.45994249833748, 923.3071110251519, 10.023063009694916, 100.0
35.03503503503504, 36.45389442294926, 922.5696284276529, 10.023108344619395, 100.0
35.13513513513514, 36.44784591272709, 921.8325782386573, 10.023153661242386, 100.0
35.23523523523524, 36.44179697451804, 921.0959515943945, 10.02319895975174, 100.0
35.33533533533534, 36.4357476041564, 920.3597538875295, 10.023244240033172, 100.0
35.43543543543544, 36.42969780175149, 919.6239849765242, 10.02328950208968, 100.0
35.53553553553554, 36.42364756741266, 918.8886447198402, 10.023334745924263, 100.0
35.63563563563564, 36.41759690124923, 918.153732975939, 10.02337997153992, 100.0
35.73573573573574, 36.411545803375475, 917.4192495389187, 10.023425178941038, 100.0
35.83583583583584, 36.40549427391274, 916.6851941095331, 10.023470368134, 100.0
35.93593593593594, 36.39944231297334, 915.9515665071447, 10.023515539122648, 100.0
36.03603603603604, 36.393389920669264, 915.2183665556341, 10.02356069191073, 100.0
36.13613613613614, 36.38733709711249, 914.4855940788827, 10.02360582650198, 100.0
36.23623623623624, 36.38128384241499, 913.7532489007712, 10.023650942900145, 100.0
36.33633633633634, 36.37523015668872, 913.0213308451803, 10.02369604110897, 100.0
36.43643643643644, 36.36917604004568, 912.2898397359912, 10.023741121132195, 100.0
36.53653653653654, 36.36312149259783, 911.5587753970848, 10.023786182973565, 100.0
36.63663663663664, 36.35706651445714, 910.828137652342, 10.023831226636819, 100.0
36.73673673673674, 36.351011105735594, 910.0979263256437, 10.023876252125705, 100.0
36.83683683683684, 36.344955266578935, 909.3681412473812, 10.023921259443823, 100.0
36.93693693693694, 36.33889899787672, 908.6387823913382, 10.023966248591783, 100.0
37.037037037037045, 36.33284230020157, 907.9098496701994, 10.024011219571465, 100.0
37.13713713713714, 36.32678517384667, 907.1813429427815, 10.02405617238588, 100.0
37.23723723723724, 36.32072761910522, 906.4532620679013, 10.024101107038037, 100.0
37.33733733733734, 36.31466963627042, 905.725606904375, 10.02414602353095, 100.0
37.43743743743744, 36.30861122563545, 904.9983773110195, 10.02419092186763, 100.0
37.53753753753754, 36.30255238749352, 904.2715731466516, 10.024235802051088, 100.0
37.63763763763764, 36.29649312213781, 903.5451942700876, 10.024280664084332, 100.0
37.73773773773774, 36.29043342986153, 902.8192405401443, 10.024325507970378, 100.0
37.83783783783784, 36.28437331095786, 902.0937118156384, 10.024370333712234, 100.0
37.93793793793794, 36.278312765719996, 901.3686079553862, 10.02441514131291, 100.0
38.03803803803804, 36.27225179388661, 900.6439288187637, 10.024459930775459, 100.0
38.138138138138146, 36.266190394068786, 899.9196742662824, 10.024504702102998, 100.0
38.23823823823824, 36.260128566122525, 899.1958441571998, 10.024549455298573, 100.0
38.33833833833834, 36.254066309983834, 898.4724383506923, 10.024594190365217, 100.0
38.43843843843844, 36.24800362558871, 897.7494567059365, 10.024638907305963, 100.0
38.53853853853854, 36.24194051287316, 897.0268990821093, 10.024683606123848, 100.0
38.63863863863864, 36.23587697177317, 896.304765338387, 10.024728286821908, 100.0
38.73873873873874, 36.229813002224766, 895.5830553339465, 10.024772949403175, 100.0
38.83883883883884, 36.22374860416394, 894.8617689279642, 10.024817593870686, 100.0
38.93893893893894, 36.21768377752669, 894.140905979617, 10.024862220227476, 100.0
39.03903903903905, 36.21161852224901, 893.420466348081, 10.024906828476578, 100.0
39.13913913913914, 36.20555283289453, 892.700415659058, 10.024951419362958, 100.0
39.23923923923925, 36.19948672162119, 891.9808305159214, 10.024995991226477, 100.0
39.33933933933934, 36.19342018157845, 891.2616668144475, 10.025040545023014, 100.0
39.43943943943944, 36.187353212766304, 890.5429245546363, 10.025085080752572, 100.0
39.53953953953954, 36.18128581518477, 889.824603736488, 10.02512959841515, 100.0
39.63963963963964, 36.17521798883383, 889.1067043600021, 10.025174098010748, 100.0
39.73973973973974, 36.16914973371349, 888.3892264251791, 10.025218579539365, 100.0
39.83983983983984, 36.16308104982375, 887.6721699320187, 10.025263043001004, 100.0
39.93993993993995, 36.15701193716462, 886.955534880521, 10.025307488395661, 100.0
40.04004004004004, 36.150942395736074, 886.239321270686, 10.025351915723341, 100.0
40.14014014014015, 36.14487242553814, 885.5235291025136, 10.02539632498404, 100.0
40.24024024024024, 36.1388020265708, 884.808158376004, 10.025440716177759, 100.0
40.34034034034035, 36.132731199634776, 884.0932090046825, 10.025485089306368, 100.0
40.44044044044044, 36.126659947466635, 883.3786806930065, 10.025529444376268, 100.0
40.54054054054054, 36.12058827029412, 882.6645734163802, 10.025573781387992, 100.0
40.64064064064064, 36.11451616811724, 881.9508871748036, 10.025618100341537, 100.0
40.74074074074074, 36.10844364093599, 881.2376219682767, 10.025662401236906, 100.0
40.84084084084085, 36.10237068875036, 880.5247777967994, 10.025706684074095, 100.0
40.94094094094094, 36.09629731191577, 879.8123543660191, 10.025750948859532, 100.0
41.04104104104105, 36.090223511047874, 879.1003511660292, 10.025795195604344, 100.0
41.14114114114114, 36.08414928615762, 878.3887681877758, 10.025839424308732, 100.0
41.24124124124125, 36.07807463724499, 877.6776054312586, 10.025883634972693, 100.0
41.34134134134134, 36.07199956431, 876.966862896478, 10.025927827596227, 100.0
41.44144144144145, 36.0659240631694, 876.2565450240982, 10.025972002082058, 100.0
41.54154154154154, 36.059848144434994, 875.5466405492898, 10.026016158676956, 100.0
41.64164164164164, 36.05377180181666, 874.8371561492659, 10.026060297234647, 100.0
41.74174174174174, 36.0476950354463, 874.1280916839906, 10.026104417758198, 100.0
41.84184184184184, 36.041617845455846, 873.4194470134287, 10.026148520250675, 100.0
41.94194194194195, 36.03554023197721, 872.711221997544, 10.02619260471515, 100.0
42.04204204204204, 36.02946219515166, 872.0034164899573, 10.026236671154829, 100.0
42.14214214214215, 36.02338373533679, 871.2960301976124, 10.026280719576167, 100.0
42.24224224224224, 36.017304852809204, 870.589062882381, 10.0263247499844, 100.0
42.34234234234235, 36.01122554776552, 869.8825143603311, 10.026368762383571, 100.0
42.44244244244244, 36.00514582040242, 869.1763844475308, 10.026412756777717, 100.0
42.54254254254254, 35.99906567091654, 868.4706729600482, 10.026456733170875, 100.0
42.64264264264264, 35.992985099504565, 867.7653797139512, 10.026500691567085, 100.0
42.74274274274274, 35.98690410636311, 867.0605045253081, 10.02654463197039, 100.0
42.84284284284285, 35.980822691688864, 866.3560472101865, 10.026588554384825, 100.0
42.94294294294294, 35.974740855678505, 865.6520075846742, 10.026632458814431, 100.0
43.04304304304305, 35.968658598724886, 864.9483855774727, 10.026676345260805, 100.0
43.14314314314314, 35.962575921262555, 864.2451811412179, 10.026720213725028, 100.0
43.24324324324325, 35.95649282356528, 863.542394136238, 10.026764064210179, 100.0
43.34334334334334, 35.950409305906796, 862.8400244228606, 10.026807896719339, 100.0
43.44344344344345, 35.944325368560875, 862.1380718614133, 10.026851711255585, 100.0
43.54354354354354, 35.93824101180126, 861.436536312224, 10.026895507822003, 100.0
43.64364364364364, 35.9321562359017, 860.7354176356205, 10.026939286421669, 100.0
43.74374374374375, 35.926071041135955, 860.0347156919305, 10.026983047057666, 100.0
43.84384384384384, 35.91998542777778, 859.3344303414818, 10.02702678973307, 100.0
43.94394394394395, 35.913899395630345, 858.6345614450767, 10.027070514450996, 100.0
44.04404404404404, 35.90781294375913, 857.9351088642612, 10.027114221214607, 100.0
44.14414414414415, 35.90172607208523, 857.2360724597187, 10.027157910027002, 100.0
44.24424424424424, 35.89563878056479, 856.537452092097, 10.027201580891289, 100.0
44.34434434434435, 35.88955106915398, 855.8392476220445, 10.027245233810568, 100.0
44.44444444444444, 35.883462937808964, 855.1414589102087, 10.027288868787938, 100.0
44.54454454454455, 35.87737438648589, 854.4440858172378, 10.027332485826506, 100.0
44.64464464464465, 35.87128541514094, 853.7471282037799, 10.027376084929369, 100.0
44.74474474474474, 35.865196023730256, 853.0505859304828, 10.027419666099629, 100.0
44.84484484484485, 35.859106230462814, 852.3544436423027, 10.027463229680057, 100.0
44.94494494494494, 35.85301599436426, 851.658736304338, 10.027506774890151, 100.0
45.04504504504505, 35.846925340632126, 850.9634428195416, 10.027550302200867, 100.0
45.14514514514514, 35.8408342692664, 850.2685631879135, 10.027593811612203, 100.0
45.24524524524525, 35.83474278026709, 849.5740974094538, 10.02763730312416, 100.0
45.34534534534534, 35.82865087363419, 848.8800454841623, 10.027680776736739, 100.0
45.44544544544545, 35.8225585493677, 848.1864074120392, 10.027724232449938, 100.0
45.545545545545544, 35.81646580746763, 847.4931831930843, 10.027767670263758, 100.0
45.64564564564565, 35.81037264793397, 846.8003728272979, 10.0278110901782, 100.0
45.74574574574575, 35.80427907085351, 846.1079762947829, 10.02785449219371, 100.0
45.845845845845844, 35.79818507750792, 845.4159933017226, 10.02789787631689, 100.0
45.94594594594595, 35.792090668323034, 844.7244237504893, 10.027941242549934, 100.0
46.046046046046044, 35.78599584329886, 844.0332676410839, 10.027984590892842, 100.0
46.14614614614615, 35.77990060243542, 843.3425249735056, 10.028027921345613, 100.0
46.246246246246244, 35.773804945732685, 842.6521957477551, 10.02807123390825, 100.0
46.34634634634635, 35.76770887325318, 841.9622799051377, 10.02811452858207, 100.0
46.446446446446444, 35.76161238564137, 841.2727768405504, 10.028157805380713, 100.0
46.54654654654655, 35.755515483067086, 840.5836863945455, 10.028201064307769, 100.0
46.64664664664665, 35.74941816553031, 839.8950085671233, 10.028244305363238, 100.0
46.74674674674675, 35.74332043303106, 839.2067433582837, 10.028287528547121, 100.0
46.84684684684685, 35.737222285569324, 838.5188907680265, 10.028330733859416, 100.0
46.946946946946944, 35.73112371624532, 837.8314545363022, 10.02837392121566, 100.0
47.04704704704705, 35.72502474348475, 837.1444246756676, 10.028417090841415, 100.0
47.147147147147145, 35.71892535613102, 836.4578072334299, 10.028460242600108, 100.0
47.24724724724725, 35.712825554439846, 835.7716020709755, 10.028503376494863, 100.0
47.347347347347345, 35.70672533866697, 835.0858090496906, 10.028546492528815, 100.0
47.44744744744745, 35.70062470906811, 834.4004280309616, 10.028589590705092, 100.0
47.54754754754755, 35.6945236658947, 833.7154588487925, 10.028632671027461, 100.0
47.64764764764765, 35.68842220937599, 833.0309011953257, 10.028675733502949, 100.0
47.74774774774775, 35.68232033975911, 832.346754876952, 10.028718778135962, 100.0
47.84784784784785, 35.676218057294896, 831.6630197239414, 10.028761804930344, 100.0
47.94794794794795, 35.67011536223422, 830.9796955665631, 10.028804813889947, 100.0
48.048048048048045, 35.664012254827924, 830.2967822350871, 10.028847805018614, 100.0
48.14814814814815, 35.65790873532688, 829.6142795597829, 10.0288907783202, 100.0
48.248248248248245, 35.65180480398194, 828.9321873709197, 10.02893373379855, 100.0
48.34834834834835, 35.64570046104396, 828.2505054987673, 10.028976671457508, 100.0
48.44844844844845, 35.63959570676379, 827.5692337735954, 10.029019591300932, 100.0
48.54854854854855, 35.6334905413923, 826.8883720256736, 10.029062493332663, 100.0
48.64864864864865, 35.62738496518035, 826.2079200852712, 10.02910537755655, 100.0
48.74874874874875, 35.62127897837877, 825.527877782658, 10.029148243976445, 100.0
48.84884884884885, 35.615172581325936, 824.8482449617934, 10.029191092595893, 100.0
48.94894894894895, 35.60906577532332, 824.1690216173282, 10.029233923415102, 100.0
49.04904904904905, 35.60295856108765, 823.4902076524202, 10.029276736436314, 100.0
49.149149149149146, 35.596850939071885, 822.8118029289649, 10.029319531662676, 100.0
49.24924924924925, 35.590742909729045, 822.133807308858, 10.029362309097333, 100.0
49.349349349349346, 35.58463447351211, 821.4562206539953, 10.02940506874344, 100.0
49.44944944944945, 35.57852563087406, 820.7790428262725, 10.029447810604143, 100.0
49.54954954954955, 35.57241638226791, 820.1022736875854, 10.02949053468259, 100.0
49.64964964964965, 35.56630672814663, 819.4259130998295, 10.029533240981934, 100.0
49.74974974974975, 35.56019666896323, 818.7499609249007, 10.029575929505318, 100.0
49.84984984984985, 35.55408620517068, 818.0744170246949, 10.029618600255896, 100.0
49.94994994994995, 35.54797533722199, 817.3992812611075, 10.029661253236814, 100.0
50.050050050050054, 35.54186406557014, 816.7245534960342, 10.029703888451222, 100.0
50.150150150150154, 35.53575239061112, 816.0502335914421, 10.029746505902272, 100.0
50.25025025025025, 35.529640310955934, 815.3763214115173, 10.029789105593261, 100.0
50.350350350350354, 35.52352782588109, 814.7028168196191, 10.029831687527427, 100.0
50.450450450450454, 35.517414935444485, 814.0297196781344, 10.029874251707952, 100.0
50.550550550550554, 35.511301639704, 813.3570298494508, 10.029916798138014, 100.0
50.650650650650654, 35.50518793871754, 812.6847471959549, 10.029959326820796, 100.0
50.750750750750754, 35.499073832542976, 812.0128715800342, 10.030001837759475, 100.0
50.850850850850854, 35.49295932123821, 811.3414028640757, 10.030044330957233, 100.0
50.950950950950954, 35.48684440486112, 810.6703409104665, 10.030086806417248, 100.0
51.051051051051054, 35.4807290834696, 809.9996855815938, 10.030129264142701, 100.0
51.15115115115115, 35.47461335712154, 809.3294367398447, 10.030171704136773, 100.0
51.251251251251254, 35.468497225874835, 808.6595942476064, 10.030214126402644, 100.0
51.351351351351354, 35.46238068978736, 807.9901579672658, 10.030256530943491, 100.0
51.451451451451454, 35.45626374891681, 807.3211277612147, 10.030298917762497, 100.0
51.551551551551555, 35.45014640324939, 806.6525034933956, 10.030341286862917, 100.0
51.651651651651655, 35.444028652772346, 805.984285027728, 10.030383638248, 100.0
51.751751751751755, 35.437910497524896, 805.3164722270046, 10.030425971920948, 100.0
51.851851851851855, 35.43179193754626, 804.6490649540173, 10.030468287884958, 100.0
51.951951951951955, 35.425672972875645, 803.9820630715586, 10.030510586143233, 100.0
52.052052052052055, 35.41955360355228, 803.3154664424209, 10.030552866698969, 100.0
52.152152152152155, 35.41343382961538, 802.6492749293959, 10.030595129555365, 100.0
52.252252252252255, 35.40731365110415, 801.9834883952767, 10.030637374715624, 100.0
52.352352352352355, 35.401193068057815, 801.3181067028551, 10.030679602182941, 100.0
52.452452452452455, 35.39507208051558, 800.6531297149234, 10.030721811960518, 100.0
52.552552552552555, 35.38895068851668, 799.9885572942738, 10.030764004051553, 100.0
52.652652652652655, 35.382828892100314, 799.3243893036989, 10.030806178459246, 100.0
52.752752752752755, 35.376706691305706, 798.6606256059908, 10.030848335186795, 100.0
52.852852852852855, 35.370584113025075, 797.9972660870076, 10.030890474238026, 100.0
52.952952952952955, 35.36446113718185, 797.3343105922629, 10.030932595615667, 100.0
53.053053053053056, 35.35833776140659, 796.6717589824799, 10.030974699322861, 100.0
53.153153153153156, 35.35221398592727, 796.009611120613, 10.031016785362818, 100.0
53.253253253253256, 35.34608981097186, 795.347866869617, 10.031058853738736, 100.0
53.353353353353356, 35.33996523676834, 794.6865260924457, 10.031100904453819, 100.0
53.453453453453456, 35.33384026354468, 794.025588652054, 10.031142937511271, 100.0
53.553553553553556, 35.327714891528856, 793.3650544113962, 10.031184952914298, 100.0
53.653653653653656, 35.32158912094884, 792.7049232334265, 10.0312269506661, 100.0
53.753753753753756, 35.315462952032604, 792.0451949810997, 10.031268930769885, 100.0
53.853853853853856, 35.30933638500812, 791.3858695173699, 10.031310893228852, 100.0
53.953953953953956, 35.30320942010338, 790.7269467051916, 10.031352838046208, 100.0
54.054054054054056, 35.29708205754633, 790.0684264075195, 10.031394765225155, 100.0
54.154154154154156, 35.290954297564966, 789.4103084873074, 10.031436674768896, 100.0
54.254254254254256, 35.28482614038725, 788.7525928075103, 10.031478566680638, 100.0
54.354354354354356, 35.27869758624116, 788.0952792310825, 10.03152044096358, 100.0
54.454454454454456, 35.272568635354666, 787.4383676209782, 10.03156229762093, 100.0
54.55455455455456, 35.266439287955755, 786.7818578401522, 10.031604136655888, 100.0
54.65465465465466, 35.26030954427238, 786.1257497515584, 10.03164595807166, 100.0
54.75475475475476, 35.254179404532536, 785.4700432181517, 10.031687761871448, 100.0
54.85485485485486, 35.24804886896418, 784.814738102886, 10.031729548058458, 100.0
54.95495495495496, 35.24191795046904, 784.1598343359567, 10.031771316638837, 100.0
55.05505505505506, 35.23578664022235, 783.5053317322885, 10.031813067613685, 100.0
55.155155155155164, 35.22965493693538, 782.8512301467894, 10.031854800985851, 100.0
55.25525525525526, 35.22352284092795, 782.1975294429009, 10.031896516758565, 100.0
55.35535535535536, 35.21739035251991, 781.5442294840648, 10.031938214935048, 100.0
55.45545545545546, 35.211257472031086, 780.8913301337229, 10.031979895518527, 100.0
55.55555555555556, 35.205124199781324, 780.2388312553172, 10.032021558512225, 100.0
55.65565565565566, 35.19899053609048, 779.5867327122894, 10.03206320391937, 100.0
55.75575575575576, 35.19285648127836, 778.9350343680812, 10.032104831743185, 100.0
55.85585585585586, 35.18672203566484, 778.2837360861348, 10.032146441986896, 100.0
55.95595595595596, 35.18058719956974, 777.6328377298914, 10.032188034653723, 100.0
56.056056056056065, 35.174451973312905, 776.9823391627934, 10.0322296097469, 100.0
56.15615615615616, 35.16831635721418, 776.3322402482823, 10.032271167269647, 100.0
56.256256256256265, 35.1621803515934, 775.6825408498001, 10.032312707225186, 100.0
56.35635635635636, 35.1560439567704, 775.0332408307885, 10.032354229616745, 100.0
56.45645645645646, 35.149907173065024, 774.3843400546892, 10.032395734447551, 100.0
56.55655655655656, 35.14377000079712, 773.7358383849441, 10.032437221720828, 100.0
56.65665665665666, 35.13763244028652, 773.0877356849953, 10.032478691439799, 100.0
56.75675675675676, 35.13149449185306, 772.4400318182843, 10.03252014360769, 100.0
56.85685685685686, 35.1253561558166, 771.7927266482528, 10.032561578227725, 100.0
56.956956956956965, 35.11921743249695, 771.1458200383429, 10.03260299530313, 100.0
57.05705705705706, 35.11307832952491, 770.4993119404025, 10.032644394841142, 100.0
57.157157157157165, 35.10693884226812, 769.8532021579903, 10.032685776842268, 100.0
57.25725725725726, 35.100798969939085, 769.2074905411571, 10.032727141309122, 100.0
57.357357357357365, 35.09465871291233, 768.5621769540066, 10.032768488244965, 100.0
57.45745745745746, 35.0885180715624, 767.917261260642, 10.03280981765305, 100.0
57.55755755755756, 35.08237704626382, 767.2727433251662, 10.03285112953663, 100.0
57.65765765765766, 35.07623563739113, 766.6286230116825, 10.032892423898963, 100.0
57.75775775775776, 35.070093845318866, 765.9849001842941, 10.0329337007433, 100.0
57.85785785785786, 35.06395167042155, 765.3415747071044, 10.032974960072899, 100.0
57.95795795795796, 35.05780911307373, 764.6986464442164, 10.033016201891016, 100.0
58.058058058058066, 35.05166617364993, 764.056115259733, 10.033057426200903, 100.0
58.15815815815816, 35.04552285252469, 763.4139810177579, 10.033098633005816, 100.0
58.258258258258266, 35.03937915007254, 762.772243582394, 10.03313982230901, 100.0
58.35835835835836, 35.03323506666802, 762.1309028177448, 10.033180994113742, 100.0
58.45845845845846, 35.02709060268566, 761.489958587913, 10.033222148423263, 100.0
58.558558558558566, 35.02094575849999, 760.8494107570021, 10.033263285240832, 100.0
58.65865865865866, 35.01480053448555, 760.2092591891153, 10.033304404569702, 100.0
58.75875875875876, 35.00865493101687, 759.5695037483557, 10.033345506413125, 100.0
58.858858858858866, 35.002508948468495, 758.9301442988267, 10.033386590774363, 100.0
58.958958958958966, 34.996362587214946, 758.2911807046312, 10.033427657656665, 100.0
59.05905905905906, 34.99021584763076, 757.6526128298724, 10.033468707063289, 100.0
59.15915915915916, 34.984068730232906, 757.0144406345089, 10.033509739002014, 100.0
59.25925925925927, 34.977921235305026, 756.3766639214739, 10.033550753473211, 100.0
59.35935935935937, 34.97177336319526, 755.7392825371155, 10.033591750479296, 100.0
59.45945945945946, 34.96562511427926, 755.1022963462779, 10.033632730023555, 100.0
59.55955955955956, 34.95947648893266, 754.4657052138045, 10.03367369210928, 100.0
59.65965965965967, 34.953327487531084, 753.8295090045399, 10.033714636739761, 100.0
59.75975975975976, 34.94717811045017, 753.1937075833278, 10.03375556391829, 100.0
59.85985985985986, 34.94102835806555, 752.5583008150121, 10.033796473648152, 100.0
59.95995995995997, 34.934878230752865, 751.9232885644368, 10.033837365932639, 100.0
60.06006006006007, 34.92872772888774, 751.2886706964463, 10.033878240775044, 100.0
60.16016016016016, 34.922576852845836, 750.6544470758839, 10.033919098178654, 100.0
60.26026026026026, 34.91642560300275, 750.0206175675943, 10.03395993814676, 100.0
60.36036036036037, 34.91027397973415, 749.3871820364208, 10.03400076068265, 100.0
60.46046046046047, 34.90412198341564, 748.7541403472079, 10.034041565789618, 100.0
60.56056056056056, 34.897969614422884, 748.1214923647992, 10.034082353470948, 100.0
60.66066066066066, 34.8918168731315, 747.4892379540389, 10.034123123729938, 100.0
60.76076076076077, 34.88566375991713, 746.857376979771, 10.034163876569872, 100.0
60.86086086086086, 34.879510275155404, 746.2259093068393, 10.03420461199404, 100.0
60.96096096096096, 34.873356419221956, 745.5948348000879, 10.034245330005735, 100.0
61.06106106106107, 34.86720219249243, 744.9641533243608, 10.034286030608245, 100.0
61.16116116116117, 34.86104759534244, 744.3338647445021, 10.034326713804859, 100.0
61.26126126126126, 34.85489263061918, 743.7039690779525, 10.034367379606117, 100.0
61.36136136136136, 34.84873729712792, 743.0744660925992, 10.034408028010702, 100.0
61.46146146146147, 34.84258159467919, 742.4453556183962, 10.03444865902025, 100.0
61.56156156156157, 34.83642552365989, 741.8166375208832, 10.03448927263808, 100.0
61.66166166166166, 34.83026908445692, 741.1883116655994, 10.034529868867516, 100.0
61.76176176176177, 34.82411227745718, 740.560377918084, 10.034570447711884, 100.0
61.86186186186187, 34.817955103047574, 739.9328361438767, 10.034611009174503, 100.0
61.96196196196196, 34.81179756161499, 739.3056862085164, 10.034651553258698, 100.0
62.06206206206206, 34.805639653546315, 738.6789279775427, 10.034692079967794, 100.0
62.16216216216217, 34.79948137922847, 738.0525613164949, 10.03473258930511, 100.0
62.26226226226227, 34.79332273904833, 737.4265860909123, 10.03477308127397, 100.0
62.36236236236236, 34.7871637333928, 736.8010021663345, 10.0348135558777, 100.0
62.46246246246246, 34.78100436264879, 736.1758094083004, 10.03485401311962, 100.0
62.56256256256257, 34.77484462720317, 735.5510076823495, 10.034894453003053, 100.0
62.66266266266267, 34.768684527442865, 734.9265968540212, 10.034934875531324, 100.0
62.76276276276276, 34.76252406375476, 734.3025767888549, 10.034975280707755, 100.0
62.86286286286287, 34.75636323652575, 733.6789473523899, 10.035015668535669, 100.0
62.96296296296297, 34.75020204614273, 733.0557084101654, 10.035056039018388, 100.0
63.06306306306306, 34.74404049299261, 732.4328598277209, 10.035096392159236, 100.0
63.16316316316316, 34.73787857746227, 731.8104014705957, 10.035136727961536, 100.0
63.26326326326327, 34.731716299938626, 731.1883332043291, 10.035177046428611, 100.0
63.36336336336337, 34.72555366080855, 730.5666548944605, 10.035217347563783, 100.0
63.46346346346346, 34.71939066045897, 729.9453664065292, 10.035257631370376, 100.0
63.56356356356356, 34.71322729927676, 729.3244676060746, 10.035297897851713, 100.0
63.66366366366367, 34.707063577648825, 728.7039583586358, 10.035338147011117, 100.0
63.76376376376377, 34.70089949596206, 728.0838385297524, 10.035378378851913, 100.0
63.86386386386386, 34.69473505460337, 727.4641079849637, 10.035418593377418, 100.0
63.96396396396397, 34.68857025395965, 726.844766589809, 10.035458790590964, 100.0
64.06406406406407, 34.68240510828187, 726.2258144077545, 10.035498970505232, 100.0
64.16416416416416, 34.67623961006655, 725.6072511916946, 10.035539133118219, 100.0
64.26426426426426, 34.670073755708614, 724.9890767501779, 10.035579278430546, 100.0
64.36436436436438, 34.663907545661424, 724.3712909496933, 10.035619406445589, 100.0
64.46446446446447, 34.657740980378385, 723.7538936567294, 10.03565951716671, 100.0
64.56456456456456, 34.65157406031289, 723.1368847377747, 10.035699610597279, 100.0
64.66466466466467, 34.64540678591833, 722.5202640593178, 10.035739686740662, 100.0
64.76476476476478, 34.6392391576481, 721.9040314878475, 10.03577974560023, 100.0
64.86486486486487, 34.63307117595558, 721.2881868898523, 10.03581978717935, 100.0
64.96496496496496, 34.626902841294175, 720.6727301318209, 10.035859811481387, 100.0
65.06506506506507, 34.620734154117265, 720.0576610802418, 10.035899818509712, 100.0
65.16516516516516, 34.614565114878246, 719.4429796016038, 10.03593980826769, 100.0
65.26526526526527, 34.608395724030515, 718.8286855623955, 10.035979780758694, 100.0
65.36536536536536, 34.60222598202747, 718.2147788291055, 10.03601973598609, 100.0
65.46546546546547, 34.59605588932247, 717.6012592682223, 10.036059673953242, 100.0
65.56556556556556, 34.589885446368946, 716.9881267462347, 10.036099594663522, 100.0
65.66566566566567, 34.58371465362027, 716.3753811296313, 10.036139498120294, 100.0
65.76576576576578, 34.57754351152983, 715.7630222849007, 10.036179384326932, 100.0
65.86586586586587, 34.571372020551024, 715.1510500785314, 10.036219253286799, 100.0
65.96596596596596, 34.56520018113725, 714.5394643770123, 10.036259105003264, 100.0
66.06606606606607, 34.55902799374189, 713.9282650468318, 10.036298939479696, 100.0
66.16616616616618, 34.552855458818335, 713.3174519544787, 10.036338756719463, 100.0
66.26626626626627, 34.54668257681998, 712.7070249664415, 10.03637855672593, 100.0
66.36636636636636, 34.540509348200224, 712.096983949209, 10.03641833950247, 100.0
66.46646646646647, 34.534335773412444, 711.4873287692695, 10.036458105052446, 100.0
66.56656656656658, 34.528161852910046, 710.878059293112, 10.036497853379231, 100.0
66.66666666666667, 34.52198758714641, 710.2691753872249, 10.036537584486187, 100.0
66.76676676676676, 34.515812976574935, 709.660676918097, 10.036577298376686, 100.0
66.86686686686687, 34.50963803440555, 709.0525639682979, 10.036616995064445, 100.0
66.96696696696698, 34.50346275476643, 708.4448362971744, 10.0366566745477, 100.0
67.06706706706707, 34.49728713360121, 707.8374936948252, 10.03669633682616, 100.0
67.16716716716716, 34.49111117142785, 707.2305360288323, 10.036735981903247, 100.0
67.26726726726727, 34.484934868764306, 706.623963166778, 10.036775609782376, 100.0
67.36736736736736, 34.47875822612851, 706.0177749762446, 10.036815220466973, 100.0
67.46746746746747, 34.47258124403844, 705.4119713248143, 10.036854813960456, 100.0
67.56756756756758, 34.466403923012024, 704.806552080069, 10.036894390266244, 100.0
67.66766766766767, 34.46022626356723, 704.2015171095912, 10.036933949387759, 100.0
67.76776776776777, 34.454048266221996, 703.5968662809631, 10.036973491328423, 100.0
67.86786786786787, 34.44786993149429, 702.992599461767, 10.037013016091652, 100.0
67.96796796796798, 34.44169125990204, 702.3887165195847, 10.037052523680872, 100.0
68.06806806806807, 34.435512251963225, 701.7852173219986, 10.037092014099496, 100.0
68.16816816816817, 34.429332908195775, 701.1821017365911, 10.037131487350951, 100.0
68.26826826826826, 34.42315322911766, 700.5793696309443, 10.037170943438651, 100.0
68.36836836836838, 34.41697321524682, 699.9770208726402, 10.037210382366023, 100.0
68.46846846846847, 34.4107928671012, 699.3750553292612, 10.037249804136483, 100.0
68.56856856856857, 34.40461218519877, 698.7734728683894, 10.037289208753455, 100.0
68.66866866866867, 34.398431170057464, 698.1722733576071, 10.037328596220354, 100.0
68.76876876876878, 34.39224982219525, 697.5714566644964, 10.037367966540604, 100.0
68.86886886886887, 34.386068142130064, 696.9710226566395, 10.037407319717625, 100.0
68.96896896896897, 34.37988613037987, 696.3709712016189, 10.037446655754833, 100.0
69.06906906906907, 34.37370378746262, 695.7713021670164, 10.037485974655656, 100.0
69.16916916916917, 34.367521113896245, 695.1720154204144, 10.037525276423509, 100.0
69.26926926926927, 34.361338110198716, 694.5731108293951, 10.037564561061814, 100.0
69.36936936936938, 34.355154776887986, 693.9745882615405, 10.03760382857399, 100.0
69.46946946946947, 34.348971114482005, 693.3764475844331, 10.037643078963459, 100.0
69.56956956956957, 34.34278712349872, 692.778688665655, 10.03768231223364, 100.0
69.66966966966967, 34.336602879756335, 692.1813125606502, 10.037721528445763, 100.0
69.76976976976978, 34.330418246552746, 691.5843169723538, 10.037760727497902, 100.0
69.86986986986987, 34.32423328943943, 690.9877027942523, 10.037799909443406, 100.0
69.96996996996997, 34.31804800894009, 690.3914698940185, 10.037839074285698, 100.0
70.07007007007007, 34.31186240558109, 689.7956181393675, 10.037878222028205, 100.0
70.17017017017018, 34.30567647989141, 689.2001473980554, 10.037917352674356, 100.0
70.27027027027027, 34.299490232402704, 688.6050575378804, 10.037956466227584, 100.0
70.37037037037037, 34.293303663649226, 688.010348426682, 10.037995562691318, 100.0
70.47047047047047, 34.28711677416787, 687.4160199323411, 10.038034642068995, 100.0
70.57057057057058, 34.280929564498194, 686.822071922781, 10.03807370436405, 100.0
70.67067067067067, 34.27474203518238, 686.2285042659657, 10.038112749579927, 100.0
70.77077077077077, 34.26855418676523, 685.6353168299015, 10.03815177772006, 100.0
70.87087087087087, 34.2623660197942, 685.0425094826356, 10.038190788787897, 100.0
70.97097097097098, 34.25617753481938, 684.4500820922576, 10.03822978278688, 100.0
71.07107107107107, 34.249988732393504, 683.858034526898, 10.03826875972046, 100.0
71.17117117117117, 34.243799613071936, 683.2663666547293, 10.038307719592082, 100.0
71.27127127127127, 34.237610177412655, 682.6750783439653, 10.038346662405196, 100.0
71.37137137137137, 34.23142042597633, 682.0841694628618, 10.03838558816326, 100.0
71.47147147147147, 34.225230359326225, 681.4936398797159, 10.038424496869725, 100.0
71.57157157157158, 34.21903997802825, 680.9034894628664, 10.038463388528053, 100.0
71.67167167167167, 34.21284928265094, 680.3137180806938, 10.038502263141698, 100.0
71.77177177177177, 34.20665827376551, 679.7243256016197, 10.038541120714122, 100.0
71.87187187187187, 34.20046695194577, 679.1353118941082, 10.03857996124879, 100.0
71.97197197197198, 34.194275317768174, 678.546676826664, 10.038618784749167, 100.0
72.07207207207207, 34.18808337181183, 677.9584202678343, 10.038657591218719, 100.0
72.17217217217217, 34.18189111465847, 677.3705420862071, 10.038696380660916, 100.0
72.27227227227228, 34.17569854689246, 676.7830421504126, 10.03873515307923, 100.0
72.37237237237238, 34.16950566910082, 676.1959203291224, 10.038773908477133, 100.0
72.47247247247248, 34.163312491850014, 675.6091766579625, 10.038812646866381, 100.0
72.57257257257257, 34.15711901256748, 675.0228109527394, 10.038851368247826, 100.0
72.67267267267268, 34.150925226815524, 674.4368229980537, 10.03889007262077, 100.0
72.77277277277278, 34.14473113527639, 673.8512126641606, 10.038928759988766, 100.0
72.87287287287288, 34.13853673863661, 673.2659798213834, 10.038967430355363, 100.0
72.97297297297297, 34.13234203758695, 672.681124340115, 10.039006083724127, 100.0
73.07307307307308, 34.12614703282248, 672.096646090817, 10.039044720098616, 100.0
73.17317317317318, 34.119951725042526, 671.5125449440199, 10.039083339482398, 100.0
73.27327327327328, 34.11375611495069, 670.9288207703229, 10.039121941879035, 100.0
73.37337337337338, 34.10756020325482, 670.3454734403949, 10.039160527292108, 100.0
73.47347347347348, 34.10136399066709, 669.7625028249728, 10.039199095725186, 100.0
73.57357357357357, 34.095167477903885, 669.1799087948632, 10.03923764718185, 100.0
73.67367367367368, 34.0889706656859, 668.5976912209411, 10.039276181665683, 100.0
73.77377377377378, 34.08277355473808, 668.0158499741507, 10.039314699180267, 100.0
73.87387387387388, 34.07657614578966, 667.434384925505, 10.039353199729193, 100.0
73.97397397397397, 34.07037843957412, 666.8532959460861, 10.039391683316056, 100.0
74.07407407407409, 34.06418043682924, 666.2725829070448, 10.039430149944447, 100.0
74.17417417417418, 34.05798213829705, 665.6922456796012, 10.03946859961797, 100.0
74.27427427427428, 34.05178354472386, 665.1122841350439, 10.039507032340223, 100.0
74.37437437437437, 34.04558465686025, 664.5326981447306, 10.039545448114813, 100.0
74.47447447447448, 34.03938547546106, 663.9534875800882, 10.03958384694535, 100.0
74.57457457457458, 34.03318600128542, 663.374652312612, 10.039622228835448, 100.0
74.67467467467468, 34.02698623509672, 662.796192213867, 10.039660593788719, 100.0
74.77477477477477, 34.020786177662615, 662.2181071554862, 10.039698941808785, 100.0
74.87487487487488, 34.01458582975504, 661.6403970091723, 10.039737272899268, 100.0
74.97497497497498, 34.00838519215021, 661.0630616466964, 10.039775587063795, 100.0
75.07507507507508, 34.00218426562859, 660.486100939899, 10.039813884305993, 100.0
75.17517517517518, 33.99598305097492, 659.909514760689, 10.0398521646295, 100.0
75.27527527527528, 33.98978154897823, 659.333302981045, 10.039890428037944, 100.0
75.37537537537538, 33.983579760431795, 658.7574654730137, 10.039928674534973, 100.0
75.47547547547548, 33.97737768613319, 658.1820021087112, 10.039966904124228, 100.0
75.57557557557558, 33.97117532688422, 657.6069127603225, 10.040005116809349, 100.0
75.67567567567568, 33.964972683491006, 657.0321973001014, 10.040043312593992, 100.0
75.77577577577577, 33.9587697570489, 656.4578555999911, 10.04008149148208, 100.0
75.87587587587588, 33.95256654839135, 655.8838875323584, 10.040119653477285, 100.0
75.97597597597598, 33.946363058096324, 655.3102929699846, 10.040157798583042, 100.0
76.07607607607608, 33.94015928698999, 654.7370717853956, 10.040195926803014, 100.0
76.17617617617617, 33.93395523590288, 654.164223851186, 10.04023403814087, 100.0
76.27627627627629, 33.92775090566982, 653.5917490400188, 10.040272132600286, 100.0
76.37637637637638, 33.921546297129986, 653.0196472246264, 10.040310210184936, 100.0
76.47647647647648, 33.91534141112688, 652.4479182778097, 10.0403482708985, 100.0
76.57657657657657, 33.90913624850834, 651.8765620724387, 10.040386314744662, 100.0
76.67667667667668, 33.902930810126506, 651.305578481452, 10.04042434172711, 100.0
76.77677677677679, 33.89672509683789, 650.7349673778575, 10.040462351849532, 100.0
76.87687687687688, 33.89051910950328, 650.1647286347313, 10.040500345115621, 100.0
76.97697697697699, 33.88431284898784, 649.5948621252189, 10.040538321529077, 100.0
77.07707707707708, 33.87810631616104, 649.0253677225346, 10.040576281093598, 100.0
77.17717717717719, 33.87189951189668, 648.4562452999612, 10.040614223812888, 100.0
77.27727727727728, 33.865692437072894, 647.8874947308508, 10.040652149690658, 100.0
77.37737737737739, 33.85948509257214, 647.3191158886239, 10.040690058730613, 100.0
77.47747747747748, 33.85327747928122, 646.7511086467703, 10.040727950936471, 100.0
77.57757757757759, 33.84706959809124, 646.1834728788483, 10.04076582631195, 100.0
77.67767767767768, 33.84086144989765, 645.6162084584854, 10.040803684860768, 100.0
77.77777777777779, 33.83465303560022, 645.0493152593775, 10.040841526586654, 100.0
77.87787787787788, 33.82844435610308, 644.48279315529, 10.040879351493329, 100.0
77.97797797797797, 33.82223541231463, 643.9166420200564, 10.040917159584533, 100.0
78.0780780780781, 33.81602620514766, 643.3508617275797, 10.040954950863993, 100.0
78.17817817817819, 33.80981673551925, 642.7854521518314, 10.040992725335455, 100.0
78.27827827827828, 33.80360700435083, 642.2204131668519, 10.041030483002654, 100.0
78.37837837837837, 33.79739701256814, 641.6557446467507, 10.041068223869337, 100.0
78.4784784784785, 33.791186761101265, 641.0914464657056, 10.041105947939256, 100.0
78.57857857857859, 33.78497625088461, 640.527518497964, 10.041143655216157, 100.0
78.67867867867868, 33.77876548285692, 639.9639606178416, 10.041181345703801, 100.0
78.77877877877879, 33.77255445796125, 639.4007726997231, 10.041219019405942, 100.0
78.87887887887888, 33.766343177144996, 638.8379546180622, 10.041256676326348, 100.0
78.97897897897899, 33.76013164135989, 638.2755062473813, 10.041294316468779, 100.0
79.07907907907908, 33.75391984785691, 637.7134274158185, 10.041331939835025, 100.0
79.17917917917919, 33.74770779505833, 637.1517179662118, 10.041369546427495, 100.0
79.27927927927928, 33.74149548910274, 636.5903778381588, 10.04140713625274, 100.0
79.37937937937939, 33.73528293090793, 636.0294069058151, 10.041444709314508, 100.0
79.47947947947948, 33.72907012139503, 635.4688050433925, 10.041482265616557, 100.0
79.57957957957959, 33.722857061488504, 634.9085721251589, 10.041519805162643, 100.0
79.67967967967968, 33.71664375211617, 634.3487080254392, 10.041557327956529, 100.0
79.77977977977979, 33.710430194209145, 633.7892126186142, 10.041594834001975, 100.0
79.8798798798799, 33.7042163887019, 633.2300857791213, 10.04163232330275, 100.0
79.97997997997999, 33.69800233653226, 632.6713273814543, 10.041669795862626, 100.0
80.08008008008008, 33.69178803864136, 632.1129373001634, 10.04170725168537, 100.0
80.18018018018017, 33.68557349597368, 631.5549154098552, 10.04174469077476, 100.0
80.2802802802803, 33.67935870947703, 630.9972615851926, 10.041782113134575, 100.0
80.38038038038039, 33.67314368010256, 630.4399757008952, 10.041819518768595, 100.0
80.48048048048048, 33.666928408804765, 629.8830576317387, 10.041856907680604, 100.0
80.58058058058057, 33.66071289654146, 629.3265072525551, 10.041894279874388, 100.0
80.6806806806807, 33.654497144273805, 628.7703244382333, 10.04193163535374, 100.0
80.78078078078079, 33.64828115296629, 628.2145090637181, 10.04196897412245, 100.0
80.88088088088088, 33.642064923586744, 627.659061004011, 10.04200629618431, 100.0
80.98098098098099, 33.63584845710633, 627.1039801341698, 10.042043601543126, 100.0
81.08108108108108, 33.62963175449954, 626.5492663293086, 10.042080890202696, 100.0
81.18118118118119, 33.62341481674422, 625.9949194645982, 10.042118162166826, 100.0
81.28128128128128, 33.617197644821545, 625.4409394152655, 10.042155417439318, 100.0
81.38138138138139, 33.610980239716, 624.8873260565938, 10.042192656023989, 100.0
81.48148148148148, 33.60476260241545, 624.3340792639231, 10.042229877924647, 100.0
81.58158158158159, 33.598544733911055, 623.7811989126495, 10.04226708314511, 100.0
81.6816816816817, 33.59232663519733, 623.2286848782256, 10.042304271689193, 100.0
81.78178178178179, 33.586108307272134, 622.6765370361605, 10.042341443560726, 100.0
81.88188188188188, 33.57988975113664, 622.1247552620198, 10.042378598763527, 100.0
81.98198198198199, 33.573670967795366, 621.573339431425, 10.042415737301425, 100.0
82.0820820820821, 33.56745195825617, 621.0222894200543, 10.042452859178253, 100.0
82.18218218218219, 33.561232723530246, 620.4716051036426, 10.04248996439784, 100.0
82.28228228228228, 33.55501326463212, 619.9212863579808, 10.042527052964024, 100.0
82.38238238238237, 33.54879358208766, 619.3713330410847, 10.042564124879977, 100.0
82.4824824824825, 33.542573676005986, 618.8217449958004, 10.042601180148294, 100.0
82.58258258258259, 33.53635354861043, 618.2725221415379, 10.042638218774458, 100.0
82.68268268268268, 33.530133200918996, 617.7236643539563, 10.042675240762298, 100.0
82.78278278278279, 33.523912633952826, 617.1751715087638, 10.042712246115657, 100.0
82.8828828828829, 33.517691848736206, 616.627043481718, 10.04274923483837, 100.0
82.98298298298299, 33.51147084629656, 616.0792801486265, 10.04278620693428, 100.0
83.08308308308308, 33.50524962766447, 615.5318813853456, 10.042823162407235, 100.0
83.18318318318319, 33.49902819387364, 614.9848470677816, 10.042860101261079, 100.0
83.28328328328328, 33.49280654596093, 614.4381770718901, 10.04289702349966, 100.0
83.38338338338339, 33.486584684966346, 613.891871273676, 10.04293392912684, 100.0
83.48348348348348, 33.48036261193304, 613.3459295491938, 10.042970818146467, 100.0
83.58358358358359, 33.4741403279073, 612.8003517745474, 10.043007690562401, 100.0
83.68368368368368, 33.467917833938564, 612.2551378258902, 10.043044546378503, 100.0
83.78378378378379, 33.461695131079395, 611.710287579425, 10.043081385598638, 100.0
83.8838838838839, 33.45547222038553, 611.165800911404, 10.043118208226671, 100.0
83.98398398398399, 33.449249102915836, 610.621677698129, 10.04315501426647, 100.0
84.08408408408408, 33.44302577973232, 610.0779178159513, 10.043191803721907, 100.0
84.18418418418419, 33.43680225190012, 609.5345211412713, 10.043228576596857, 100.0
84.2842842842843, 33.43057852048755, 608.991487550539, 10.043265332895194, 100.0
84.38438438438439, 33.42435458656605, 608.4488169202541, 10.0433020726208, 100.0
84.48448448448448, 33.418130451210196, 607.9065091269655, 10.043338795777558, 100.0
84.58458458458459, 33.41190611549773, 607.3645640472716, 10.04337550236935, 100.0
84.6846846846847, 33.40568158050951, 606.8229815578203, 10.043412192400062, 100.0
84.78478478478479, 33.39945684732955, 606.281761535309, 10.043448865873588, 100.0
84.88488488488488, 33.39323191704503, 605.7409038564842, 10.04348552279382, 100.0
84.98498498498499, 33.387006790746234, 605.2004083981424, 10.04352216316465, 100.0
85.08508508508508, 33.38078146952662, 604.6602750371289, 10.043558786989978, 100.0
85.18518518518519, 33.374555954482766, 604.1205036503393, 10.043595394273703, 100.0
85.28528528528528, 33.36833024671442, 603.5810941147179, 10.043631985019731, 100.0
85.38538538538539, 33.362104347324454, 603.0420463072585, 10.043668559231966, 100.0
85.48548548548548, 33.355878257418894, 602.503360105005, 10.043705116914316, 100.0
85.58558558558559, 33.3496519781069, 601.96503538505, 10.043741658070692, 100.0
85.6856856856857, 33.34342551165288, 601.4270720263856, 10.043778182705227, 100.0
85.78578578578579, 33.337198864807775, 600.8894699152526, 10.043814690822899, 100.0
85.88588588588588, 33.33097203276834, 600.3522289193834, 10.043851182426511, 100.0
85.98598598598599, 33.32474501669808, 599.8153489161361, 10.043887657519992, 100.0
86.0860860860861, 33.31851781776449, 599.2788297829193, 10.043924116107274, 100.0
86.18618618618619, 33.312290437139005, 598.7426713971921, 10.04396055819229, 100.0
86.28628628628628, 33.306062875997, 598.2068736364647, 10.043996983778984, 100.0
86.38638638638639, 33.299835135517846, 597.671436378298, 10.04403339287129, 100.0
86.4864864864865, 33.29360721688484, 597.1363595003033, 10.044069785473155, 100.0
86.58658658658659, 33.28737912128525, 596.6016428801433, 10.044106161588525, 100.0
86.68668668668668, 33.28115084991029, 596.0672863955309, 10.044142521221348, 100.0
86.78678678678679, 33.27492240395515, 595.5332899242297, 10.044178864375576, 100.0
86.8868868868869, 33.268693784618975, 594.9996533440548, 10.044215191055164, 100.0
86.98698698698699, 33.26246499310484, 594.4663765328711, 10.044251501264071, 100.0
87.08708708708708, 33.25623603061982, 593.933459368595, 10.044287795006253, 100.0
87.18718718718719, 33.250006898374906, 593.4009017291933, 10.04432407228568, 100.0
87.28728728728728, 33.24377759758508, 592.8687034926835, 10.044360333106312, 100.0
87.38738738738739, 33.23754812946925, 592.3368645371343, 10.044396577472119, 100.0
87.4874874874875, 33.23131849525032, 591.8053847406643, 10.044432805387075, 100.0
87.58758758758759, 33.225088696155126, 591.274263981444, 10.04446901685515, 100.0
87.68768768768768, 33.21885873341446, 590.7435021376938, 10.044505211880324, 100.0
87.78778778778779, 33.212628608263074, 590.2130990876849, 10.044541390466577, 100.0
87.8878878878879, 33.20639832193969, 589.6830547097397, 10.04457755261789, 100.0
87.98798798798799, 33.20016787568697, 589.1533688822312, 10.04461369833825, 100.0
88.08808808808809, 33.193937270751555, 588.6240414835828, 10.044649827631643, 100.0
88.18818818818819, 33.18770650838402, 588.0950723922692, 10.044685940502065, 100.0
88.2882882882883, 33.18147558983891, 587.5664614868155, 10.044722036953502, 100.0
88.38838838838839, 33.175244516374725, 587.0382086457975, 10.044758116989959, 100.0
88.48848848848849, 33.169013289253925, 586.5103137478421, 10.044794180615428, 100.0
88.58858858858859, 33.16278190974293, 585.9827766716267, 10.044830227833918, 100.0
88.6886886886887, 33.15655037911211, 585.4555972958796, 10.044866258649428, 100.0
88.78878878878879, 33.15031869863579, 584.9287754993794, 10.04490227306597, 100.0
88.88888888888889, 33.14408686959227, 584.4023111609564, 10.044938271087554, 100.0
88.988988988989, 33.13785489342382, 583.8762041608184, 10.04497425271829, 100.0
89.0890890890891, 33.131622776561805, 583.3504544205834, 10.045010217965347, 100.0
89.1891891891892, 33.12539051559148, 582.8250617801992, 10.04504616682986, 100.0
89.2892892892893, 33.119158111836015, 582.3000261189399, 10.045082099315872, 100.0
89.3893893893894, 33.11292556662315, 581.7753473161346, 10.045118015427423, 100.0
89.48948948948949, 33.1066928812851, 581.2510252511686, 10.045153915168559, 100.0
89.5895895895896, 33.10046005715864, 580.7270598034818, 10.045189798543332, 100.0
89.6896896896897, 33.09422709558507, 580.2034508525702, 10.04522566555579, 100.0
89.7897897897898, 33.08799399791019, 579.6801982779851, 10.045261516209992, 100.0
89.88988988988989, 33.08176076548434, 579.1573019593333, 10.045297350509992, 100.0
89.98998998999, 33.07552739966239, 578.6347617762767, 10.045333168459859, 100.0
90.0900900900901, 33.06929390180373, 578.1125776085332, 10.045368970063649, 100.0
90.1901901901902, 33.06306027327227, 577.5907493358758, 10.045404755325436, 100.0
90.29029029029029, 33.05682651543646, 577.0692768381333, 10.045440524249289, 100.0
90.3903903903904, 33.05059262966926, 576.5481599951894, 10.045476276839281, 100.0
90.4904904904905, 33.04435861734816, 576.027398686984, 10.045512013099493, 100.0
90.5905905905906, 33.03812447985517, 575.506992793512, 10.045547733034002, 100.0
90.69069069069069, 33.03189021857684, 574.9869421948237, 10.045583436646892, 100.0
90.7907907907908, 33.02565583490423, 574.4672467710251, 10.045619123942252, 100.0
90.8908908908909, 33.01942133023293, 573.9479064022776, 10.045654794924168, 100.0
90.990990990991, 33.013186705963065, 573.428920968798, 10.045690449596737, 100.0
91.09109109109109, 33.00695196349926, 572.9102903508586, 10.045726087964054, 100.0
91.1911911911912, 33.000717104250704, 572.3920144287873, 10.045761710030218, 100.0
91.2912912912913, 32.99448212963107, 571.8740930829674, 10.045797315799332, 100.0
91.3913913913914, 32.98824704105858, 571.3565261938375, 10.0458329052755, 100.0
91.4914914914915, 32.98201183995598, 570.8393136418915, 10.04586847846283, 100.0
91.5915915915916, 32.975776527750526, 570.3224553076795, 10.04590403536544, 100.0
91.69169169169169, 32.96954110587402, 569.8059510718065, 10.045939575987438, 100.0
91.7917917917918, 32.96330557576278, 569.289800814933, 10.045975100332948, 100.0
91.8918918918919, 32.95706993885764, 568.7740044177749, 10.046010608406085, 100.0
91.991991991992, 32.95083419660397, 568.258561761104, 10.04604610021098, 100.0
92.09209209209209, 32.94459835045167, 567.7434727257472, 10.046081575751757, 100.0
92.19219219219221, 32.938362401855144, 567.2287371925867, 10.046117035032545, 100.0
92.2922922922923, 32.93212635227335, 566.7143550425606, 10.046152478057483, 100.0
92.3923923923924, 32.925890202793944, 566.2003261923211, 10.046187904833676, 100.0
92.49249249249249, 32.91965395517885, 565.6866504950267, 10.04622331536294, 100.0
92.5925925925926, 32.913417610934644, 565.1733278285499, 10.046258709649152, 100.0
92.6926926926927, 32.907181171536116, 564.6603580742649, 10.046294087696472, 100.0
92.7927927927928, 32.90094463846253, 564.1477411136052, 10.046329449509072, 100.0
92.89289289289289, 32.894708013197636, 563.6354768280642, 10.04636479509112, 100.0
92.992992992993, 32.88847129722966, 563.1235650991948, 10.046400124446793, 100.0
93.0930930930931, 32.88223449205132, 562.6120058086094, 10.046435437580268, 100.0
93.1931931931932, 32.87599759915979, 562.1007988379803, 10.04647073449573, 100.0
93.2932932932933, 32.86976062005676, 561.5899440690388, 10.046506015197359, 100.0
93.3933933933934, 32.86352355624839, 561.0794413835762, 10.046541279689349, 100.0
93.4934934934935, 32.857286409245305, 560.5692906634433, 10.046576527975887, 100.0
93.5935935935936, 32.85104918056263, 560.0594917905505, 10.046611760061174, 100.0
93.6936936936937, 32.844811871719976, 559.5500446468677, 10.046646975949404, 100.0
93.7937937937938, 32.83857448424141, 559.0409491144246, 10.046682175644786, 100.0
93.89389389389389, 32.83233701965552, 558.53220507531, 10.04671735915152, 100.0
93.99399399399401, 32.826099479495326, 558.0238124116728, 10.046752526473819, 100.0
94.0940940940941, 32.81986186529837, 557.5157710057211, 10.046787677615898, 100.0
94.1941941941942, 32.813624178606666, 557.008080739723, 10.046822812581969, 100.0
94.29429429429429, 32.8073864209667, 556.5007414960058, 10.046857931376255, 100.0
94.39439439439441, 32.80114859392945, 555.9937531569565, 10.046893034002979, 100.0
94.4944944944945, 32.79491069905036, 555.4871156050216, 10.046928120466367, 100.0
94.5945945945946, 32.788672737889385, 554.9808287227075, 10.046963190770652, 100.0
94.69469469469469, 32.78243471201093, 554.4748923925798, 10.046998244920065, 100.0
94.7947947947948, 32.77619662298392, 553.9693064972638, 10.047033282918848, 100.0
94.8948948948949, 32.769958472381695, 553.4640709194446, 10.047068304771239, 100.0
94.994994994995, 32.763720261782154, 552.9591855418665, 10.047103310481484, 100.0
95.0950950950951, 32.75748199276764, 552.4546502473336, 10.047138300053827, 100.0
95.1951951951952, 32.75124366692497, 551.9504649187097, 10.047173273492524, 100.0
95.2952952952953, 32.74500528584546, 551.446629438918, 10.04720823080183, 100.0
95.3953953953954, 32.73876685112489, 550.9431436909412, 10.047243171986002, 100.0
95.4954954954955, 32.73252836436355, 550.4400075578217, 10.047278097049302, 100.0
95.5955955955956, 32.7262898271662, 549.9372209226616, 10.047313005995997, 100.0
95.6956956956957, 32.72005124251111, 549.434783687432, 10.047347898832442, 100.0
95.7957957957958, 32.71381261119251, 548.9326957240947, 10.047382775561664, 100.0
95.8958958958959, 32.70757393448085, 548.4309569111527, 10.047417636187404, 100.0
95.995995995996, 32.70133521400838, 547.9295671320781, 10.04745248071396, 100.0
96.09609609609609, 32.69509645141203, 547.4285262704046, 10.047487309145625, 100.0
96.19619619619621, 32.68885764833336, 546.927834209728, 10.047522121486702, 100.0
96.2962962962963, 32.68261880641864, 546.4274908337067, 10.047556917741499, 100.0
96.3963963963964, 32.67637992731876, 545.9274960260607, 10.047591697914322, 100.0
96.49649649649649, 32.670141012689335, 545.4278496705723, 10.047626462009484, 100.0
96.59659659659661, 32.66390206419058, 544.9285516510861, 10.047661210031306, 100.0
96.6966966966967, 32.65766308348742, 544.4296018515087, 10.047695941984102, 100.0
96.7967967967968, 32.65142407224943, 543.9310001558084, 10.0477306578722, 100.0
96.8968968968969, 32.645185032150856, 543.4327464480162, 10.047765357699927, 100.0
96.996996996997, 32.63894596487061, 542.9348406122251, 10.047800041471618, 100.0
97.0970970970971, 32.63270687209226, 542.43728253259, 10.047834709191601, 100.0
97.1971971971972, 32.62646775550405, 541.9400720933278, 10.047869360864222, 100.0
97.2972972972973, 32.62022861679889, 541.4432091787177, 10.047903996493822, 100.0
97.3973973973974, 32.61398945767436, 540.9466936731013, 10.047938616084748, 100.0
97.4974974974975, 32.60775027983268, 540.450525460882, 10.04797321964135, 100.0
97.5975975975976, 32.60151108498077, 539.9547044265252, 10.048007807167982, 100.0
97.6976976976977, 32.595271874830196, 539.4592304545583, 10.048042378669003, 100.0
97.7977977977978, 32.5890326510972, 538.9641034295715, 10.048076934148774, 100.0
97.8978978978979, 32.58279341550268, 538.4693232362166, 10.048111473611662, 100.0
97.99799799799801, 32.5765541697722, 537.9748897592073, 10.048145997062033, 100.0
98.0980980980981, 32.570314915636, 537.4808028833199, 10.048180504504266, 100.0
98.1981981981982, 32.564075654828976, 536.9870624933926, 10.04821499594273, 100.0
98.29829829829829, 32.5578363890907, 536.4936684743257, 10.048249471381816, 100.0
98.39839839839841, 32.55159712016541, 536.0006207110814, 10.0482839308259, 100.0
98.4984984984985, 32.54535784980199, 535.5079190886845, 10.048318374279372, 100.0
98.5985985985986, 32.53911857975401, 535.0155634922216, 10.048352801746628, 100.0
98.69869869869869, 32.532879311779695, 534.5235538068415, 10.048387213232058, 100.0
98.79879879879881, 32.52664004764195, 534.0318899177548, 10.048421608740066, 100.0
98.8988988988989, 32.52040078910833, 533.5405717102348, 10.048455988275053, 100.0
98.998998998999, 32.5141615459348, 533.0495990872344, 10.048490351844316, 100.0
99.0990990990991, 32.5079223168459, 532.5589719274152, 10.048524699451164, 100.0
99.1991991991992, 32.50168309971913, 532.0686901076213, 10.048559031098595, 100.0
99.2992992992993, 32.495443896377374, 531.5787535134549, 10.048593346791044, 100.0
99.3993993993994, 32.489204708648714, 531.0891620305814, 10.048627646532942, 100.0
99.4994994994995, 32.4829655383664, 530.5999155447299, 10.048661930328734, 100.0
99.5995995995996, 32.47672638736893, 530.1110139416925, 10.048696198182856, 100.0
99.6996996996997, 32.470487257499954, 529.6224571073246, 10.048730450099763, 100.0
99.79979979979981, 32.46424815060834, 529.134244927545, 10.048764686083905, 100.0
99.8998998998999, 32.45800906854816, 528.6463772883354, 10.048798906139734, 100.0
100.0, 32.45177001317866, 528.1588540757415, 10.048833110271712, 100.0
