Initial conditions: Te0=800.0, Ti0=1200.0, rho0=22.22222222222222, Rh0=45.0
t (ps), Te (keV), Ti (keV), rho (g/cm^3), Rh (um)
0.0, 800.0, 1200.0, 22.22222222222222, 45.0
0.1001001001001001, 88.79591147831091, 1199.6598883161985, 22.233093334081044, 45.0
0.2002002002002002, 67.39153420776121, 1198.9555674342198, 22.23450053563351, 45.0
0.3003003003003003, 57.70959228383006, 1198.0010679172221, 22.23534178904975, 45.0
0.4004004004004004, 52.02884889666329, 1196.8495403336624, 22.235956927433858, 45.0
0.5005005005005005, 48.30325271427161, 1195.5386638768566, 22.236452537143098, 45.0
0.6006006006006006, 45.70980112319703, 1194.0983785442368, 22.236875960522237, 45.0
0.7007007007007008, 43.838889872065174, 1192.5533974924076, 22.237252283147253, 45.0
0.8008008008008008, 42.45793940806817, 1190.9242895735356, 22.237596308801447, 45.0
0.9009009009009009, 41.422675435936355, 1189.2281089651729, 22.23791742451277, 45.0
1.001001001001001, 40.637919261023725, 1187.4788786641834, 22.2382218905883, 45.0
1.1011011011011012, 40.03808443603519, 1185.6880218501076, 22.238514037575026, 45.0
1.2012012012012012, 39.57654538480269, 1183.864761477217, 22.238796943329632, 45.0
1.3013013013013013, 39.21940370236568, 1182.0164860114442, 22.239072840274474, 45.0
1.4014014014014016, 38.94160860690009, 1180.1490754125016, 22.2393433728015, 45.0
1.5015015015015014, 38.724425099436374, 1178.2671838199383, 22.239609766527753, 45.0
1.6016016016016017, 38.55371726689913, 1176.3744790528808, 22.239872943263425, 45.0
1.7017017017017018, 38.4187487018819, 1174.4738416412026, 22.240133601193182, 45.0
1.8018018018018018, 38.31132402743039, 1172.5675276232241, 22.240392272029194, 45.0
1.901901901901902, 38.22516375340815, 1170.6573001686313, 22.240649362427355, 45.0
2.002002002002002, 38.15544228131059, 1168.744534967897, 22.240905184441957, 45.0
2.1021021021021022, 38.09844307049558, 1166.830303982728, 22.241159978150353, 45.0
2.2022022022022023, 38.051298299728124, 1164.9154417220127, 22.24141392866495, 45.0
2.3023023023023024, 38.01179214711385, 1163.000597284694, 22.241667178942166, 45.0
2.4024024024024024, 37.978210510985555, 1161.0862752625633, 22.241919839539857, 45.0
2.5025025025025025, 37.94922620534298, 1159.172867700739, 22.24217199605418, 45.0
2.6026026026026026, 37.923810843730614, 1157.2606790604805, 22.242423714817352, 45.0
2.702702702702703, 37.901167166675286, 1155.3499456575773, 22.242675047267298, 45.0
2.802802802802803, 37.88067655371885, 1153.4408508793467, 22.242926033333745, 45.0
2.9029029029029028, 37.86185893159569, 1151.5335369222064, 22.24317670402222, 45.0
3.003003003003003, 37.84434155314943, 1149.6281139820687, 22.24342708342548, 45.0
3.1031031031031033, 37.82783487376409, 1147.7246673931284, 22.24367719027712, 45.0
3.2032032032032034, 37.81211394739981, 1145.8232631536387, 22.24392703914941, 45.0
3.3033033033033035, 37.797003930133194, 1143.9239522450373, 22.244176641386705, 45.0
3.4034034034034035, 37.78236889395365, 1142.026773972531, 22.244426005825616, 45.0
3.503503503503504, 37.76810313581998, 1140.1317585652612, 22.244675139354637, 45.0
3.6036036036036037, 37.75412443747329, 1138.238929195808, 22.244924047348203, 45.0
3.703703703703704, 37.74036887832797, 1136.3483035363781, 22.245172734000793, 45.0
3.803803803803804, 37.72678663559685, 1134.4598950191212, 22.24542120259751, 45.0
3.903903903903904, 37.71333892472974, 1132.5737137555657, 22.245669455711237, 45.0
4.004004004004004, 37.699995616810504, 1130.689767252912, 22.245917495356192, 45.0
4.104104104104104, 37.68673322405893, 1128.8080610197544, 22.246165323117843, 45.0
4.2042042042042045, 37.67353345008584, 1126.9285990021897, 22.24641294024639, 45.0
4.3043043043043046, 37.660382053705526, 1125.0513839257057, 22.246660347730092, 45.0
4.404404404404405, 37.64726787985822, 1123.17641758681, 22.246907546357765, 45.0
4.504504504504505, 37.63418229564529, 1121.3037010228577, 22.24715453675521, 45.0
4.604604604604605, 37.62111857067339, 1119.433234698568, 22.247401319425226, 45.0
4.704704704704705, 37.60807143858224, 1117.5650186380553, 22.247647894775927, 45.0
4.804804804804805, 37.59503677803222, 1115.6990525209003, 22.247894263141383, 45.0
4.904904904904906, 37.582011397055524, 1113.83533574709, 22.24814042479552, 45.0
5.005005005005005, 37.56899280620043, 1111.973867505339, 22.24838637996681, 45.0
5.105105105105106, 37.55597905214701, 1110.1146468232077, 22.248632128849035, 45.0
5.205205205205205, 37.54296860140043, 1108.2576726021334, 22.248877671608806, 45.0
5.305305305305305, 37.52996024334314, 1106.4029436466321, 22.249123008391837, 45.0
5.405405405405406, 37.51695310131214, 1104.5504586609668, 22.249368139322232, 45.0
5.505505505505505, 37.50394644311701, 1102.7002163062261, 22.24961306451475, 45.0
5.605605605605606, 37.490939712596614, 1100.8522151908198, 22.24985778407277, 45.0
5.705705705705706, 37.4779324399208, 1099.006453897504, 22.250102298094117, 45.0
5.8058058058058055, 37.46492427090319, 1097.1629309745251, 22.250346606669137, 45.0
5.9059059059059065, 37.45191495085417, 1095.321644940605, 22.25059070988175, 45.0
6.006006006006006, 37.43890426825089, 1093.4825943017365, 22.25083460781311, 45.0
6.106106106106107, 37.425892062896, 1091.6457775488811, 22.25107830054108, 45.0
6.206206206206207, 37.41287819901123, 1089.8111931657577, 22.251321788141944, 45.0
6.306306306306307, 37.399862578729405, 1087.9788396254505, 22.25156507068961, 45.0
6.406406406406407, 37.38684509790139, 1086.1487154027736, 22.251808148258387, 45.0
6.506506506506507, 37.37382571391941, 1084.320818954888, 22.25205102091864, 45.0
6.606606606606607, 37.3608043303563, 1082.4951463034747, 22.25229368885097, 45.0
6.706706706706707, 37.34778105852245, 1080.6717028557, 22.252536151811317, 45.0
6.806806806806807, 37.33475574315491, 1078.8504808257032, 22.252778410150736, 45.0
6.906906906906907, 37.321728378890256, 1077.0314794952465, 22.253020463900995, 45.0
7.007007007007008, 37.30869895748972, 1075.214697761036, 22.253262313110906, 45.0
7.107107107107107, 37.29566747464969, 1073.4001351192503, 22.25350395780282, 45.0
7.207207207207207, 37.282633906810716, 1071.5877888202951, 22.2537453980987, 45.0
7.307307307307307, 37.269598262975975, 1069.7776612107873, 22.253986633895092, 45.0
7.407407407407408, 37.256560496213886, 1067.9697420081764, 22.25422766564577, 45.0
7.507507507507508, 37.24352063265858, 1066.164036938359, 22.25446849309805, 45.0
7.607607607607608, 37.230478665738005, 1064.3605441453012, 22.25470911633384, 45.0
7.707707707707708, 37.21743458974197, 1062.5592612499627, 22.254949535458167, 45.0
7.807807807807808, 37.204388398130384, 1060.7601863769232, 22.25518975055381, 45.0
7.907907907907909, 37.191340084328495, 1058.9633176717946, 22.25542976170261, 45.0
8.008008008008009, 37.178289641761545, 1057.1686532801882, 22.25566956898642, 45.0
8.108108108108109, 37.165237063854796, 1055.3761913477156, 22.25590917248708, 45.0
8.208208208208209, 37.15218235086797, 1053.5859303003242, 22.256148572273922, 45.0
8.308308308308309, 37.13912551672902, 1051.7978691246035, 22.256387768391242, 45.0
8.408408408408409, 37.12606656298373, 1050.012006299252, 22.256626760906006, 45.0
8.508508508508509, 37.11300549049607, 1048.228340275003, 22.25686554988643, 45.0
8.608608608608609, 37.09994230013004, 1046.4468695025887, 22.257104135400752, 45.0
8.70870870870871, 37.08687699274961, 1044.6675924327424, 22.257342517517177, 45.0
8.80880880880881, 37.07380957084224, 1042.8905075175574, 22.257580696304046, 45.0
8.90890890890891, 37.060740040668506, 1041.1156132122917, 22.25781867182997, 45.0
9.00900900900901, 37.047668405261184, 1039.3429079694963, 22.25805644416332, 45.0
9.10910910910911, 37.03459466742556, 1037.5723902415318, 22.258294013372453, 45.0
9.20920920920921, 37.021518829966894, 1035.8040584807586, 22.258531379525728, 45.0
9.30930930930931, 37.008440895690455, 1034.0379111395368, 22.258768542691513, 45.0
9.40940940940941, 36.995360831613894, 1032.2739072744002, 22.25900550469634, 45.0
9.50950950950951, 36.98227870961491, 1030.5121423664282, 22.25924226128153, 45.0
9.60960960960961, 36.96919447443503, 1028.7525505364215, 22.259478815386398, 45.0
9.70970970970971, 36.956108126074255, 1026.99513178438, 22.259715167010953, 45.0
9.809809809809812, 36.943019664532585, 1025.2398861103034, 22.259951316155192, 45.0
9.90990990990991, 36.92992908981001, 1023.4868135141924, 22.260187262819116, 45.0
10.01001001001001, 36.916836388593936, 1021.7359136034734, 22.260423007021526, 45.0
10.11011011011011, 36.90374151508528, 1019.987185027586, 22.260658548827124, 45.0
10.210210210210212, 36.89064446656269, 1018.2406275904509, 22.26089388824496, 45.0
10.310310310310312, 36.877545277386, 1016.4962387789119, 22.261129025385113, 45.0
10.41041041041041, 36.86444396370781, 1014.7540174115296, 22.261363960299327, 45.0
10.51051051051051, 36.85134053103187, 1013.0139623785053, 22.261598693037094, 45.0
10.61061061061061, 36.83823499202119, 1011.2760711264123, 22.261833223712266, 45.0
10.710710710710712, 36.825127346799995, 1009.5403433323149, 22.2620675523394, 45.0
10.810810810810812, 36.812017590253916, 1007.8067760068251, 22.262301679053685, 45.0
10.91091091091091, 36.7989057207724, 1006.0753682085385, 22.26253560389771, 45.0
11.01101101101101, 36.78579173828525, 1004.3461196304975, 22.262769326885362, 45.0
11.11111111111111, 36.772675642030556, 1002.6190269405911, 22.263002848167346, 45.0
11.211211211211213, 36.759557431800154, 1000.8940892283193, 22.26323616778486, 45.0
11.311311311311313, 36.74643710572723, 999.1713103672373, 22.26346928556242, 45.0
11.411411411411413, 36.73331467112369, 997.4506751852692, 22.263702202187332, 45.0
11.511511511511511, 36.72019012358704, 995.7321928175544, 22.263934917245763, 45.0
11.611611611611611, 36.70706346355467, 994.0158616087721, 22.26416743081282, 45.0
11.711711711711713, 36.69393468923032, 992.3016790272106, 22.264399743004116, 45.0
11.811811811811813, 36.68080380011648, 990.5896430507311, 22.264631853911713, 45.0
11.911911911911913, 36.66767079613115, 988.8797518202201, 22.264863763620127, 45.0
12.012012012012011, 36.65453567719233, 987.172003476565, 22.26509547221388, 45.0
12.112112112112113, 36.64139844321804, 985.4663961606532, 22.26532697977749, 45.0
12.212212212212213, 36.62825909412626, 983.7629280133716, 22.265558286395482, 45.0
12.312312312312313, 36.61511763092472, 982.0615972860563, 22.265789392147425, 45.0
12.412412412412413, 36.60197406340231, 980.3624031200708, 22.266020297073, 45.0
12.512512512512513, 36.58882839643626, 978.6653441589505, 22.266251001234195, 45.0
12.612612612612613, 36.57568063316752, 976.970418870248, 22.2664815047009, 45.0
12.712712712712714, 36.56253077673705, 975.2776257215162, 22.26671180754299, 45.0
12.812812812812814, 36.54937883028579, 973.5869631803081, 22.266941909830347, 45.0
12.912912912912914, 36.536224796954684, 971.8984297141767, 22.267171811632853, 45.0
13.013013013013014, 36.52306867792444, 970.2120237922059, 22.267401513020623, 45.0
13.113113113113114, 36.509910457066354, 968.5277438969996, 22.267631014065913, 45.0
13.213213213213214, 36.49675012754467, 966.8455885039035, 22.26786031483982, 45.0
13.313313313313314, 36.48358768615886, 965.1655560854234, 22.26808941541301, 45.0
13.413413413413414, 36.47042312970835, 963.4876451140655, 22.268318315856135, 45.0
13.513513513513514, 36.4572564549926, 961.811854062336, 22.268547016239857, 45.0
13.613613613613614, 36.44408765881105, 960.1381814027407, 22.268775516634836, 45.0
13.713713713713714, 36.4309167422756, 958.4666256069663, 22.269003817111493, 45.0
13.813813813813814, 36.417743761275496, 956.7971851362847, 22.269231917737212, 45.0
13.913913913913914, 36.40456875411467, 955.1298584571775, 22.269459818580547, 45.0
14.014014014014016, 36.391391657160966, 953.4646440640854, 22.26968751971659, 45.0
14.114114114114114, 36.37821244158003, 951.8015404417231, 22.269915021218182, 45.0
14.214214214214214, 36.365031119884385, 950.140544973697, 22.270142323206315, 45.0
14.314314314314315, 36.351847680018196, 948.4816593472003, 22.270369425603203, 45.0
14.414414414414415, 36.33866214987867, 946.8248788281242, 22.270596328627555, 45.0
14.514514514514516, 36.325474524002914, 945.1702020122078, 22.270823032345536, 45.0
14.614614614614615, 36.312284800936595, 943.517628525613, 22.27104953677477, 45.0
14.714714714714717, 36.29909298155402, 941.8671569661332, 22.271275841980906, 45.0
14.814814814814817, 36.28589906734462, 940.2187849450189, 22.271501948075805, 45.0
14.914914914914917, 36.272703054411664, 938.5725148396084, 22.271727854948036, 45.0
15.015015015015017, 36.25950495938789, 936.928336397603, 22.271953563078103, 45.0
15.115115115115117, 36.24630477285771, 935.2862554226953, 22.272179072194003, 45.0
15.215215215215215, 36.23310249612435, 933.6462700521694, 22.272404382383453, 45.0
15.315315315315315, 36.21989812888558, 932.0083779499246, 22.272629493756963, 45.0
15.415415415415415, 36.20669167263105, 930.3725773082152, 22.272854406399606, 45.0
15.515515515515515, 36.19348312890333, 928.7388663349005, 22.273079120395714, 45.0
15.615615615615615, 36.180272499245, 927.10724323784, 22.273303635829613, 45.0
15.715715715715717, 36.16705978519864, 925.4777062248924, 22.27352795278564, 45.0
15.815815815815817, 36.15384498830683, 923.8502535039173, 22.27375207134812, 45.0
15.915915915915917, 36.140628112483576, 922.2248836362792, 22.273975991585214, 45.0
16.016016016016017, 36.12740916482889, 920.6015956582701, 22.274199713543364, 45.0
16.116116116116117, 36.11418814884468, 918.9803880698236, 22.274423237293533, 45.0
16.216216216216218, 36.10096506793225, 917.361259355872, 22.274646562907378, 45.0
16.316316316316318, 36.08773992549286, 915.7442080013476, 22.274869690456562, 45.0
16.416416416416418, 36.07451272492781, 914.1292324911827, 22.27509262001273, 45.0
16.516516516516518, 36.06128346963837, 912.5163313103094, 22.27531535164755, 45.0
16.616616616616618, 36.04805215246456, 910.9055029494551, 22.27553788543368, 45.0
16.716716716716718, 36.03481874217082, 909.2967459125745, 22.2757602214461, 45.0
16.816816816816818, 36.021583239745965, 907.6900586904748, 22.27598235975722, 45.0
16.916916916916918, 36.00834566463037, 906.0854397672113, 22.276204300438046, 45.0
17.017017017017018, 35.99510602170634, 904.4828876327351, 22.276426043560743, 45.0
17.117117117117118, 35.98186431405993, 902.8824003784104, 22.276647589216843, 45.0
17.217217217217218, 35.968620540662066, 901.2839776943213, 22.276868937421376, 45.0
17.31731731731732, 35.95537470150043, 899.6876163470102, 22.277090088330144, 45.0
17.41741741741742, 35.94212679707498, 898.093315090138, 22.27731104200331, 45.0
17.51751751751752, 35.92887682754967, 896.5010737824738, 22.277531798447686, 45.0
17.61761761761762, 35.915624796503344, 894.9108897579578, 22.277752357791982, 45.0
17.71771771771772, 35.902370705441655, 893.3227618949338, 22.27797272009035, 45.0
17.81781781781782, 35.889114552673526, 891.7366912007938, 22.278192885294043, 45.0
17.91791791791792, 35.875856351836276, 890.1526695516748, 22.278412853796212, 45.0
18.01801801801802, 35.862596095147, 888.570701579082, 22.27863262537272, 45.0
18.11811811811812, 35.84933378333232, 886.9907851865737, 22.278852200125833, 45.0
18.21821821821822, 35.83606941690875, 885.4129182085611, 22.27907157816125, 45.0
18.31831831831832, 35.82280299758097, 883.8370988704671, 22.279290759565228, 45.0
18.41841841841842, 35.80953452705369, 882.2633253977154, 22.27950974442402, 45.0
18.518518518518523, 35.796264007031596, 880.6915960157294, 22.27972853282387, 45.0
18.61861861861862, 35.78299143921937, 879.1219089499322, 22.279947124851038, 45.0
18.71871871871872, 35.76971682532172, 877.5542624257475, 22.280165520591762, 45.0
18.81881881881882, 35.75644017061844, 875.9886550896043, 22.280383720112475, 45.0
18.91891891891892, 35.743161483654454, 874.4250859724372, 22.280601723461483, 45.0
19.01901901901902, 35.72988076852743, 872.863553581468, 22.280819530711774, 45.0
19.11911911911912, 35.716598029282196, 871.3040564176962, 22.281037141936615, 45.0
19.21921921921922, 35.7033132699636, 869.7465929821217, 22.281254557209284, 45.0
19.31931931931932, 35.69002649461646, 868.1911617757443, 22.28147177660304, 45.0
19.41941941941942, 35.676737707285625, 866.6377612995635, 22.28168880019117, 45.0
19.519519519519523, 35.66344690627921, 865.0863900585538, 22.28190562804758, 45.0
19.619619619619623, 35.650154070150066, 863.5370465713776, 22.28212226024841, 45.0
19.71971971971972, 35.636859192527375, 861.9897293488588, 22.2823386968684, 45.0
19.81981981981982, 35.62356228319787, 860.4444368946796, 22.282554937980926, 45.0
19.91991991991992, 35.61026334691509, 858.9011677157347, 22.282770983659884, 45.0
20.02002002002002, 35.596962389740774, 857.3599195504439, 22.28298683401748, 45.0
20.12012012012012, 35.58365941053013, 855.8206931911782, 22.283202489014283, 45.0
20.22022022022022, 35.57035441386591, 854.28348466037, 22.28341794884845, 45.0
20.32032032032032, 35.55704740002126, 852.7482924796371, 22.28363321359402, 45.0
20.420420420420424, 35.543738369034365, 851.2151164423883, 22.283848283261335, 45.0
20.520520520520524, 35.530427323722414, 849.6839549980251, 22.284063157927985, 45.0
20.620620620620624, 35.517114268406, 848.1548057684739, 22.284277837712946, 45.0
20.720720720720724, 35.50379919524906, 846.6276721750363, 22.284492322444574, 45.0
20.82082082082082, 35.49048213306415, 845.1025416183035, 22.28470661275499, 45.0
20.92092092092092, 35.477163065098274, 843.5794214241739, 22.284920708276648, 45.0
21.02102102102102, 35.46384199433507, 842.0583099371513, 22.28513460909286, 45.0
21.12112112112112, 35.45051892198952, 840.539204784866, 22.28534831532396, 45.0
21.22122122122122, 35.43719385055775, 839.022104114227, 22.28556182706347, 45.0
21.32132132132132, 35.42386678274933, 837.50700615865, 22.28577514440044, 45.0
21.421421421421424, 35.41053772127381, 835.9939091515502, 22.285988267423914, 45.0
21.521521521521525, 35.39720666884078, 834.4828113263432, 22.28620119622294, 45.0
21.621621621621625, 35.38387362815978, 832.9737109164446, 22.286413930886575, 45.0
21.721721721721725, 35.3705386032207, 831.4666063206323, 22.286626471495808, 45.0
21.82182182182182, 35.357201603734076, 829.9614966765587, 22.2868388180957, 45.0
21.92192192192192, 35.34386263534522, 828.4583805968117, 22.287050970756844, 45.0
22.02202202202202, 35.3305217029781, 826.957256600819, 22.287262929554377, 45.0
22.12212212212212, 35.317178811556744, 825.4581232080086, 22.28747469456343, 45.0
22.22222222222222, 35.30383396600512, 823.9609789378084, 22.287686265859126, 45.0
22.322322322322325, 35.29048717124724, 822.4658223096463, 22.287897643516608, 45.0
22.422422422422425, 35.27713842813964, 820.9726518467537, 22.28810882761157, 45.0
22.522522522522525, 35.26378771842032, 819.48146609024, 22.288319818222398, 45.0
22.622622622622625, 35.25043503715277, 817.9922635687537, 22.2885306154256, 45.0
22.722722722722725, 35.23708038191723, 816.5050428085899, 22.28874121929734, 45.0
22.822822822822825, 35.22372375029395, 815.0198023360438, 22.28895162991378, 45.0
22.922922922922922, 35.210365139863185, 813.5365406774104, 22.289161847351075, 45.0
23.023023023023022, 35.19700454820518, 812.0552563589848, 22.289371871685393, 45.0
23.123123123123122, 35.18364198243944, 810.5759479055785, 22.289581702992376, 45.0
23.223223223223222, 35.170277514505734, 809.0986138319188, 22.289791341344166, 45.0
23.323323323323326, 35.15691117597861, 807.6232526629244, 22.290000786815515, 45.0
23.423423423423426, 35.143542902560604, 806.1498629489873, 22.29021003948743, 45.0
23.523523523523526, 35.13017267798344, 804.6784432276044, 22.290419099437763, 45.0
23.623623623623626, 35.11680051348367, 803.2089912446671, 22.290627966783713, 45.0
23.723723723723726, 35.10342640334564, 801.7415078625011, 22.2908366414805, 45.0
23.823823823823826, 35.09005037108383, 800.2759890943444, 22.29104512373544, 45.0
23.923923923923926, 35.076672413590025, 798.8124334411375, 22.29125341362783, 45.0
24.024024024024023, 35.06329253039597, 797.3508406770407, 22.29146151116962, 45.0
24.124124124124123, 35.04991072421899, 795.8912095615511, 22.29166941642612, 45.0
24.224224224224226, 35.03652700091813, 794.4335374199159, 22.291877129538168, 45.0
24.324324324324326, 35.023141345237676, 792.9778288918034, 22.292084650260843, 45.0
24.424424424424426, 35.009753806903475, 791.5240687566094, 22.292291979397564, 45.0
24.524524524524526, 34.996364356654176, 790.0722659709589, 22.29249911647555, 45.0
24.624624624624627, 34.9829729991921, 788.622419023645, 22.292706061574663, 45.0
24.724724724724727, 34.969579738094055, 787.1745256378123, 22.29291281481644, 45.0
24.824824824824827, 34.95618457738078, 785.7285838385985, 22.293119376305963, 45.0
24.924924924924927, 34.94278752139574, 784.2845918706724, 22.293325746136386, 45.0
25.025025025025027, 34.9293885744824, 782.8425479787016, 22.29353192440085, 45.0
25.125125125125123, 34.91598774098424, 781.4024504073548, 22.293737911192498, 45.0
25.225225225225227, 34.902585025244726, 779.9642974012997, 22.293943706604466, 45.0
25.325325325325327, 34.88918043263465, 778.5280873671365, 22.294149310721647, 45.0
25.425425425425427, 34.875773973346924, 777.0938194715426, 22.2943547235902, 45.0
25.525525525525527, 34.862365654259406, 775.6614923586667, 22.294559945282913, 45.0
25.625625625625627, 34.84895548162436, 774.2311045740498, 22.29476497587759, 45.0
25.725725725725727, 34.835543461694066, 772.802654663233, 22.29496981545205, 45.0
25.825825825825827, 34.82212960072079, 771.3761411717576, 22.29517446408409, 45.0
25.925925925925927, 34.808713904956825, 769.9515626451644, 22.29537892185153, 45.0
26.026026026026027, 34.795296371668705, 768.5289176376739, 22.295583188833486, 45.0
26.126126126126128, 34.78187698356382, 767.1082047175686, 22.295787265111205, 45.0
26.226226226226228, 34.76845573835758, 765.6894224386357, 22.29599115076374, 45.0
26.326326326326328, 34.75503263435691, 764.2725693540901, 22.29619484587006, 45.0
26.426426426426428, 34.74160766986872, 762.8576440171475, 22.29639835050913, 45.0
26.526526526526528, 34.72818084319992, 761.4446449810233, 22.296601664759926, 45.0
26.626626626626628, 34.71475215267577, 760.0335707989304, 22.296804788701415, 45.0
26.726726726726728, 34.701321635471764, 758.6244200188254, 22.297007722410527, 45.0
26.826826826826828, 34.68788936259201, 757.2171911847304, 22.2972104659625, 45.0
26.926926926926928, 34.674455304350715, 755.8118828654242, 22.297413019439045, 45.0
27.027027027027028, 34.66101942421005, 754.4084936315771, 22.297615382922316, 45.0
27.127127127127128, 34.64758172841134, 753.0070220428048, 22.29781755649167, 45.0
27.227227227227228, 34.63414222335305, 751.607466563915, 22.298019540231806, 45.0
27.32732732732733, 34.620700918526964, 750.2098259743402, 22.298221334209845, 45.0
27.42742742742743, 34.60725782064881, 748.8140976116676, 22.29842293857366, 45.0
27.52752752752753, 34.59381292934107, 747.4202809277369, 22.298624353353915, 45.0
27.62762762762763, 34.58036624586404, 746.0283755370914, 22.298825578572114, 45.0
27.72772772772773, 34.56691778011632, 744.6383784123095, 22.29902661439708, 45.0
27.82782782782783, 34.55346753421004, 743.2502889074112, 22.29922746086484, 45.0
27.92792792792793, 34.54001549999296, 741.8641088946325, 22.299428117870626, 45.0
28.028028028028032, 34.52656172281404, 740.4798279591664, 22.299628585997226, 45.0
28.128128128128132, 34.51310617550248, 739.0974523410366, 22.299828864895467, 45.0
28.22822822822823, 34.49964886427689, 737.716980279049, 22.30002895466451, 45.0
28.32832832832833, 34.486189795321216, 736.3384094491145, 22.300228855436064, 45.0
28.42842842842843, 34.472728974853865, 734.9617380870594, 22.300428567309467, 45.0
28.52852852852853, 34.45926640909476, 733.5869644528586, 22.300628090382666, 45.0
28.62862862862863, 34.445802104263784, 732.2140868064873, 22.300827424753592, 45.0
28.72872872872873, 34.43233606658086, 730.8431034079204, 22.301026570520193, 45.0
28.82882882882883, 34.41886830242626, 729.4740125469242, 22.301225527778804, 45.0
28.92892892892893, 34.40539882232762, 728.1068132836822, 22.30142429658431, 45.0
29.029029029029033, 34.39192763569243, 726.7415044702973, 22.30162287700281, 45.0
29.129129129129133, 34.378454750438905, 725.3780846822231, 22.30182126911526, 45.0
29.22922922922923, 34.36498017448525, 724.0165524949128, 22.302019473002627, 45.0
29.32932932932933, 34.35150391574967, 722.6569064838203, 22.30221748874589, 45.0
29.429429429429433, 34.33802598215037, 721.2991452243986, 22.30241531642601, 45.0
29.52952952952953, 34.324546374609135, 719.9432672992867, 22.30261295612505, 45.0
29.629629629629633, 34.31106507658808, 718.5892713090542, 22.302810407927797, 45.0
29.72972972972973, 34.29758208657451, 717.23715583884, 22.303007671916692, 45.0
29.829829829829833, 34.284097404255746, 715.8869194725503, 22.303204748173997, 45.0
29.92992992992993, 34.270611029319106, 714.538560794092, 22.30340163678196, 45.0
30.030030030030034, 34.25712296145189, 713.1920783873712, 22.303598337822834, 45.0
30.13013013013013, 34.24363378990848, 711.8474094951363, 22.303794854934846, 45.0
30.230230230230234, 34.23014213293464, 710.5046999320753, 22.303991179664834, 45.0
30.33033033033033, 34.216648916685706, 709.1638547875966, 22.304187317514636, 45.0
30.43043043043043, 34.20315414116167, 707.8248740617003, 22.304383268484248, 45.0
30.530530530530534, 34.189657806362526, 706.4877577543862, 22.30457903257368, 45.0
30.63063063063063, 34.17615991228829, 705.1525058656547, 22.304774609782925, 45.0
30.730730730730734, 34.162660458938944, 703.8191183955055, 22.304970000111986, 45.0
30.83083083083083, 34.14915942925314, 702.4875949644519, 22.305165203585503, 45.0
30.930930930930934, 34.13565675679083, 701.1579340947033, 22.305360220299463, 45.0
31.03103103103103, 34.12215243487299, 699.8301356377012, 22.305555050263507, 45.0
31.131131131131134, 34.1086464755178, 698.5041986064371, 22.305749693535766, 45.0
31.23123123123123, 34.095138914362444, 697.1801200741676, 22.3059441502886, 45.0
31.331331331331334, 34.08162975375898, 695.8578998477271, 22.306138420533387, 45.0
31.431431431431434, 34.068119005711765, 694.5375367084808, 22.306332504342596, 45.0
31.53153153153153, 34.05460669750353, 693.2190278867953, 22.306526401880948, 45.0
31.631631631631635, 34.041092830187765, 691.9023732757229, 22.306720113154796, 45.0
31.73173173173173, 34.02757740879174, 690.5875712327436, 22.3069136382635, 45.0
31.831831831831835, 34.01406044205926, 689.2746189010553, 22.307106977379835, 45.0
31.93193193193193, 34.000541930147804, 687.9635162292066, 22.307300130506928, 45.0
32.032032032032035, 33.987021873861025, 686.6542630630312, 22.30749309765414, 45.0
32.13213213213213, 33.97350029114974, 685.3468559590416, 22.30768587903064, 45.0
32.232232232232235, 33.95997718940942, 684.0412934985715, 22.307878474722614, 45.0
32.332332332332335, 33.94645256864007, 682.7375756816209, 22.308070884730054, 45.0
32.432432432432435, 33.93292640131161, 681.4357074401729, 22.308263108751124, 45.0
32.532532532532535, 33.91939879819182, 680.1356689302957, 22.308455148000277, 45.0
32.632632632632635, 33.905869688807186, 678.8374727772465, 22.308647001704845, 45.0
32.732732732732735, 33.892339080917516, 677.5411175907329, 22.30883866994991, 45.0
32.832832832832835, 33.878806986039685, 676.2466012282857, 22.3090301528679, 45.0
32.932932932932935, 33.86527341655661, 674.9539213740475, 22.30922145060214, 45.0
33.033033033033036, 33.85173838232743, 673.6630762174351, 22.309412563264168, 45.0
33.133133133133136, 33.83820189321128, 672.374063947865, 22.30960349096551, 45.0
33.233233233233236, 33.82466395906727, 671.0868827547539, 22.30979423381771, 45.0
33.333333333333336, 33.81112458978765, 669.8015308431743, 22.309984791931367, 45.0
33.433433433433436, 33.79758379716049, 668.518007314611, 22.31017516536397, 45.0
33.533533533533536, 33.78404159282309, 667.2363111992561, 22.310365354177232, 45.0
33.633633633633636, 33.7704979875468, 665.9564411178584, 22.31055535845712, 45.0
33.733733733733736, 33.756952992102974, 664.6783956911672, 22.31074517828962, 45.0
33.833833833833836, 33.74340661726298, 663.4021735399313, 22.31093481376069, 45.0
33.933933933933936, 33.72985887303005, 662.1277732858246, 22.31112426495646, 45.0
34.034034034034036, 33.71630975325863, 660.8551935699614, 22.31131353196605, 45.0
34.13413413413413, 33.702759256440544, 659.5844330278741, 22.31150261487772, 45.0
34.234234234234236, 33.68920738623172, 658.315490288877, 22.311691513778776, 45.0
34.334334334334336, 33.67565414628811, 657.0483639822854, 22.31188022875651, 45.0
34.434434434434436, 33.66209954026566, 655.7830527374142, 22.312068759898228, 45.0
34.53453453453454, 33.648543751247814, 654.5195171161604, 22.3122571097437, 45.0
34.63463463463464, 33.63498635158195, 653.2578490912068, 22.312445272369736, 45.0
34.73473473473474, 33.62142763762954, 651.9979858855565, 22.312633251820873, 45.0
34.83483483483484, 33.60786760939058, 650.7399274992096, 22.312821048097117, 45.0
34.93493493493494, 33.594306266865075, 649.4836739321657, 22.313008661198463, 45.0
35.03503503503504, 33.58074361005303, 648.2292251844254, 22.313196091124915, 45.0
35.13513513513514, 33.56717964538058, 646.976581008897, 22.313383337892468, 45.0
35.23523523523524, 33.5536144131424, 645.7257398562141, 22.31357040160145, 45.0
35.33533533533534, 33.54004792035247, 644.476701456683, 22.313757282269325, 45.0
35.43543543543544, 33.52648016913231, 643.2294654103182, 22.313943979922417, 45.0
35.53553553553554, 33.51291117582917, 641.9840286350565, 22.31413049476357, 45.0
35.63563563563564, 33.49934094387517, 640.7403904838116, 22.314316826835388, 45.0
35.73573573573574, 33.48576947527193, 639.49855064131, 22.314502976158735, 45.0
35.83583583583584, 33.47219678932366, 638.2585060669371, 22.31468894293502, 45.0
35.93593593593594, 33.45862289087584, 637.0202559974798, 22.314874727214786, 45.0
36.03603603603604, 33.445047781637335, 635.7838001886666, 22.315060329014333, 45.0
36.13613613613614, 33.43147148275405, 634.549135617841, 22.31524574853529, 45.0
36.23623623623624, 33.417894000532094, 633.3162613835901, 22.31543098583779, 45.0
36.33633633633634, 33.40431533564628, 632.0851773979906, 22.315616040927736, 45.0
36.43643643643644, 33.39073550954052, 630.8558808671113, 22.315800913992867, 45.0
36.53653653653654, 33.37715453246415, 629.6283704555618, 22.315985605122908, 45.0
36.63663663663664, 33.36357235417668, 628.4026526291666, 22.316170113879803, 45.0
36.73673673673674, 33.34998912852708, 627.1787075879529, 22.316354441604982, 45.0
36.83683683683684, 33.33640476300603, 625.9565472376353, 22.31653858749184, 45.0
36.93693693693694, 33.322819268025036, 624.7361702382796, 22.316722551631173, 45.0
37.037037037037045, 33.30923265769124, 623.5175747559286, 22.316906334148353, 45.0
37.13713713713714, 33.295644948884345, 622.3007585859946, 22.317089935194733, 45.0
37.23723723723724, 33.28205615462133, 621.0857200402484, 22.317273354885497, 45.0
37.33733733733734, 33.26846628789912, 619.8724574331447, 22.317456593335628, 45.0
37.43743743743744, 33.254875361714625, 618.6609690791381, 22.317639650660123, 45.0
37.53753753753754, 33.241283389064755, 617.4512532926832, 22.31782252697397, 45.0
37.63763763763764, 33.22769038508239, 616.243308872532, 22.318005222360824, 45.0
37.73773773773774, 33.2140963667645, 615.0371350400998, 22.31818773687698, 45.0
37.83783783783784, 33.20050134870075, 613.8327304709703, 22.318370070614055, 45.0
37.93793793793794, 33.18690534545996, 612.6300938360065, 22.318552223663982, 45.0
38.03803803803804, 33.17330837161094, 611.4292238060707, 22.318734196118687, 45.0
38.138138138138146, 33.15971044172254, 610.2301190520258, 22.318915988070096, 45.0
38.23823823823824, 33.14611156184428, 609.0327782573117, 22.319097599612096, 45.0
38.33833833833834, 33.132511729480434, 607.8372001179844, 22.319279030840548, 45.0
38.43843843843844, 33.11891095246343, 606.6433833148515, 22.31946028184893, 45.0
38.53853853853854, 33.10530923875888, 605.4513265285246, 22.319641352730685, 45.0
38.63863863863864, 33.09170659633235, 604.261028439615, 22.31982224357926, 45.0
38.73873873873874, 33.07810303314946, 603.0724877287338, 22.320002954488107, 45.0
38.83883883883884, 33.064498786923224, 601.8856730311325, 22.320183487713336, 45.0
38.93893893893894, 33.05089330784254, 600.7006574602797, 22.320363837998883, 45.0
39.03903903903905, 33.03728698273561, 599.5173898873535, 22.320544009022033, 45.0
39.13913913913914, 33.02367981160244, 598.3358703123536, 22.320724000782786, 45.0
39.23923923923925, 33.01007179444303, 597.1560987352801, 22.32090381328114, 45.0
39.33933933933934, 32.996462931257376, 595.9780751561332, 22.3210834465171, 45.0
39.43943943943944, 32.98285324089967, 594.8017988500254, 22.32126290054378, 45.0
39.53953953953954, 32.96924275737531, 593.6272685095514, 22.32144217545698, 45.0
39.63963963963964, 32.955631481377246, 592.454484108069, 22.32162127125866, 45.0
39.73973973973974, 32.94201942171144, 591.2834447297228, 22.321800188016322, 45.0
39.83983983983984, 32.9284066070214, 590.1141473954727, 22.32197892594955, 45.0
39.93993993993995, 32.91479303951345, 588.946591875853, 22.32215748507527, 45.0
40.04004004004004, 32.901178724389105, 587.7807776698091, 22.32233586543073, 45.0
40.14014014014015, 32.88756369365516, 586.6167016941756, 22.322514067245166, 45.0
40.24024024024024, 32.873947952781286, 585.4543634220688, 22.32269209055776, 45.0
40.34034034034035, 32.860331503957106, 584.2937626337962, 22.32286993538501, 45.0
40.44044044044044, 32.8467143776937, 583.1348962680523, 22.323047601956958, 45.0
40.54054054054054, 32.83309658378715, 581.977763341958, 22.32322509034745, 45.0
40.64064064064064, 32.81947812223745, 580.8223638555137, 22.323402400556486, 45.0
40.74074074074074, 32.80585901321273, 579.6686960687915, 22.323579532715907, 45.0
40.84084084084085, 32.79223928743309, 578.5167573315344, 22.32375648702653, 45.0
40.94094094094094, 32.7786189452227, 577.3665476157757, 22.32393326349047, 45.0
41.04104104104105, 32.764997925927744, 576.2180721190922, 22.324109861709644, 45.0
41.14114114114114, 32.751376446456696, 575.0713122540599, 22.32428628310767, 45.0
41.24124124124125, 32.73775437230332, 573.9262795468497, 22.32446252680176, 45.0
41.34134134134134, 32.72413171842878, 572.782972715437, 22.3246385928901, 45.0
41.44144144144145, 32.71050850834439, 571.6413898385418, 22.324814481521393, 45.0
41.54154154154154, 32.696884768645155, 570.5015287643313, 22.324990192862558, 45.0
41.64164164164164, 32.68326051979752, 569.3633877991768, 22.325165727044315, 45.0
41.74174174174174, 32.669635782267925, 568.2269652494498, 22.325341084197376, 45.0
41.84184184184184, 32.656010576522796, 567.0922594215216, 22.325516264452453, 45.0
41.94194194194195, 32.64238492140817, 565.9592689475442, 22.325691267916408, 45.0
42.04204204204204, 32.62875883209164, 564.827993199222, 22.32586609464193, 45.0
42.14214214214215, 32.61513232673375, 563.6984309465239, 22.32604074472577, 45.0
42.24224224224224, 32.601505423692295, 562.5705809197627, 22.326215218267606, 45.0
42.34234234234235, 32.58787814132506, 561.4444418492511, 22.326389515367097, 45.0
42.44244244244244, 32.57425049600179, 560.320012467974, 22.326563636124362, 45.0
42.54254254254254, 32.560622488088086, 559.1972915304266, 22.326737580643183, 45.0
42.64264264264264, 32.546994125658756, 558.076277780743, 22.326911349025586, 45.0
42.74274274274274, 32.533365419661244, 556.9569699591955, 22.327084941372927, 45.0
42.84284284284285, 32.519736381042996, 555.839366806057, 22.327258357786565, 45.0
42.94294294294294, 32.506107020913085, 554.7234670617863, 22.32743159836789, 45.0
43.04304304304305, 32.492477360738356, 553.6092694787606, 22.327604663219653, 45.0
43.14314314314314, 32.47884742172534, 552.4967728090577, 22.327777552444587, 45.0
43.24324324324325, 32.46521722034236, 551.3859757993032, 22.327950266144786, 45.0
43.34334334334334, 32.45158677305772, 550.2768771961225, 22.328122804422343, 45.0
43.44344344344345, 32.437956096339725, 549.1694757461414, 22.328295167379355, 45.0
43.54354354354354, 32.424325212208394, 548.063770203061, 22.32846735511876, 45.0
43.64364364364364, 32.41069414953038, 546.959759329309, 22.328639367744557, 45.0
43.74374374374375, 32.397062930077645, 545.8574418782708, 22.32881120535963, 45.0
43.84384384384384, 32.38343157548384, 544.7568166031554, 22.328982868066873, 45.0
43.94394394394395, 32.36980010738256, 543.6578822571714, 22.32915435596916, 45.0
44.04404404404404, 32.35616854598843, 542.5606375976985, 22.329325669170036, 45.0
44.14414414414415, 32.34253690503488, 541.4650814011637, 22.329496807776017, 45.0
44.24424424424424, 32.32890520228287, 540.3712124321581, 22.329667771891764, 45.0
44.34434434434435, 32.3152734562332, 539.2790294530973, 22.329838561621603, 45.0
44.44444444444444, 32.30164168538672, 538.1885312263979, 22.330009177069865, 45.0
44.54454454454455, 32.288009908035924, 537.0997165153987, 22.330179618341013, 45.0
44.64464464464465, 32.27437813826567, 536.0125841020831, 22.33034988554241, 45.0
44.74474474474474, 32.26074639127544, 534.9271327634955, 22.330519978780668, 45.0
44.84484484484485, 32.24711468354414, 533.8433612710108, 22.33068989816149, 45.0
44.94494494494494, 32.23348303155071, 532.7612683960044, 22.330859643790603, 45.0
45.04504504504505, 32.219851451774055, 531.6808529098514, 22.331029215773718, 45.0
45.14514514514514, 32.20621996558576, 530.6021135945458, 22.331198614218014, 45.0
45.24524524524525, 32.192588596921105, 529.5250492376456, 22.331367839231437, 45.0
45.34534534534534, 32.17895736566357, 528.4496586179151, 22.33153689092071, 45.0
45.44544544544545, 32.165326291695415, 527.375940514116, 22.331705769392578, 45.0
45.545545545545544, 32.15169539489888, 526.3038937050098, 22.331874474753764, 45.0
45.64564564564565, 32.13806469669695, 525.2335169747497, 22.332043007111782, 45.0
45.74574574574575, 32.124434222622014, 524.1648091218699, 22.332211366576242, 45.0
45.845845845845844, 32.110803995060145, 523.0977689338941, 22.33237955325514, 45.0
45.94594594594595, 32.0971740361285, 522.0323951974046, 22.33254756725635, 45.0
46.046046046046044, 32.08354436794422, 520.9686866989841, 22.332715408687733, 45.0
46.14614614614615, 32.06991542175494, 519.9066187583638, 22.33288307978689, 45.0
46.246246246246244, 32.05628619497891, 518.8462487761016, 22.333050575348757, 45.0
46.34634634634635, 32.042657402548706, 517.7875357426203, 22.333217899095246, 45.0
46.446446446446444, 32.02902904446433, 516.7304796579202, 22.33338505102636, 45.0
46.54654654654655, 32.01540112072579, 515.6750805220013, 22.3335520311421, 45.0
46.64664664664665, 32.001773631478436, 514.6213383231367, 22.33371883944359, 45.0
46.74674674674675, 31.988146591004483, 513.5692519091558, 22.333885476040795, 45.0
46.84684684684685, 31.97452000875291, 512.5188205177924, 22.334051941006475, 45.0
46.946946946946944, 31.960893884723724, 511.47004414904666, 22.334218234340625, 45.0
47.04704704704705, 31.947268246991865, 510.42292139805306, 22.334384356174503, 45.0
47.147147147147145, 31.933643144226174, 509.3774498294318, 22.334550306735636, 45.0
47.24724724724725, 31.92001857729303, 508.33362939982936, 22.334716086028084, 45.0
47.347347347347345, 31.906394479462342, 507.29146319397285, 22.334881693760572, 45.0
47.44744744744745, 31.892771136912597, 506.2509379827095, 22.335047131182236, 45.0
47.54754754754755, 31.879148371029235, 505.21206202284225, 22.33521239751345, 45.0
47.64764764764765, 31.86552620866629, 504.17483407278485, 22.33537749287161, 45.0
47.74774774774775, 31.851904693828466, 503.13925209514, 22.335542417451844, 45.0
47.84784784784785, 31.838283865572986, 502.1053142820801, 22.335707171426844, 45.0
47.94794794794795, 31.824663758805183, 501.07301901842857, 22.33587175495049, 45.0
48.048048048048045, 31.811044408430426, 500.0423646890092, 22.336036168176673, 45.0
48.14814814814815, 31.797425840121136, 499.0133500974847, 22.336200411221636, 45.0
48.248248248248245, 31.7838080680207, 497.9859745705192, 22.336364484154604, 45.0
48.34834834834835, 31.77019111710772, 496.96023694325044, 22.336528387088986, 45.0
48.44844844844845, 31.756575012548534, 495.93613604229995, 22.33669212013896, 45.0
48.54854854854855, 31.742959778328597, 494.9136706960345, 22.336855683419035, 45.0
48.64864864864865, 31.729345426853687, 493.89283974993725, 22.33701907704705, 45.0
48.74874874874875, 31.715731974939914, 492.8736420429723, 22.337182301139567, 45.0
48.84884884884885, 31.702119441621665, 491.85607641082476, 22.337345355812527, 45.0
48.94894894894895, 31.688507845933348, 490.8401416891799, 22.33750824118185, 45.0
49.04904904904905, 31.67489721576586, 489.82583671935663, 22.337670957364242, 45.0
49.149149149149146, 31.661287586265054, 488.81316034728826, 22.33783350447703, 45.0
49.24924924924925, 31.647678984379628, 487.8021114136944, 22.33799588263683, 45.0
49.349349349349346, 31.634071437026495, 486.7926887592742, 22.33815809196025, 45.0
49.44944944944945, 31.620464971804033, 485.78489122617475, 22.338320132564146, 45.0
49.54954954954955, 31.60685962133032, 484.7787176672076, 22.338482004567126, 45.0
49.64964964964965, 31.593255416477458, 483.7741669314753, 22.338643708087176, 45.0
49.74974974974975, 31.579652387373645, 482.7712378667262, 22.33880524324208, 45.0
49.84984984984985, 31.566050557522743, 481.76992932903534, 22.33896661015125, 45.0
49.94994994994995, 31.55244994890761, 480.7702401763891, 22.339127808934467, 45.0
50.050050050050054, 31.538850586373588, 479.77216926317624, 22.339288839710825, 45.0
50.150150150150154, 31.52525249569357, 478.77571544667614, 22.339449702599904, 45.0
50.25025025025025, 31.51165570471219, 477.78087759062504, 22.339610397722424, 45.0
50.350350350350354, 31.498060239983083, 476.7876545547354, 22.339770925198383, 45.0
50.450450450450454, 31.484466128305193, 475.7960451992563, 22.33993128514789, 45.0
50.550550550550554, 31.470873399635153, 474.80604839200475, 22.340091477692376, 45.0
50.650650650650654, 31.457282083057695, 473.8176629987078, 22.3402515029529, 45.0
50.750750750750754, 31.443692207125324, 472.83088788383225, 22.3404113610503, 45.0
50.850850850850854, 31.43010380040153, 471.84572191815596, 22.340571052106608, 45.0
50.950950950950954, 31.41651689145449, 470.86216397514335, 22.340730576244333, 45.0
51.051051051051054, 31.402931508846383, 469.8802129248199, 22.340889933585352, 45.0
51.15115115115115, 31.3893476812672, 468.89986763952544, 22.341049124251988, 45.0
51.251251251251254, 31.375765437847384, 467.9211269995755, 22.341208148368054, 45.0
51.351351351351354, 31.362184807484915, 466.94398988107577, 22.34136700605657, 45.0
51.451451451451454, 31.348605819096612, 465.9684551599459, 22.341525697440524, 45.0
51.551551551551555, 31.3350285027198, 464.99452171988145, 22.34168422264439, 45.0
51.651651651651655, 31.321452888309686, 464.0221884440086, 22.34184258179251, 45.0
51.751751751751755, 31.30787900551316, 463.05145421331343, 22.342000775008845, 45.0
51.851851851851855, 31.294306884426955, 462.0823179128029, 22.34215880241812, 45.0
51.951951951951955, 31.28073655579487, 461.11477843326804, 22.342316664146175, 45.0
52.052052052052055, 31.26716804988046, 460.1488346612068, 22.342474360318036, 45.0
52.152152152152155, 31.25360139705113, 459.18448548422884, 22.342631891058932, 45.0
52.252252252252255, 31.24003662852303, 458.2217297989026, 22.342789256495873, 45.0
52.352352352352355, 31.226473775181407, 457.2605664983043, 22.342946456755172, 45.0
52.452452452452455, 31.212912867787097, 456.3009944741961, 22.343103491962886, 45.0
52.552552552552555, 31.199353937424473, 455.3430126211849, 22.343260362245637, 45.0
52.652652652652655, 31.185797016240663, 454.38661984322005, 22.343417067731927, 45.0
52.752752752752755, 31.172242135761536, 453.43181503878947, 22.343573608549164, 45.0
52.852852852852855, 31.158689327442275, 452.47859710575943, 22.343729984824623, 45.0
52.952952952952955, 31.14513862328592, 451.5269649468267, 22.343886196686572, 45.0
53.053053053053056, 31.131590056060382, 450.5769174714312, 22.344042244264667, 45.0
53.153153153153156, 31.118043657911777, 449.6284535835308, 22.34419812768743, 45.0
53.253253253253256, 31.104499460975642, 448.68157218699093, 22.34435384708338, 45.0
53.353353353353356, 31.090957498193436, 447.73627219307247, 22.344509402582563, 45.0
53.453453453453456, 31.077417802805222, 446.79255251577644, 22.344664794315616, 45.0
53.553553553553556, 31.06388040759257, 445.8504120648961, 22.34482002241229, 45.0
53.653653653653656, 31.050345345380066, 444.90984975060735, 22.34497508700241, 45.0
53.753753753753756, 31.036812650053832, 443.9708644925087, 22.34512998821783, 45.0
53.853853853853856, 31.023282355372313, 443.03345520906606, 22.345284726190155, 45.0
53.953953953953956, 31.009754494776892, 442.09762081593016, 22.34543930105039, 45.0
54.054054054054056, 30.996229101783833, 441.16336022938276, 22.345593712929677, 45.0
54.154154154154156, 30.98270621110993, 440.2306723758223, 22.34574796196137, 45.0
54.254254254254256, 30.96918585720694, 439.2995561794137, 22.345902048278337, 45.0
54.354354354354356, 30.955668074234968, 438.3700105618642, 22.34605597201291, 45.0
54.454454454454456, 30.942152896460847, 437.4420344457913, 22.346209733297624, 45.0
54.55455455455456, 30.928640359344914, 436.51562676398913, 22.34636333226729, 45.0
54.65465465465466, 30.9151304979815, 435.590786446131, 22.346516769056038, 45.0
54.75475475475476, 30.901623347229684, 434.66751241988453, 22.346670043797523, 45.0
54.85485485485486, 30.888118942095097, 433.7458036141598, 22.34682315662571, 45.0
54.95495495495496, 30.874617318776316, 432.8256589679843, 22.346976107676877, 45.0
55.05505505505506, 30.861118513015825, 431.90707741651715, 22.347128897086417, 45.0
55.155155155155164, 30.847622560366688, 430.9900578933114, 22.347281524989356, 45.0
55.25525525525526, 30.834129496580623, 430.07459933355904, 22.34743399152111, 45.0
55.35535535535536, 30.820639358616262, 429.1607006824098, 22.347586296819436, 45.0
55.45545545545546, 30.8071521828811, 428.2483608804664, 22.347738441021033, 45.0
55.55555555555556, 30.793668005629385, 427.3375788670667, 22.34789042426229, 45.0
55.65565565565566, 30.780186863328893, 426.42835358326056, 22.348042246680016, 45.0
55.75575575575576, 30.766708793688405, 425.5206839800444, 22.34819390841344, 45.0
55.85585585585586, 30.753233833836987, 424.61456900376834, 22.34834540960066, 45.0
55.95595595595596, 30.739762020751975, 423.71000759956615, 22.34849675037948, 45.0
56.056056056056065, 30.72629339162989, 422.80699871431915, 22.348647930888138, 45.0
56.15615615615616, 30.712827984886417, 421.9055413046287, 22.348798951267312, 45.0
56.256256256256265, 30.699365838355078, 421.0056343224545, 22.348949811656517, 45.0
56.35635635635636, 30.685906989725915, 420.10727671861264, 22.34910051219498, 45.0
56.45645645645646, 30.672451476916184, 419.2104674457021, 22.349251053022385, 45.0
56.55655655655656, 30.658999339053207, 418.315205465817, 22.349401434280878, 45.0
56.65665665665666, 30.645550614673983, 417.4214897364194, 22.3495516561114, 45.0
56.75675675675676, 30.63210534217855, 416.52931921389677, 22.34970171865463, 45.0
56.85685685685686, 30.61866356020555, 415.6386928564669, 22.349851622051716, 45.0
56.956956956956965, 30.60522530860725, 414.7496096316593, 22.350001366446303, 45.0
57.05705705705706, 30.591790626625286, 413.8620685023187, 22.35015095198079, 45.0
57.157157157157165, 30.578359553368635, 412.9760684302715, 22.350300378797293, 45.0
57.25725725725726, 30.56493212815579, 412.0916083789036, 22.350449647038367, 45.0
57.357357357357365, 30.551508391563473, 411.20868732096477, 22.350598756849156, 45.0
57.45745745745746, 30.538088383584952, 410.3273042248629, 22.350747708373593, 45.0
57.55755755755756, 30.524672144054204, 409.4474580578201, 22.350896501755297, 45.0
57.65765765765766, 30.511259712980294, 408.569147788345, 22.351045137138257, 45.0
57.75775775775776, 30.497851131620905, 407.69237239411956, 22.351193614669086, 45.0
57.85785785785786, 30.48444644070562, 406.8171308489462, 22.35134193449328, 45.0
57.95795795795796, 30.471045680782318, 405.943422125292, 22.351490096755963, 45.0
58.058058058058066, 30.4576488925442, 405.0712451966702, 22.351638101602564, 45.0
58.15815815815816, 30.44425611792502, 404.20059904552267, 22.351785949181185, 45.0
58.258258258258266, 30.430867398386933, 403.33148265089693, 22.351933639638897, 45.0
58.35835835835836, 30.417482775185608, 402.46389499035456, 22.352081173122354, 45.0
58.45845845845846, 30.404102289696862, 401.59783504229927, 22.352228549778445, 45.0
58.558558558558566, 30.390725984534516, 400.7333017938131, 22.352375769756783, 45.0
58.65865865865866, 30.377353901892132, 399.87029422903225, 22.352522833206038, 45.0
58.75875875875876, 30.3639860837276, 399.0088113304409, 22.352669740274397, 45.0
58.858858858858866, 30.35062257207163, 398.148852081015, 22.35281649111018, 45.0
58.958958958958966, 30.33726341017939, 397.2904154720071, 22.352963085864406, 45.0
59.05905905905906, 30.323908641032947, 396.4335004928236, 22.353109524687504, 45.0
59.15915915915916, 30.3105583073044, 395.5781061307758, 22.353255807729216, 45.0
59.25925925925927, 30.297212451701604, 394.7242313734119, 22.35340193513936, 45.0
59.35935935935937, 30.283871118064464, 393.87187521578034, 22.35354790707031, 45.0
59.45945945945946, 30.27053435014417, 393.0210366523419, 22.353693723674247, 45.0
59.55955955955956, 30.257202191312178, 392.1717146750413, 22.353839385102496, 45.0
59.65965965965967, 30.243874684952353, 391.3239082759035, 22.353984891506403, 45.0
59.75975975975976, 30.230551875466656, 390.4776164535105, 22.35413024303967, 45.0
59.85985985985986, 30.21723380737157, 389.6328382071823, 22.354275439856266, 45.0
59.95995995995997, 30.203920524727526, 388.7895725333014, 22.354420482109102, 45.0
60.06006006006007, 30.190612071596274, 387.9478184282586, 22.354565369951096, 45.0
60.16016016016016, 30.177308492926517, 387.10757489395723, 22.354710103537254, 45.0
60.26026026026026, 30.16400983400163, 386.26884093438105, 22.354854683023376, 45.0
60.36036036036037, 30.15071613956134, 385.4316155501344, 22.354999108563973, 45.0
60.46046046046047, 30.13742745434537, 384.59589774182206, 22.355143380313567, 45.0
60.56056056056056, 30.124143823764083, 383.76168651402844, 22.355287498428268, 45.0
60.66066066066066, 30.110865293917787, 382.9289808754323, 22.355431463065848, 45.0
60.76076076076077, 30.097591910236346, 382.09777983073377, 22.35557527438247, 45.0
60.86086086086086, 30.084323718143896, 381.2680823845991, 22.355718932534284, 45.0
60.96096096096096, 30.071060763530085, 380.4398875443675, 22.355862437678592, 45.0
61.06106106106107, 30.057803093211763, 379.6131943227015, 22.356005789974986, 45.0
61.16116116116117, 30.044550753311906, 378.7880017282801, 22.356148989581342, 45.0
61.26126126126126, 30.031303789920113, 377.9643087695907, 22.356292036655457, 45.0
61.36136136136136, 30.018062249431633, 377.1421144568006, 22.356434931355903, 45.0
61.46146146146147, 30.004826179310882, 376.3214178059559, 22.356577673843965, 45.0
61.56156156156157, 29.991595626379002, 375.50221782956606, 22.356720264279303, 45.0
61.66166166166166, 29.978370637375928, 374.6845135396936, 22.35686270282136, 45.0
61.76176176176177, 29.965151259226808, 373.8683039493664, 22.357004989630074, 45.0
61.86186186186187, 29.95193753998794, 373.0535880775049, 22.357147124868327, 45.0
61.96196196196196, 29.938729527182776, 372.24036494025364, 22.357289108697607, 45.0
62.06206206206206, 29.925527268187015, 371.4286335529875, 22.35743094127903, 45.0
62.16216216216217, 29.912330810454936, 370.61839293146414, 22.357572622773915, 45.0
62.26226226226227, 29.899140202554964, 369.8096420968697, 22.357714153346542, 45.0
62.36236236236236, 29.885955492754317, 369.00238006892283, 22.35785553316041, 45.0
62.46246246246246, 29.872776729060675, 368.19660586607733, 22.35799676237831, 45.0
62.56256256256257, 29.85960395949931, 367.39231850686804, 22.35813784116308, 45.0
62.66266266266267, 29.846437233046135, 366.58951701418454, 22.35827876968022, 45.0
62.76276276276276, 29.833276598701698, 365.7882004110294, 22.35841954809527, 45.0
62.86286286286287, 29.82012210508243, 364.98836771864535, 22.35856017657272, 45.0
62.96296296296297, 29.806973800804784, 364.1900179582755, 22.358700655277058, 45.0
63.06306306306306, 29.793831735185467, 363.3931501541272, 22.35884098437479, 45.0
63.16316316316316, 29.78069595795171, 362.5977633321461, 22.358981164033608, 45.0
63.26326326326327, 29.76756651830832, 361.80385651606565, 22.3591211944197, 45.0
63.36336336336337, 29.754443465460042, 361.0114287296197, 22.359261075699237, 45.0
63.46346346346346, 29.741326849065537, 360.2204789982804, 22.35940080803977, 45.0
63.56356356356356, 29.728216719516116, 359.43100635032647, 22.35954039161103, 45.0
63.66366366366367, 29.715113126603487, 358.6430098117398, 22.359679826580958, 45.0
63.76376376376377, 29.702016120100687, 357.8564884084309, 22.359819113117435, 45.0
63.86386386386386, 29.688925750028236, 357.0714411671458, 22.359958251389113, 45.0
63.96396396396397, 29.675842067340426, 356.2878671177828, 22.360097241567537, 45.0
64.06406406406407, 29.66276512244159, 355.50576528838417, 22.360236083822553, 45.0
64.16416416416416, 29.64969496565829, 354.7251347067288, 22.360374778323756, 45.0
64.26426426426426, 29.636631647423435, 353.94597440090496, 22.360513325241097, 45.0
64.36436436436438, 29.623575219119086, 353.16828340175726, 22.360651724747616, 45.0
64.46446446446447, 29.610525731764003, 352.39206073907553, 22.360789977015173, 45.0
64.56456456456456, 29.59748323621092, 351.617305442167, 22.360928082215093, 45.0
64.66466466466467, 29.584447783340533, 350.8440165404049, 22.361066040518786, 45.0
64.76476476476478, 29.571419424865436, 350.0721930651204, 22.361203852100516, 45.0
64.86486486486487, 29.558398212413614, 349.3018340474454, 22.36134151713427, 45.0
64.96496496496496, 29.545384197337864, 348.53293851786435, 22.361479035793085, 45.0
65.06506506506507, 29.532377430991385, 347.7655055068619, 22.36161640824999, 45.0
65.16516516516516, 29.519377965337938, 346.9995340459682, 22.361753634680234, 45.0
65.26526526526527, 29.50638585260167, 346.23502316715854, 22.361890715259996, 45.0
65.36536536536536, 29.49340114461089, 345.47197190173097, 22.362027650164038, 45.0
65.46546546546547, 29.480423893193905, 344.7103792809834, 22.362164439567103, 45.0
65.56556556556556, 29.467454150558606, 343.950244336588, 22.362301083645413, 45.0
65.66566566566567, 29.454491969443996, 343.19156610073986, 22.362437582577233, 45.0
65.76576576576578, 29.441537402130805, 342.4343436051825, 22.36257393653906, 45.0
65.86586586586587, 29.428590500889694, 341.67857588164986, 22.362710145707354, 45.0
65.96596596596596, 29.41565131820754, 340.924261961903, 22.362846210259463, 45.0
66.06606606606607, 29.40271990723772, 340.1714008777875, 22.362982130375478, 45.0
66.16616616616618, 29.389796320708925, 339.41999166109485, 22.363117906233743, 45.0
66.26626626626627, 29.376880611305747, 338.6700333436115, 22.363253538012422, 45.0
66.36636636636636, 29.363972831818018, 337.92152495702925, 22.363389025890136, 45.0
66.46646646646647, 29.351073035720493, 337.1744655324268, 22.363524370048555, 45.0
66.56656656656658, 29.338181276175344, 336.4288541011627, 22.36365957066796, 45.0
66.66666666666667, 29.325297606250384, 335.68468969468006, 22.363794627928204, 45.0
66.76676676676676, 29.312422079051082, 334.9419713443419, 22.363929542009338, 45.0
66.86686686686687, 29.299554748290344, 334.20069808022265, 22.364064313094307, 45.0
66.96696696696698, 29.286695667540176, 333.4608689326959, 22.364198941365398, 45.0
67.06706706706707, 29.273844890222335, 332.72248293245354, 22.364333427004166, 45.0
67.16716716716716, 29.261002469776745, 331.9855391101196, 22.364467770192274, 45.0
67.26726726726727, 29.248168460137578, 331.2500364944667, 22.36460197111406, 45.0
67.36736736736736, 29.235342915184184, 330.5159741144729, 22.36473602995356, 45.0
67.46746746746747, 29.222525888639872, 329.7833509997005, 22.36486994689397, 45.0
67.56756756756758, 29.209717434235525, 329.0521661796696, 22.365003722118526, 45.0
67.66766766766767, 29.19691760612247, 328.32241868154597, 22.365137355812973, 45.0
67.76776776776777, 29.18412645846934, 327.59410753239837, 22.365270848163142, 45.0
67.86786786786787, 29.171344045274708, 326.8672317602478, 22.365404199353865, 45.0
67.96796796796798, 29.158570420538965, 326.1417903931005, 22.36553740956997, 45.0
68.06806806806807, 29.14580563859625, 325.41778245625324, 22.365670478998556, 45.0
68.16816816816817, 29.133049753861393, 324.6952069743474, 22.365803407827247, 45.0
68.26826826826826, 29.120302820574242, 323.97406297344486, 22.365936196242483, 45.0
68.36836836836838, 29.107564892974665, 323.25434947960764, 22.366068844430732, 45.0
68.46846846846847, 29.094836025540324, 322.53606551616286, 22.36620135258028, 45.0
68.56856856856857, 29.0821162728818, 321.81921010490856, 22.366333720880473, 45.0
68.66866866866867, 29.069405689448534, 321.1037822694962, 22.36646594951939, 45.0
68.76876876876878, 29.056704329696583, 320.38978103345653, 22.366598038685183, 45.0
68.86886886886887, 29.0440122482959, 319.6772054164051, 22.366729988568235, 45.0
68.96896896896897, 29.03132949990679, 318.96605443813417, 22.366861799358812, 45.0
69.06906906906907, 29.018656139119354, 318.2563271197208, 22.366993471246467, 45.0
69.16916916916917, 29.005992220546663, 317.5480224816821, 22.36712500442102, 45.0
69.26926926926927, 28.993337799006675, 316.8411395395365, 22.36725639907475, 45.0
69.36936936936938, 28.980692929246214, 316.1356773105374, 22.36738765539909, 45.0
69.46946946946947, 28.968057665978012, 315.4316348127706, 22.367518773585044, 45.0
69.56956956956957, 28.95543206395302, 314.729011062868, 22.36764975382427, 45.0
69.66966966966967, 28.942816178060706, 314.0278050721932, 22.36778059631067, 45.0
69.76976976976978, 28.93021006311301, 313.3280158550585, 22.367911301236894, 45.0
69.86986986986987, 28.917613773911558, 312.62964242616835, 22.368041868795416, 45.0
69.96996996996997, 28.905027365295485, 311.932683797344, 22.368172299179804, 45.0
70.07007007007007, 28.892450892159946, 311.2371389760958, 22.368302592585287, 45.0
70.17017017017018, 28.879884409356954, 310.5430069732532, 22.368432749205823, 45.0
70.27027027027027, 28.867327971737875, 309.85028679957384, 22.368562769235375, 45.0
70.37037037037037, 28.854781634167132, 309.15897746003145, 22.3686926528699, 45.0
70.47047047047047, 28.842245451509292, 308.4690779595443, 22.36882240030537, 45.0
70.57057057057058, 28.829719478624405, 307.78058730502715, 22.36895201173706, 45.0
70.67067067067067, 28.81720377036594, 307.0935045020665, 22.36908148736069, 45.0
70.77077077077077, 28.80469838155257, 306.4078285492234, 22.36921082737409, 45.0
70.87087087087087, 28.792203367018875, 305.72355844826865, 22.36934003197415, 45.0
70.97097097097098, 28.77971878160314, 305.0406932017226, 22.369469101357513, 45.0
71.07107107107107, 28.76724468009413, 304.3592318080073, 22.369598035721964, 45.0
71.17117117117117, 28.754781117222986, 303.6791732607748, 22.36972683526662, 45.0
71.27127127127127, 28.74232814776975, 303.00051655772495, 22.36985550018947, 45.0
71.37137137137137, 28.729885826495998, 302.3232606956576, 22.36998403068873, 45.0
71.47147147147147, 28.71745420773036, 301.64740464984845, 22.370112426967875, 45.0
71.57157157157158, 28.705033345974293, 300.9729474041668, 22.37024068922828, 45.0
71.67167167167167, 28.692623295891515, 300.2998879505468, 22.37036881766934, 45.0
71.77177177177177, 28.680224112145726, 299.6282252809222, 22.370496812490455, 45.0
71.87187187187187, 28.667835849400632, 298.9579583872271, 22.37062467389103, 45.0
71.97197197197198, 28.655458562319936, 298.2890862613952, 22.370752402070462, 45.0
72.07207207207207, 28.643092305567343, 297.6216078953607, 22.370879997228148, 45.0
72.17217217217217, 28.63073713380656, 296.95552228105737, 22.371007459563494, 45.0
72.27227227227228, 28.61839310170129, 296.29082841041924, 22.371134789275892, 45.0
72.37237237237238, 28.60606026391524, 295.6275252753802, 22.371261986564747, 45.0
72.47247247247248, 28.59373867413463, 294.965611830807, 22.371389051637365, 45.0
72.57257257257257, 28.58142838538895, 294.3050870066603, 22.371515984706363, 45.0
72.67267267267268, 28.569129451901926, 293.64594977819, 22.371642785974707, 45.0
72.77277277277278, 28.556841927906223, 292.98819912098384, 22.371769455645275, 45.0
72.87287287287288, 28.54456586763448, 292.33183401062934, 22.371895993920955, 45.0
72.97297297297297, 28.53230132531935, 291.67685342271403, 22.372022401004646, 45.0
73.07307307307308, 28.52004835519347, 291.02325633282544, 22.372148677099215, 45.0
73.17317317317318, 28.50780701148951, 290.37104171655136, 22.372274822407565, 45.0
73.27327327327328, 28.4955773484401, 289.72020854947925, 22.372400837132577, 45.0
73.37337337337338, 28.48335942027791, 289.07075580719663, 22.372526721477136, 45.0
73.47347347347348, 28.471153280533592, 288.42268244780547, 22.372652475647126, 45.0
73.57357357357357, 28.458958979913493, 287.775987359055, 22.372778099860472, 45.0
73.67367367367368, 28.446776571480832, 287.1306694874032, 22.372903594325052, 45.0
73.77377377377378, 28.434606108667552, 286.4867277884923, 22.37302895924717, 45.0
73.87387387387388, 28.42244764490559, 285.8441612179648, 22.373154194833113, 45.0
73.97397397397397, 28.41030123362687, 285.20296873146305, 22.3732793012892, 45.0
74.07407407407409, 28.398166928263343, 284.5631492846293, 22.37340427882173, 45.0
74.17417417417418, 28.386044782246945, 283.92470183310604, 22.373529127637, 45.0
74.27427427427428, 28.373934849009604, 283.2876253325355, 22.373653847941316, 45.0
74.37437437437437, 28.361837181983272, 282.65191873856014, 22.373778439940978, 45.0
74.47447447447448, 28.349751834428094, 282.01758100350906, 22.373902903842747, 45.0
74.57457457457458, 28.337678855195655, 281.3846109946818, 22.37402723986513, 45.0
74.67467467467468, 28.325618294785695, 280.7530076111662, 22.374151448222243, 45.0
74.77477477477477, 28.31357020542998, 280.12276978545674, 22.374275529123583, 45.0
74.87487487487488, 28.3015346393603, 279.49389645004777, 22.374399482778657, 45.0
74.97497497497498, 28.289511648808432, 278.8663865374339, 22.374523309396963, 45.0
75.07507507507508, 28.277501286006142, 278.24023898010955, 22.374647009187996, 45.0
75.17517517517518, 28.265503603185213, 277.6154527105691, 22.374770582361265, 45.0
75.27527527527528, 28.25351865257743, 276.99202666130714, 22.37489402912626, 45.0
75.37537537537538, 28.24154648641457, 276.369959764818, 22.37501734969249, 45.0
75.47547547547548, 28.229587156928403, 275.7492509535963, 22.375140544269453, 45.0
75.57557557557558, 28.21764071292622, 275.12989911780164, 22.375263613071585, 45.0
75.67567567567568, 28.20570720014958, 274.51190310969514, 22.37538655631775, 45.0
75.77577577577577, 28.193786668423883, 273.8952618320226, 22.375509374220915, 45.0
75.87587587587588, 28.181879167617105, 273.2799741880566, 22.375632066993994, 45.0
75.97597597597598, 28.169984747597233, 272.66603908106964, 22.375754634849887, 45.0
76.07607607607608, 28.15810345823226, 272.05345541433473, 22.375877078001515, 45.0
76.17617617617617, 28.14623534946376, 271.44222208928414, 22.375999396661918, 45.0
76.27627627627629, 28.134380472828163, 270.832337967468, 22.376121591047205, 45.0
76.37637637637638, 28.122538879363283, 270.2238019229053, 22.37624366137252, 45.0
76.47647647647648, 28.11071061957318, 269.61661284296275, 22.376365607851984, 45.0
76.57657657657657, 28.098895743961894, 269.010769615007, 22.37648743069973, 45.0
76.67667667667668, 28.087094303033485, 268.40627112640476, 22.37660913012988, 45.0
76.77677677677679, 28.07530634729199, 267.80311626452294, 22.37673070635656, 45.0
76.87687687687688, 28.063531926262453, 267.2013039029761, 22.37685215959503, 45.0
76.97697697697699, 28.05177108615958, 266.60083286887914, 22.37697349006437, 45.0
77.07707707707708, 28.040023875755555, 266.0017020252717, 22.37709469798071, 45.0
77.17717717717719, 28.02829034413838, 265.40391023962917, 22.377215783559805, 45.0
77.27727727727728, 28.016570540396042, 264.8074563794273, 22.377336747017427, 45.0
77.37737737737739, 28.00486451361654, 264.2123393121416, 22.37745758856933, 45.0
77.47747747747748, 27.99317231288786, 263.61855790524777, 22.37757830843128, 45.0
77.57757757757759, 27.98149398295474, 263.02611098873405, 22.37769890682188, 45.0
77.67767767767768, 27.96982956681608, 262.43499737752035, 22.377819383960873, 45.0
77.77777777777779, 27.958179111138463, 261.84521591818276, 22.377939740065607, 45.0
77.87787787787788, 27.946542662588755, 261.25676545729993, 22.378059975353427, 45.0
77.97797797797797, 27.934920267833814, 260.66964484145024, 22.378180090041678, 45.0
78.0780780780781, 27.923311973540496, 260.083852917212, 22.378300084347707, 45.0
78.17817817817819, 27.911717826101206, 259.499388527001, 22.37841995848912, 45.0
78.27827827827828, 27.900137868568233, 258.91625046256763, 22.37853971268658, 45.0
78.37837837837837, 27.888572145274402, 258.33443753508686, 22.3786593471596, 45.0
78.4784784784785, 27.877020701334015, 257.753948567587, 22.37877886212696, 45.0
78.57857857857859, 27.865483581861376, 257.1747823830965, 22.378898257807435, 45.0
78.67867867867868, 27.85396083196942, 256.59693780457053, 22.379017534419802, 45.0
78.77877877877879, 27.842452496221988, 256.020413625184, 22.379136692184233, 45.0
78.87887887887888, 27.830958619055938, 255.44520863122554, 22.379255731321194, 45.0
78.97897897897899, 27.81947924525389, 254.87132162773585, 22.37937465205031, 45.0
79.07907907907908, 27.80801441959848, 254.29875141975572, 22.379493454591184, 45.0
79.17917917917919, 27.796564186872327, 253.72749681232602, 22.379612139163434, 45.0
79.27927927927928, 27.78512859044077, 253.15755659445244, 22.379730705987427, 45.0
79.37937937937939, 27.773707670778222, 252.5889295224329, 22.37984915528508, 45.0
79.47947947947948, 27.76230147081133, 252.02161438030964, 22.379967487276996, 45.0
79.57957957957959, 27.750910033601315, 251.45560995364752, 22.380085702183713, 45.0
79.67967967967968, 27.73953340220941, 250.8909150280118, 22.380203800225765, 45.0
79.77977977977979, 27.728171619185407, 250.3275283832043, 22.380321781623916, 45.0
79.8798798798799, 27.716824723206003, 249.7654487553842, 22.380439646600717, 45.0
79.97997997997999, 27.70549275487331, 249.2046749024065, 22.38055739537783, 45.0
80.08008008008008, 27.694175755455614, 248.64520558963298, 22.380675028176622, 45.0
80.18018018018017, 27.682873766221217, 248.08703958242546, 22.380792545218448, 45.0
80.2802802802803, 27.671586828394478, 247.53017564546482, 22.380909946724685, 45.0
80.38038038038039, 27.660314980475665, 246.974612501219, 22.381027232918072, 45.0
80.48048048048048, 27.649058261125344, 246.42034887463979, 22.381144404021278, 45.0
80.58058058058057, 27.637816710269046, 245.86738351028117, 22.381261460256326, 45.0
80.6806806806807, 27.626590367832296, 245.315715152697, 22.381378401845247, 45.0
80.78078078078079, 27.61537927374063, 244.7653425464414, 22.38149522901007, 45.0
80.88088088088088, 27.604183467544622, 244.2162644309964, 22.381611941972963, 45.0
80.98098098098099, 27.59300298470524, 243.66847949052536, 22.38172854095761, 45.0
81.08108108108108, 27.58183786245888, 243.12198643320718, 22.38184502618703, 45.0
81.18118118118119, 27.570688138964762, 242.57678397970346, 22.381961397883916, 45.0
81.28128128128128, 27.559553852382095, 242.03287085067586, 22.38207765627094, 45.0
81.38138138138139, 27.548435040870096, 241.49024576678593, 22.38219380157079, 45.0
81.48148148148148, 27.53733174151119, 240.94890743509163, 22.38230983400645, 45.0
81.58158158158159, 27.526243987238924, 240.40885451023638, 22.382425753802035, 45.0
81.6816816816817, 27.515171813863837, 239.87008568320948, 22.38254156118088, 45.0
81.78178178178179, 27.50411525761774, 239.33259965032292, 22.382657256366194, 45.0
81.88188188188188, 27.493074354732457, 238.7963951078885, 22.382772839581193, 45.0
81.98198198198199, 27.4820491414398, 238.26147075221806, 22.382888311049097, 45.0
82.0820820820821, 27.471039651892898, 237.72782525245267, 22.383003670993542, 45.0
82.18218218218219, 27.460045917356336, 237.19545723997712, 22.383118919638783, 45.0
82.28228228228228, 27.44906797206293, 236.66436538497393, 22.38323405720844, 45.0
82.38238238238237, 27.438105850326025, 236.13454835867856, 22.38334908392613, 45.0
82.4824824824825, 27.427159586458977, 235.6060048323263, 22.38346400001547, 45.0
82.58258258258259, 27.41622921476579, 235.0787334770263, 22.38357880570007, 45.0
82.68268268268268, 27.405314765671402, 234.55273291140037, 22.383693501204064, 45.0
82.78278278278279, 27.394416269025285, 234.0280017462838, 22.383808086751664, 45.0
82.8828828828829, 27.38353375727716, 233.50453862769544, 22.383922562566745, 45.0
82.98298298298299, 27.37266726287672, 232.98234220165403, 22.38403692887316, 45.0
83.08308308308308, 27.36181681827369, 232.4614111141783, 22.384151185894776, 45.0
83.18318318318319, 27.350982455917762, 231.94174401128694, 22.384265333855463, 45.0
83.28328328328328, 27.34016420809116, 231.42333953702635, 22.38437937297909, 45.0
83.38338338338339, 27.329362100436065, 230.90619625724614, 22.384493303489975, 45.0
83.48348348348348, 27.3185761598803, 230.3903127529366, 22.384607125612366, 45.0
83.58358358358359, 27.307806416169242, 229.87568763826883, 22.384720839570303, 45.0
83.68368368368368, 27.29705289904828, 229.36231952741403, 22.38483444558783, 45.0
83.78378378378379, 27.286315638262774, 228.85020703454336, 22.384947943889003, 45.0
83.8838838838839, 27.27559466355811, 228.33934877382785, 22.385061334697852, 45.0
83.98398398398399, 27.264890004195536, 227.82974335353123, 22.385174618238437, 45.0
84.08408408408408, 27.254201682469013, 227.32138929690294, 22.385287794734737, 45.0
84.18418418418419, 27.243529723562254, 226.8142851624525, 22.385400864410762, 45.0
84.2842842842843, 27.232874154592647, 226.30842953228446, 22.385513827490545, 45.0
84.38438438438439, 27.222235002677586, 225.8038209885033, 22.385626684198105, 45.0
84.48448448448448, 27.211612294934454, 225.3004581132135, 22.38573943475747, 45.0
84.58458458458459, 27.20100605848063, 224.7983394885193, 22.385852079392663, 45.0
84.6846846846847, 27.190416319490414, 224.29746368426424, 22.38596461832763, 45.0
84.78478478478479, 27.179843097431654, 223.79782918310144, 22.38607705178572, 45.0
84.88488488488488, 27.169286415694035, 223.29943451867172, 22.386189379990633, 45.0
84.98498498498499, 27.158746298875336, 222.80227824032218, 22.386301603166164, 45.0
85.08508508508508, 27.148222771573334, 222.3063588974, 22.386413721536126, 45.0
85.18518518518519, 27.137715858385803, 221.8116750392523, 22.386525735324316, 45.0
85.28528528528528, 27.127225583910526, 221.31822521522622, 22.386637644754533, 45.0
85.38538538538539, 27.116751971084184, 220.82600795511252, 22.386749450050363, 45.0
85.48548548548548, 27.106295036244624, 220.33502171101298, 22.386861151434484, 45.0
85.58558558558559, 27.095854800402016, 219.8452649900374, 22.38697274913022, 45.0
85.6856856856857, 27.08543128528005, 219.3567363076956, 22.387084243360974, 45.0
85.78578578578579, 27.075024512602404, 218.86943417949772, 22.387195634350164, 45.0
85.88588588588588, 27.064634504092766, 218.38335712095366, 22.3873069223212, 45.0
85.98598598598599, 27.054261280940686, 217.89850364083605, 22.387418107497382, 45.0
86.0860860860861, 27.04390485850959, 217.41487217442673, 22.387529190100715, 45.0
86.18618618618619, 27.033565254810885, 216.93246119040944, 22.387640170353787, 45.0
86.28628628628628, 27.023242489202012, 216.45126917444645, 22.387751048479494, 45.0
86.38638638638639, 27.012936581040403, 215.97129461219996, 22.387861824700718, 45.0
86.4864864864865, 27.002647549683505, 215.49253598933242, 22.387972499240355, 45.0
86.58658658658659, 26.992375414389606, 215.01499179032538, 22.388083072321262, 45.0
86.68668668668668, 26.982120188796415, 214.5386604327278, 22.388193544164846, 45.0
86.78678678678679, 26.9718818870888, 214.06354034060433, 22.388303914992655, 45.0
86.8868868868869, 26.96166052604698, 213.5896299689265, 22.388414185026903, 45.0
86.98698698698699, 26.951456122451162, 213.1169277726657, 22.388524354489814, 45.0
87.08708708708708, 26.94126869308157, 212.6454322067933, 22.388634423603605, 45.0
87.18718718718719, 26.931098254718407, 212.17514172628066, 22.3887443925905, 45.0
87.28728728728728, 26.92094482010053, 211.70605473967763, 22.388854261671487, 45.0
87.38738738738739, 26.910808399207585, 211.23816962383975, 22.388964031066724, 45.0
87.4874874874875, 26.900689006121283, 210.7714848027416, 22.389073700997617, 45.0
87.58758758758759, 26.89058665493908, 210.30599870053877, 22.389183271685567, 45.0
87.68768768768768, 26.88050135975842, 209.84170974138655, 22.38929274335198, 45.0
87.78778778778779, 26.870433134676745, 209.37861634944034, 22.389402116218264, 45.0
87.8878878878879, 26.860381991397254, 208.91671691937216, 22.389511390504886, 45.0
87.98798798798799, 26.850347936333307, 208.45600978071386, 22.389620566430224, 45.0
88.08808808808809, 26.840330980784344, 207.9964933231656, 22.3897296442146, 45.0
88.18818818818819, 26.830331136377215, 207.53816594045935, 22.389838624078436, 45.0
88.2882882882883, 26.82034841473878, 207.08102602632695, 22.389947506242173, 45.0
88.38838838838839, 26.810382827495882, 206.62507197450046, 22.390056290926246, 45.0
88.48848848848849, 26.80043438627538, 206.17030217871175, 22.39016497835109, 45.0
88.58858858858859, 26.790503099535314, 205.71671499691638, 22.390273568735847, 45.0
88.6886886886887, 26.780588969281297, 205.26430871422082, 22.39038206229703, 45.0
88.78878878878879, 26.770692003668707, 204.81308168516338, 22.390490459253655, 45.0
88.88888888888889, 26.76081221121488, 204.36303226836912, 22.39059875982489, 45.0
88.988988988989, 26.75094960043715, 203.91415882246284, 22.3907069642299, 45.0
89.0890890890891, 26.74110417985285, 203.46645970606963, 22.390815072687857, 45.0
89.1891891891892, 26.73127595797932, 203.01993327781443, 22.39092308541792, 45.0
89.2892892892893, 26.721464940163315, 202.57457785945712, 22.39103100263771, 45.0
89.3893893893894, 26.71167112581152, 202.13039170369208, 22.391138824561953, 45.0
89.48948948948949, 26.701894520179053, 201.6873731312138, 22.391246551408212, 45.0
89.5895895895896, 26.6921351288211, 201.24552046620585, 22.391354183394206, 45.0
89.6896896896897, 26.682392957292855, 200.80483203285183, 22.391461720737663, 45.0
89.7897897897898, 26.672668011149497, 200.36530615533547, 22.391569163656293, 45.0
89.88988988988989, 26.66296029594623, 199.92694115784033, 22.391676512367823, 45.0
89.98998998999, 26.653269814083103, 199.48973532619678, 22.391783767088135, 45.0
90.0900900900901, 26.643596562532505, 199.0536868802575, 22.391890928029948, 45.0
90.1901901901902, 26.633940543795013, 198.618794107075, 22.3919979954092, 45.0
90.29029029029029, 26.624301760616284, 198.18505529668053, 22.392104969441974, 45.0
90.3903903903904, 26.614680215741974, 197.75246873910564, 22.392211850344356, 45.0
90.4904904904905, 26.60507591191773, 197.32103272438175, 22.392318638332423, 45.0
90.5905905905906, 26.595488851889215, 196.8907455425403, 22.392425333622267, 45.0
90.69069069069069, 26.585919034982584, 196.46160544372037, 22.392531936427833, 45.0
90.7907907907908, 26.576366455149238, 196.0336106153583, 22.392638446959715, 45.0
90.8908908908909, 26.566831112039374, 195.60675931137365, 22.392744865432064, 45.0
90.990990990991, 26.55731300551892, 195.18104978820244, 22.39285119205917, 45.0
91.09109109109109, 26.547812135453785, 194.75648030228058, 22.392957427055315, 45.0
91.1911911911912, 26.538328501709895, 194.33304911004413, 22.393063570634784, 45.0
91.2912912912913, 26.52886210415316, 193.9107544679292, 22.393169623011868, 45.0
91.3913913913914, 26.51941293958006, 193.48959459762045, 22.393275584398786, 45.0
91.4914914914915, 26.509980998678152, 193.0695676516392, 22.393381455003667, 45.0
91.5915915915916, 26.500566278029677, 192.65067184924484, 22.39348723503858, 45.0
91.69169169169169, 26.491168774551916, 192.23290541348973, 22.393592924715843, 45.0
91.7917917917918, 26.481788485162134, 191.8162665674263, 22.393698524247753, 45.0
91.8918918918919, 26.47242540677763, 191.400753534107, 22.39380403384662, 45.0
91.991991991992, 26.463079536315682, 190.98636453658432, 22.393909453724742, 45.0
92.09209209209209, 26.45375086815252, 190.57309776842538, 22.394014784092494, 45.0
92.19219219219221, 26.44443939034749, 190.16095134989845, 22.394120025155402, 45.0
92.2922922922923, 26.435145096559314, 189.74992346624498, 22.394225177123282, 45.0
92.3923923923924, 26.42586798089652, 189.34001230792563, 22.39433024020629, 45.0
92.49249249249249, 26.416608037467615, 188.93121606540097, 22.394435214614585, 45.0
92.5925925925926, 26.407365260381123, 188.52353292913168, 22.394540100558327, 45.0
92.6926926926927, 26.39813964374557, 188.1169610895785, 22.394644898247673, 45.0
92.7927927927928, 26.38893117955922, 187.71149871252365, 22.39474960789099, 45.0
92.89289289289289, 26.379739853318732, 187.30714388771645, 22.394854229691106, 45.0
92.992992992993, 26.37056565584083, 186.9038947671216, 22.39495876385539, 45.0
93.0930930930931, 26.36140857852325, 186.5017495094986, 22.395063210591694, 45.0
93.1931931931932, 26.35226861276371, 186.10070627360648, 22.39516757010787, 45.0
93.2932932932933, 26.343145749959938, 185.7007632182046, 22.395271842611763, 45.0
93.3933933933934, 26.334039981509655, 185.30191850205225, 22.395376028311247, 45.0
93.4934934934935, 26.324951296960304, 184.90417026194177, 22.395480127412394, 45.0
93.5935935935936, 26.315879678922702, 184.5075165523129, 22.39558414011469, 45.0
93.6936936936937, 26.306825115471426, 184.11195549247174, 22.395688066622828, 45.0
93.7937937937938, 26.297787595459237, 183.71748521096353, 22.39579190714223, 45.0
93.89389389389389, 26.2887671077389, 183.3241038363332, 22.395895661878328, 45.0
93.99399399399401, 26.279763641163164, 182.9318094971258, 22.395999331036545, 45.0
94.0940940940941, 26.270777184584805, 182.54060032188647, 22.39610291482232, 45.0
94.1941941941942, 26.261807726856578, 182.1504744391602, 22.396206413441067, 45.0
94.29429429429429, 26.25285525261116, 181.7614299316861, 22.39630982709422, 45.0
94.39439439439441, 26.243919740855237, 181.3734648211372, 22.39641315597785, 45.0
94.4944944944945, 26.235001177221296, 180.98657720110495, 22.39651640029432, 45.0
94.5945945945946, 26.226099547533284, 180.60076516725877, 22.396619560246194, 45.0
94.69469469469469, 26.217214837615156, 180.21602681526832, 22.396722636036007, 45.0
94.7947947947948, 26.208347033290874, 179.83236024080304, 22.396825627866324, 45.0
94.8948948948949, 26.19949612038438, 179.44976353953265, 22.396928535939693, 45.0
94.994994994995, 26.19066208471116, 179.06823480702954, 22.39703136045865, 45.0
95.0950950950951, 26.181844905938537, 178.68777206845826, 22.397134101618878, 45.0
95.1951951951952, 26.173044562756296, 178.30837333778885, 22.397236759614948, 45.0
95.2952952952953, 26.16426103829033, 177.93003667979303, 22.397339334646396, 45.0
95.3953953953954, 26.155494315666544, 177.55276015924255, 22.39744182691276, 45.0
95.4954954954955, 26.146744378010833, 177.1765418409091, 22.39754423661358, 45.0
95.5955955955956, 26.138011208449086, 176.8013797895645, 22.39764656394839, 45.0
95.6956956956957, 26.129294790107213, 176.42727206998046, 22.397748809116717, 45.0
95.7957957957958, 26.120595105782442, 176.05421674294223, 22.39785097231768, 45.0
95.8958958958959, 26.11191213132195, 175.68221178493258, 22.397953053741222, 45.0
95.995995995996, 26.10324584505429, 175.311255202533, 22.398055053580563, 45.0
96.09609609609609, 26.094596227697167, 174.9413450313046, 22.398156972032073, 45.0
96.19619619619621, 26.08596325996829, 174.5724793068084, 22.398258809292113, 45.0
96.2962962962963, 26.077346922585374, 174.20465606460564, 22.398360565557052, 45.0
96.3963963963964, 26.068747196266123, 173.83787334025743, 22.398462241023257, 45.0
96.49649649649649, 26.060164061728248, 173.4721291693249, 22.398563835887085, 45.0
96.59659659659661, 26.05159749855137, 173.10742157442772, 22.39866535034335, 45.0
96.6966966966967, 26.043047479283217, 172.74374849822544, 22.398766784577234, 45.0
96.7967967967968, 26.034513981052974, 172.38110793547366, 22.398868138780184, 45.0
96.8968968968969, 26.025996982178302, 172.0194978944422, 22.398969413145288, 45.0
96.996996996997, 26.017496460976847, 171.658916383401, 22.399070607865625, 45.0
97.0970970970971, 26.00901239576627, 171.29936141061987, 22.39917172313427, 45.0
97.1971971971972, 26.000544764864234, 170.94083098436863, 22.399272759144306, 45.0
97.2972972972973, 25.992093546588386, 170.58332311291716, 22.399373716088814, 45.0
97.3973973973974, 25.983658716907808, 170.22683577865635, 22.399474594157397, 45.0
97.4974974974975, 25.975240246330745, 169.8713669038037, 22.399575393531574, 45.0
97.5975975975976, 25.966838110502035, 169.51691446717734, 22.39967611440047, 45.0
97.6976976976977, 25.958452285445773, 169.16347645177413, 22.399776756953774, 45.0
97.7977977977978, 25.950082747186052, 168.8110508405911, 22.39987732138116, 45.0
97.8978978978979, 25.941729471746957, 168.45963561662518, 22.399977807872325, 45.0
97.99799799799801, 25.93339243515257, 168.10922876287327, 22.40007821661695, 45.0
98.0980980980981, 25.925071613426994, 167.75982826233243, 22.40017854780472, 45.0
98.1981981981982, 25.916766978930273, 167.41143205634026, 22.40027880161902, 45.0
98.29829829829829, 25.90847850155873, 167.0640380582223, 22.400378978239008, 45.0
98.39839839839841, 25.900206155276436, 166.71764422755354, 22.40047907785083, 45.0
98.4984984984985, 25.891949914069354, 166.3722485241579, 22.40057910064066, 45.0
98.5985985985986, 25.88370975192344, 166.02784890785924, 22.400679046794682, 45.0
98.69869869869869, 25.875485642824657, 165.68444333848143, 22.400778916499082, 45.0
98.79879879879881, 25.86727756075897, 165.34202977584832, 22.400878709940038, 45.0
98.8988988988989, 25.85908547963476, 165.00060617890145, 22.400978427303592, 45.0
98.998998998999, 25.8509093685017, 164.66017045131952, 22.40107806876629, 45.0
99.0990990990991, 25.842749197083748, 164.32072050445038, 22.40117763450601, 45.0
99.1991991991992, 25.834604937524887, 163.98225427716744, 22.401277124705345, 45.0
99.2992992992993, 25.82647656196912, 163.64476970834403, 22.40137653954689, 45.0
99.3993993993994, 25.81836404256043, 163.30826473685354, 22.40147587921323, 45.0
99.4994994994995, 25.810267351442818, 162.97273730156928, 22.40157514388696, 45.0
99.5995995995996, 25.80218646076027, 162.63818534136476, 22.40167433375067, 45.0
99.6996996996997, 25.7941213421706, 162.30460678953366, 22.40177344898585, 45.0
99.79979979979981, 25.78607196203734, 161.9719995186108, 22.40187248976197, 45.0
99.8998998998999, 25.778038289575974, 161.64036143386093, 22.401971456254987, 45.0
100.0, 25.77002029534168, 161.3096904559236, 22.40207034864388, 45.0
