Initial conditions: Te0=4.8, Ti0=7.2, rho0=1000.0, Rh0=10000.0
t (ps), Te (keV), Ti (keV), rho (g/cm^3), Rh (um)
0.0, 4.8, 7.2, 1000.0, 10000.0
0.1001001001001001, 5.898270958985953, 6.168884856502132, 999.9872420446256, 10000.05887853308
0.2002002002002002, 6.015946746984272, 6.067166091447428, 999.9742834239355, 10000.11783387943
0.3003003003003003, 6.03613041497489, 6.058059878043389, 999.9612948798637, 10000.176819744054
0.4004004004004004, 6.043614647703172, 6.061427177216828, 999.948294118538, 10000.235831694159
0.5005005005005005, 6.0495863424358545, 6.06671901426049, 999.9352831017075, 10000.294870176911
0.6006006006006006, 6.055585516174323, 6.072505313622921, 999.9222616830347, 10000.353936348587
0.7007007007007008, 6.061836090551889, 6.078601055204049, 999.9092294073671, 10000.413031517613
0.8008008008008008, 6.068381817516955, 6.084993039675219, 999.8961857538545, 10000.472157075237
0.9009009009009009, 6.075242056706696, 6.0916924226481965, 999.8831301756873, 10000.531314469275
1.001001001001001, 6.082433989061635, 6.098714565598969, 999.870062089917, 10000.590505242086
1.1011011011011012, 6.089974897610067, 6.106076348391078, 999.8569808885987, 10000.649731002504
1.2012012012012012, 6.097883307751825, 6.113795470626853, 999.8438859326992, 10000.708993442526
1.3013013013013013, 6.1061788324688395, 6.121890791061863, 999.8307765495675, 10000.768294344009
1.4014014014014016, 6.114882218413548, 6.130382353296302, 999.8176520324034, 10000.827635580205
1.5015015015015014, 6.124015515363398, 6.139291430841696, 999.8045116376999, 10000.887019122692
1.6016016016016017, 6.133602204627098, 6.148640629136757, 999.7913545825386, 10000.946447048758
1.7017017017017018, 6.143667229958242, 6.158453943626311, 999.7781800439132, 10001.00592154327
1.8018018018018018, 6.154237121134896, 6.168756904273865, 999.7649871556664, 10001.065444907043
1.901901901901902, 6.165340173484438, 6.179576701612378, 999.7517750050442, 10001.125019566194
2.002002002002002, 6.1770065138369, 6.190942227352101, 999.7385426321615, 10001.184648073755
2.1021021021021022, 6.189268432278551, 6.202884416318223, 999.7252890217414, 10001.244333132021
2.2022022022022023, 6.2021604184314265, 6.215436223513585, 999.7120131042287, 10001.304077589772
2.3023023023023024, 6.215719375978455, 6.228632849641974, 999.6987137511504, 10001.363884454962
2.4024024024024024, 6.229984422588923, 6.242512189305763, 999.6853897727829, 10001.42375690102
2.5025025025025025, 6.244998042017685, 6.257114422918754, 999.672039911272, 10001.483698286154
2.6026026026026026, 6.260805573169572, 6.272482812759494, 999.6586628377602, 10001.543712160963
2.702702702702703, 6.277455731343455, 6.288663772154752, 999.6452571472906, 10001.603802282683
2.802802802802803, 6.29500093658082, 6.305707148454837, 999.631821353499, 10001.663972629887
2.9029029029029028, 6.313497643559975, 6.3236665574364075, 999.6183538829713, 10001.724227418177
3.003003003003003, 6.333006776854993, 6.342599749825612, 999.6048530685138, 10001.784571118878
3.1031031031031033, 6.353594111343644, 6.3625689930240785, 999.5913171432868, 10001.845008475444
3.2032032032032034, 6.375330778369214, 6.383641570647028, 999.5777442327262, 10001.905544525986
3.3033033033033035, 6.398293894052979, 6.405890205584114, 999.5641323466605, 10001.966184625366
3.4034034034034035, 6.422567160174217, 6.429393649257734, 999.5504793704896, 10002.02693446995
3.503503503503504, 6.448241408311176, 6.454237495178525, 999.5367830553027, 10002.087800125257
3.6036036036036037, 6.475415767142149, 6.480514573307731, 999.5230410072337, 10002.148788056142
3.703703703703704, 6.504198326758641, 6.508325993754658, 999.5092506757252, 10002.209905159765
3.803803803803804, 6.534707035574142, 6.537782285448512, 999.4954093399147, 10002.27115880397
3.903903903903904, 6.567071433487632, 6.569003872465766, 999.4815140952632, 10002.332556865558
4.004004004004004, 6.6014335088043845, 6.602122831646986, 999.4675618368415, 10002.39410777741
4.104104104104104, 6.637949475294513, 6.637283999471085, 999.4535492425982, 10002.455820576335
4.2042042042042045, 6.6767915978435814, 6.6746467159758565, 999.4394727524192, 10002.517704962702
4.3043043043043046, 6.718150682691816, 6.714386653930128, 999.4253285432744, 10002.579771371406
4.404404404404405, 6.762237763099758, 6.756698053995287, 999.411112509715, 10002.642031028037
4.504504504504505, 6.809287547143786, 6.801796061756373, 999.3968202328231, 10002.704496038024
4.604604604604605, 6.8595621863958085, 6.849919295784053, 999.3824469489784, 10002.767179476916
4.704704704704705, 6.913353899241439, 6.901334460417214, 999.3679875141277, 10002.830095492913
4.804804804804805, 6.9709915428241205, 6.956338751485476, 999.3534363630637, 10002.89325942579
4.904904904904906, 7.032844487587518, 7.015265878041416, 999.3387874648855, 10002.95668793562
5.005005005005005, 7.099330366531104, 7.078490907107145, 999.3240342692836, 10003.020399159754
5.105105105105106, 7.1709228609841835, 7.146437361833924, 999.3091696447563, 10003.084412893084
5.205205205205205, 7.248161163133235, 7.2195849983449545, 999.2941858116762, 10003.148750784592
5.305305305305305, 7.331661818613348, 7.298479534302726, 999.2790742607187, 10003.213436577205
5.405405405405406, 7.422132942897356, 7.3837443122353745, 999.2638256598934, 10003.278496382234
5.505505505505505, 7.52039178964234, 7.476094313339394, 999.2484297464221, 10003.343958999769
5.605605605605606, 7.627386100672716, 7.576353773563184, 999.2328751993216, 10003.40985629739
5.705705705705706, 7.744221034817123, 7.685477273187462, 999.2171494905036, 10003.476223654798
5.8058058058058055, 7.8721923983604425, 7.804576382117511, 999.2012387082067, 10003.543100492945
5.9059059059059065, 8.012828690563477, 7.934952693649269, 999.1851273473425, 10003.610530905204
6.006006006006006, 8.167944162882062, 8.078139284129199, 999.1687980599547, 10003.678564412066
6.106106106106107, 8.339707058906422, 8.235953653244332, 999.1522313531273, 10003.747256879295
6.206206206206207, 8.530726080785206, 8.410564974260847, 999.1354052283107, 10003.816671619763
6.306306306306307, 8.744163853025057, 8.60458056162661, 999.1182947409484, 10003.886880746932
6.406406406406407, 8.98388335425797, 8.821159283321077, 999.1008714635972, 10003.957966834381
6.506506506506507, 9.254641695645955, 9.06415934261354, 999.0831028275664, 10004.030024965423
6.606606606606607, 9.562344251350913, 9.338335645012501, 999.0649513110701, 10004.10316527815
6.706706706706707, 9.914384374890865, 9.649603429827254, 999.0463734331155, 10004.177516146094
6.806806806806807, 10.32009411510129, 10.005397764433773, 999.0273185018693, 10004.253228169438
6.906906906906907, 10.791347485981781, 10.415166113649198, 999.0077270538453, 10004.330479202517
7.007007007007008, 11.343361773197534, 10.891054970464506, 998.9875289047737, 10004.409480701283
7.107107107107107, 11.995754173836604, 11.448875944934267, 998.9666407211153, 10004.49048573116
7.207207207207207, 12.773906752934723, 12.109481027820106, 998.9449630112691, 10004.573799029638
7.307307307307307, 13.710657698417267, 12.9007276690413, 998.9223764525118, 10004.659789491398
7.407407407407408, 14.848236344306734, 13.860276390525552, 998.8987375226327, 10004.748905308395
7.507507507507508, 16.2400985267017, 15.039473583926112, 998.8738735704793, 10004.841691488076
7.607607607607608, 17.951767101650496, 16.508384849770717, 998.847577833371, 10004.938808258135
7.707707707707708, 20.058779271040734, 18.36126767052006, 998.8196056803599, 10005.041046275799
7.807807807807808, 22.638470625010108, 20.719720322405855, 998.7896747335632, 10005.149329843412
7.907907907907909, 25.75178929303248, 23.726983657626896, 998.7574733638411, 10005.26469281655
8.008008008008009, 29.415003340447008, 27.523786632947296, 998.7226829719625, 10005.38820817093
8.108108108108109, 33.57244375665884, 32.202299056838946, 998.6850159224289, 10005.520863261276
8.208208208208209, 38.093053107356745, 37.757276237662175, 998.6442603815652, 10005.663408215867
8.308308308308309, 42.80402761925549, 44.072709321541886, 998.6003122196303, 10005.81624355124
8.408408408408409, 47.542790847831036, 50.96106320003335, 998.5531773678738, 10005.979404732765
8.508508508508509, 52.19366363630961, 58.226734313941044, 998.5029465682508, 10006.15264027501
8.608608608608609, 56.69689193842793, 65.7157642523991, 998.4497586636267, 10006.33553098083
8.70870870870871, 61.03850574394632, 73.33591706171383, 998.39376653717, 10006.527602796998
8.80880880880881, 65.21026983466238, 81.00546188650564, 998.3351207197817, 10006.728382589963
8.90890890890891, 69.20105045055547, 88.63810984304304, 998.2739723999892, 10006.937390014635
9.00900900900901, 73.00468238251217, 96.1590467618893, 998.2104731487348, 10007.154139588994
9.10910910910911, 76.62096365994834, 103.5099983584807, 998.144771942984, 10007.37815134001
9.20920920920921, 80.05460079842271, 110.64942801229375, 998.0770122484334, 10007.608961078282
9.30930930930931, 83.31369645436865, 117.55050336911464, 998.0073298938272, 10007.846127932424
9.40940940940941, 86.40836379751977, 124.19826591971417, 997.9358518190412, 10008.089238894629
9.50950950950951, 89.34965264840983, 130.5867890056402, 997.8626955520535, 10008.337910872904
9.60960960960961, 92.14879806324973, 136.71669418667102, 997.7879692117197, 10008.591790936089
9.70970970970971, 94.81673577085706, 142.59314075682533, 997.7117718530787, 10008.85055537087
9.809809809809812, 97.36381696444946, 148.2242790416578, 997.6341940144061, 10009.113908027668
9.90990990990991, 99.79966084633598, 153.62010276366001, 997.5553183629524, 10009.38157830594
10.01001001001001, 102.1330989772843, 158.79162313397794, 997.4752203743069, 10009.653319001452
10.11011011011011, 104.37217386540085, 163.7502846359627, 997.3939689988672, 10009.92890417604
10.210210210210212, 106.52417371062903, 168.50756847184454, 997.311627298962, 10010.208127108144
10.310310310310312, 108.59568334406481, 173.07472719842426, 997.2282530362726, 10010.490798395696
10.41041041041041, 110.59264304121248, 177.4626150607896, 997.1438992080406, 10010.77674421899
10.51051051051051, 112.52040942426522, 181.68158631922137, 997.0586145311341, 10011.065804768623
10.61061061061061, 114.38381468157438, 185.7414409053349, 996.972443875897, 10011.357832833814
10.710710710710712, 116.18722182057068, 189.6514014014962, 996.8854286528741, 10011.652692542182
10.810810810810812, 117.93457573468353, 193.42011317430618, 996.7976071573786, 10011.95025823536
10.91091091091091, 119.62944907228328, 197.0556576395208, 996.7090148752179, 10012.250413470356
11.01101101101101, 121.27508334604384, 200.56557471214992, 996.6196847541036, 10012.553050132195
11.11111111111111, 122.87442550367423, 203.9568906472833, 996.5296474448945, 10012.858067644558
11.211211211211213, 124.4301602324971, 207.2361483482859, 996.4389315158095, 10013.165372268415
11.311311311311313, 125.9447385010017, 210.4094386919725, 996.3475636430635, 10013.474876477494
11.411411411411413, 127.42040271692089, 213.48243176678878, 996.2555687806536, 10013.786498401756
11.511511511511511, 128.85920887877924, 216.46040717620068, 996.1629703118531, 10014.100161330616
11.611611611611611, 130.26304607574397, 219.34828303412317, 996.0697901844628, 10014.415793269263
11.711711711711713, 131.63365367146838, 222.15064328507947, 995.9760490319187, 10014.733326541213
11.811811811811813, 132.97263654508038, 224.8717626298143, 995.8817662826733, 10015.05269742933
11.911911911911913, 134.28147832444515, 227.51563149429617, 995.7869602564623, 10015.373845859607
12.012012012012011, 135.5615534091711, 230.08597685348036, 995.6916482537, 10015.696715107699
12.112112112112113, 136.81413726606124, 232.58628340873, 995.5958466332564, 10016.021251543327
12.212212212212213, 138.0404159021303, 235.01981160818187, 995.4995708852896, 10016.347404391063
12.312312312312313, 139.2414939912409, 237.389615233606, 995.4028356951545, 10016.67512552026
12.412412412412413, 140.4184023296148, 239.69855689046054, 995.3056550027891, 10017.004369249926
12.512512512512513, 141.57210433677042, 241.94932259110712, 995.2080420557845, 10017.335092174239
12.612612612612613, 142.70350194581633, 244.14443491329962, 995.1100094581084, 10017.667253002404
12.712712712712714, 143.81344085384416, 246.28626516210147, 995.0115692144019, 10018.000812413015
12.812812812812814, 144.90271520618063, 248.37704447103783, 994.9127327703452, 10018.33573292132
12.912912912912914, 145.97207186168654, 250.4188740139009, 994.813511049854, 10018.671978756931
13.013013013013014, 147.02221415585726, 252.41373432334518, 994.7139144887332, 10019.009515753147
13.113113113113114, 148.05380536552036, 254.36349388546702, 994.6139530659635, 10019.348311244068
13.213213213213214, 149.06747172529327, 256.26991695156386, 994.5136363318215, 10019.688333972112
13.313313313313314, 150.06380546767943, 258.134670944194, 994.4129734354937, 10020.02955399721
13.413413413413414, 151.04336726776228, 259.9593330305563, 994.3119731487667, 10020.371942618904
13.513513513513514, 152.0066881797598, 261.74539595555575, 994.2106438863102, 10020.715472309574
13.613613613613614, 152.9542723564992, 263.4942741911882, 994.1089937298509, 10021.06011663501
13.713713713713714, 153.88659860307203, 265.207308790658, 994.0070304452668, 10021.405850198144
13.813813813813814, 154.80412201743945, 266.8857720744744, 993.9047614997272, 10021.752648582673
13.913913913913914, 155.70727598674802, 268.53087248358634, 993.802194080463, 10022.100488291353
14.014014014014016, 156.59647329581418, 270.14375824039547, 993.699335107976, 10022.449346702531
14.114114114114114, 157.47210756158498, 271.72552125136946, 993.596191250832, 10022.799202021497
14.214214214214214, 158.3345546244477, 273.27720081653075, 993.4927689398754, 10023.150033233745
14.314314314314315, 159.18417342804574, 274.7997865040288, 993.3890743790398, 10023.501820069407
14.414414414414415, 160.02130721524065, 276.29422138925287, 993.285113557831, 10023.854542962206
14.514514514514516, 160.84628451798488, 277.76140488708427, 993.1808922622791, 10024.208183013443
14.614614614614615, 161.65941988643044, 279.20219506943585, 993.0764160839958, 10024.562721962206
14.714714714714717, 162.46101485529624, 280.6174113268838, 992.9716904305545, 10024.918142151244
14.814814814814817, 163.25135867060257, 282.0078365489277, 992.8667205341173, 10025.274426498601
14.914914914914917, 164.03072890791543, 283.374219053396, 992.7615114591606, 10025.631558472205
15.015015015015017, 164.79939223685398, 284.7172747353545, 992.6560681110086, 10025.98952206182
15.115115115115117, 165.5576049708056, 286.03768876889797, 992.5503952427612, 10026.34830175627
15.215215215215215, 166.30561360659985, 287.33611724920286, 992.4444974620066, 10026.707882521367
15.315315315315315, 167.04365541147354, 288.6131888976267, 992.3383792377356, 10027.068249777181
15.415415415415415, 167.7719588309719, 289.8695063655367, 992.2320449058609, 10027.429389379904
15.515515515515515, 168.49074399307, 291.1056477173651, 992.1254986753194, 10027.79128760179
15.615615615615615, 169.20022319179765, 292.32216784694594, 992.0187446339207, 10028.153931111927
15.715715715715717, 169.90060129385407, 293.5195997070138, 991.9117867535394, 10028.517306959178
15.815815815815817, 170.59207587252487, 294.69845492063484, 991.8046288931798, 10028.881402562112
15.915915915915917, 171.27483773790937, 295.85922524437916, 991.6972748049085, 10029.24620568951
16.016016016016017, 171.94907132630118, 297.0023837065037, 991.5897281386573, 10029.611704444573
16.116116116116117, 172.61495497267245, 298.1283854713684, 991.4819924460763, 10029.977887252278
16.216216216216218, 173.27266102517268, 299.2376683186359, 991.3740711831186, 10030.344742850873
16.316316316316318, 173.9223562806457, 300.3306538565602, 991.2659677149826, 10030.71226027565
16.416416416416418, 174.56420225183936, 301.40774833377765, 991.1576853197216, 10031.080428847086
16.516516516516518, 175.19835538316394, 302.46934331896387, 991.0492271913888, 10031.4492381605
16.616616616616618, 175.82496715521035, 303.5158160976467, 990.9405964421921, 10031.818678079007
16.716716716716718, 176.44418443222355, 304.54753065546345, 990.8317961066163, 10032.188738719955
16.816816816816818, 177.05614965241807, 305.564838270322, 990.7228291441969, 10032.55941044582
16.916916916916918, 177.6610009993835, 306.56807804799695, 990.6136984420854, 10032.930683855786
17.017017017017018, 178.2588725127263, 307.5575772915524, 990.504406817047, 10033.302549779195
17.117117117117118, 178.84989434761272, 308.53365225679664, 990.394957018706, 10033.674999264882
17.217217217217218, 179.4341929211945, 309.4966086067192, 990.2853517317801, 10034.048023573838
17.31731731731732, 180.01189104924964, 310.4467418362897, 990.1755935781952, 10034.42161417228
17.41741741741742, 180.58310805040813, 311.3843376085584, 990.0656851188915, 10034.795762725716
17.51751751751752, 181.14795994538423, 312.3096723365307, 989.9556288564117, 10035.170461090453
17.61761761761762, 181.70655957321725, 313.2230135442925, 989.8454272367505, 10035.545701307521
17.71771771771772, 182.25901670008648, 314.1246202016447, 989.7350826510867, 10035.921475597006
17.81781781781782, 182.80543811741816, 315.01474302637376, 989.6245974373932, 10036.297776352756
17.91791791791792, 183.34592779267973, 315.89362493361494, 989.5139738825299, 10036.674596135515
18.01801801801802, 183.8805869654438, 316.76150132895697, 989.4032142237913, 10037.051927667848
18.11811811811812, 184.4095142343745, 317.6186003741952, 989.2923206503449, 10037.429763829428
18.21821821821822, 184.932805648032, 318.46514326251105, 989.1812953046883, 10037.808097652258
18.31831831831832, 185.45055481904137, 319.3013445585858, 989.0701402843121, 10038.1869223152
18.41841841841842, 185.96285300520134, 320.12741244380953, 988.9588576430278, 10038.566231139652
18.518518518518523, 186.46978917017205, 320.9435489001368, 988.8474493920695, 10038.946017585902
18.61861861861862, 186.97145007564447, 321.7499499852661, 988.7359175014992, 10039.326275248548
18.71871871871872, 187.4679203773526, 322.54680611835005, 988.6242639016366, 10039.7069978518
18.81881881881882, 187.95928269255188, 323.3343022815966, 988.5124904841874, 10040.088179245777
18.91891891891892, 188.44561767610537, 324.11261824646283, 988.4005991034452, 10040.469813402571
19.01901901901902, 188.9270040653637, 324.8819287065716, 988.2885915771553, 10040.851894413421
19.11911911911912, 189.4035186688213, 325.64240324298964, 988.1764696867776, 10041.234416487865
19.21921921921922, 189.87523655106716, 326.3942068728623, 988.064235179794, 10041.617373946152
19.31931931931932, 190.34223105545783, 327.1375001150988, 987.9518897703055, 10042.000761217301
19.41941941941942, 190.8045738593762, 327.87243915264685, 987.8394351399608, 10042.384572836056
19.519519519519523, 191.2623350304981, 328.59917599743454, 987.7268729388854, 10042.768803439838
19.619619619619623, 191.71558301450503, 329.31785845003265, 987.6142047858903, 10043.153447768078
19.71971971971972, 192.16438473716246, 330.0286304012048, 987.5014322698571, 10043.538500657673
19.81981981981982, 192.6088056682196, 330.7316320191009, 987.3885569507206, 10043.923957039759
19.91991991991992, 193.04890985260099, 331.4269998384889, 987.2755803601018, 10044.309811937643
20.02002002002002, 193.48475995734236, 332.11486689698745, 987.1625040020971, 10044.696060464226
20.12012012012012, 193.9164172945985, 332.79536279755484, 987.0493293537863, 10045.082697820339
20.22022022022022, 194.3439418378983, 333.4686137501855, 986.936057865655, 10045.469719293358
20.32032032032032, 194.76739231780363, 334.1347428583722, 986.8226909629274, 10045.85712025285
20.420420420420424, 195.18682623820877, 334.7938701610231, 986.7092300459776, 10046.244896149206
20.520520520520524, 195.60229991326835, 335.44611273801945, 986.595676490974, 10046.633042511556
20.620620620620624, 196.01386850122393, 336.0915848057438, 986.4820316504802, 10047.021554945788
20.720720720720724, 196.42158600871085, 336.7303977165044, 986.3682968536913, 10047.410429133788
20.82082082082082, 196.82550535431542, 337.36266015143354, 986.2544734073882, 10047.799660830306
20.92092092092092, 197.22567839829452, 337.98847820317224, 986.1405625964734, 10048.189245861216
21.02102102102102, 197.62215596859537, 338.60795544664654, 986.0265656844583, 10048.579180121911
21.12112112112112, 198.01498789100665, 339.2211930234693, 985.912483913997, 10048.96945957556
21.22122122122122, 198.40422300375377, 339.8282896804402, 985.7983185072405, 10049.360080251961
21.32132132132132, 198.78990918255406, 340.4293418388709, 985.6840706663047, 10049.751038245997
21.421421421421424, 199.17209338584686, 341.0244437234006, 985.5697415739569, 10050.142329715402
21.521521521521525, 199.55082167108503, 341.61368740551444, 985.4553323939773, 10050.53395087957
21.621621621621625, 199.92613921954973, 342.1971628722406, 985.3408442716108, 10050.925898018091
21.721721721721725, 200.2980903578401, 342.7749580838275, 985.22627833397, 10051.318167469415
21.82182182182182, 200.6667185671887, 343.34715899024496, 985.1116356902722, 10051.710755630109
21.92192192192192, 201.0320665225955, 343.9138496495369, 984.9969174324783, 10052.103658952738
22.02202202202202, 201.39417611018263, 344.47511227225306, 984.8821246356339, 10052.496873944769
22.12212212212212, 201.75308844658736, 345.03102727307726, 984.7672583582355, 10052.890397167363
22.22222222222222, 202.10884389913264, 345.58167332537124, 984.6523196426047, 10053.28422523417
22.322322322322325, 202.46148209633347, 346.1271273856089, 984.5373095151375, 10053.6783548105
22.422422422422425, 202.81104195043358, 346.66746475554777, 984.4222289867043, 10054.072782612022
22.522522522522525, 203.15756168055916, 347.202759146448, 984.307079053054, 10054.467505403441
22.622622622622625, 203.5010788268387, 347.7330827151591, 984.191860695102, 10054.862519997576
22.722722722722725, 203.84163026744832, 348.25850610947555, 984.0765748792529, 10055.257823254273
22.822822822822825, 204.17925223104, 348.7790984988224, 983.9612225576592, 10055.653412079595
22.922922922922922, 204.51398030435587, 349.29492758963454, 983.8458046684132, 10056.049283425176
23.023023023023022, 204.84584946525575, 349.80605972248844, 983.730322136079, 10056.445434286494
23.123123123123122, 205.17489409136803, 350.3125598911096, 983.6147758718956, 10056.841861702202
23.223223223223222, 205.50114797442941, 350.81449177979596, 983.4991667740528, 10057.238562753228
23.323323323323326, 205.82464433500834, 351.3119178022188, 983.3834957279728, 10057.635534561861
23.423423423423426, 206.14541583704045, 351.8048991397654, 983.2677636065869, 10058.032774290845
23.523523523523526, 206.4634946022153, 352.29349577954724, 983.151971270608, 10058.43027914249
23.623623623623626, 206.7789121947545, 352.77776645579695, 983.0361195683885, 10058.828046359145
23.723723723723726, 207.09169963850638, 353.257768697019, 982.920209336228, 10059.226073222206
23.823823823823826, 207.40188746744786, 353.7335589824555, 982.8042413991479, 10059.624357049548
23.923923923923926, 207.70950571646333, 354.20519270351673, 982.6882165708282, 10060.022895195765
24.024024024024023, 208.01458393312973, 354.6727241939916, 982.5721356538376, 10060.421685051411
24.124124124124123, 208.31715118934446, 355.13620675987676, 982.4559994398594, 10060.82072404226
24.224224224224226, 208.61723609281708, 355.5956927088849, 982.3398087099155, 10061.220009628583
24.324324324324326, 208.91486679707612, 356.0512333753566, 982.2235642345676, 10061.619539304484
24.424424424424426, 209.2100709808446, 356.5028790481301, 982.1072667737013, 10062.019310598625
24.524524524524526, 209.5028758895305, 356.9506790955316, 981.9909170771542, 10062.419321072159
24.624624624624627, 209.79330834934916, 357.394682003671, 981.8745158849696, 10062.819568317904
24.724724724724727, 210.08139476783157, 357.83493537166663, 981.7580639274643, 10063.220049960133
24.824824824824827, 210.36716114318259, 358.27148593504614, 981.6415619254165, 10063.620763653951
24.924924924924927, 210.650633073507, 358.7043795888341, 981.5250105902502, 10064.021707084705
25.025025025025027, 210.93183576592142, 359.1336614103834, 981.408410624217, 10064.422877967378
25.125125125125123, 211.2107940412545, 359.559375668207, 981.2917627205122, 10064.82427404623
25.225225225225227, 211.487532322067, 359.98156577758147, 981.1750675631407, 10065.225893095234
25.325325325325327, 211.76207467201905, 360.4002744204331, 981.0583258275476, 10065.627732916008
25.425425425425427, 212.03444479534713, 360.81554353777824, 980.9415381806533, 10066.029791337707
25.525525525525527, 212.30466604187887, 361.22741433997373, 980.8247052809718, 10066.432066216641
25.625625625625627, 212.57276141450748, 361.63592732492964, 980.707827778763, 10066.834555435778
25.725725725725727, 212.83875357655307, 362.04112229605727, 980.5909063161843, 10067.237256904249
25.825825825825827, 213.1026648590237, 362.443038379994, 980.4739415274382, 10067.640168556867
25.925925925925927, 213.3645172613971, 362.8417140222218, 980.3569340388175, 10068.04328835399
26.026026026026027, 213.62433245255468, 363.237186983317, 980.2398844687494, 10068.446614281378
26.126126126126128, 213.88213179471902, 363.62949441419784, 980.1227934282124, 10068.85014434882
26.226226226226228, 214.1379363420669, 364.0186728446219, 980.0056615207435, 10069.253876590124
26.326326326326328, 214.39176684665392, 364.40475819685486, 979.8884893425625, 10069.657809062715
26.426426426426428, 214.64364376450234, 364.7877857999916, 979.7712774826988, 10070.06193984721
26.526526526526528, 214.89358726159955, 365.1677904040573, 979.6540265231157, 10070.466267047028
26.626626626626628, 215.14161721975773, 365.5448061937554, 979.5367370388328, 10070.870788787985
26.726726726726728, 215.38775323338643, 365.9188667771373, 979.419409597925, 10071.275503218296
26.826826826826828, 215.63201462025143, 366.29000521295166, 979.3020447617089, 10071.680408507988
26.926926926926928, 215.87442043275104, 366.65825403945763, 979.1846430849358, 10072.085502848238
27.027027027027028, 216.11498945874152, 367.02364527439926, 979.0672051158434, 10072.490784451242
27.127127127127128, 216.35374022658658, 367.3862104266893, 978.9497313962639, 10072.896251549835
27.227227227227228, 216.59069101012275, 367.7459805079026, 978.8322224617294, 10073.301902397163
27.32732732732733, 216.8258598335486, 368.1029860436004, 978.7146788415777, 10073.707735266342
27.42742742742743, 217.05926447565523, 368.4572570824574, 978.5971010590437, 10074.113748450152
27.52752752752753, 217.29092246788068, 368.80882318398557, 978.4794896312421, 10074.519940261103
27.62762762762763, 217.5208511067241, 369.15771345632265, 978.3618450694061, 10074.926309030656
27.72772772772773, 217.74906745741768, 369.50395656368073, 978.2441678789686, 10075.33285310896
27.82782782782783, 217.9755883568193, 369.8475807311641, 978.1264585596309, 10075.73957086462
27.92792792792793, 218.2004304175944, 370.18861375415344, 978.0087176054528, 10076.146460684418
28.028028028028032, 218.423610032331, 370.52708300753307, 977.8909455049424, 10076.553520973022
28.128128128128132, 218.64514337759246, 370.86301545477545, 977.7731427411429, 10076.96075015269
28.22822822822823, 218.86504641647142, 371.1964376526105, 977.6553097916981, 10077.36814666307
28.32832832832833, 219.0833348985442, 371.5273757480121, 977.537447128874, 10077.77570896113
28.42842842842843, 219.30002437070814, 371.8558555075668, 977.4195552197529, 10078.183435520526
28.52852852852853, 219.51513017833835, 372.1819023181124, 977.3016345262738, 10078.591324831468
28.62862862862863, 219.72866746849107, 372.5055411934981, 977.1836855053064, 10078.999375400484
28.72872872872873, 219.94065119338734, 372.8267967822176, 977.0657086087266, 10079.407585750172
28.82882882882883, 220.15109611384207, 373.1456933749165, 976.9477042834936, 10079.815954418958
28.92892892892893, 220.36001680264107, 373.4622549117848, 976.8296729717239, 10080.224479960842
29.029029029029033, 220.56742764387394, 373.776504978096, 976.7116151106995, 10080.633160945388
29.129129129129133, 220.7733428365332, 374.0884668123239, 976.5935311329467, 10081.041995957463
29.22922922922923, 220.97777640454186, 374.39816333319135, 976.4754214664173, 10081.45098359664
29.32932932932933, 221.18074219592242, 374.705617134834, 976.3572865344942, 10081.860122477197
29.429429429429433, 221.38225388583203, 375.01085049336416, 976.2391267560591, 10082.269411227877
29.52952952952953, 221.582324979581, 375.31388537342, 976.1209425455598, 10082.678848491689
29.629629629629633, 221.780968815618, 375.61474343465136, 976.0027343130772, 10083.088432925686
29.72972972972973, 221.9781985684853, 375.9134460381512, 975.8845024643902, 10083.498163200742
29.829829829829833, 222.17402725174819, 376.2100142528435, 975.7662474010417, 10083.908038001358
29.92992992992993, 222.3684677209014, 376.50446886183926, 975.6479695204032, 10084.318056025439
30.030030030030034, 222.56153267625714, 376.7968303687682, 975.5296692157385, 10084.728215984089
30.13013013013013, 222.75323465409008, 377.08711896827026, 975.4113468760656, 10085.13851660208
30.230230230230234, 222.94358602597825, 377.3753545415579, 975.2930028861589, 10085.548956617822
30.33033033033033, 223.13259902829307, 377.66155674412767, 975.1746376270715, 10085.959534781681
30.43043043043043, 223.3202857506424, 377.94574496809344, 975.0562514759503, 10086.370249856567
30.530530530530534, 223.50665813805674, 378.22793834653936, 974.9378448060855, 10086.781100617784
30.63063063063063, 223.6917279933907, 378.5081557585631, 974.8194179869672, 10087.192085852841
30.730730730730734, 223.8755069797002, 378.78641583427225, 974.7009713843378, 10087.603204361287
30.83083083083083, 224.0580066225954, 379.06273695973965, 974.5825053602464, 10088.014454954537
30.930930930930934, 224.23923831257525, 379.33713728192635, 974.4640202731018, 10088.425836455694
31.03103103103103, 224.41921330734306, 379.6096347135792, 974.3455164777246, 10088.837347699386
31.131131131131134, 224.59794273410836, 379.8802469381096, 974.2269943253993, 10089.24898753159
31.23123123123123, 224.77543758412241, 380.1489913918625, 974.1084541637981, 10089.660754809896
31.331331331331334, 224.95170870910195, 380.41588525191224, 973.9898963369338, 10090.072648403651
31.431431431431434, 225.12676684632444, 380.6809455074526, 973.871321185591, 10090.48466719256
31.53153153153153, 225.30062260958047, 380.9441889316932, 973.7527290471884, 10090.896810067126
31.631631631631635, 225.47328649071264, 381.2056320846357, 973.634120255818, 10091.309075928531
31.73173173173173, 225.64476886153665, 381.46529131698605, 973.5154951422893, 10091.721463688502
31.831831831831835, 225.81507997574073, 381.72318277402775, 973.3968540341747, 10092.133972269145
31.93193193193193, 225.9842299707665, 381.9793223994607, 973.2781972558522, 10092.546600602822
32.032032032032035, 226.1522288696714, 382.2337259392114, 973.1595251285496, 10092.959347632002
32.13213213213213, 226.31908658297652, 382.4864089452179, 973.0408379703874, 10093.372212309123
32.232232232232235, 226.48481291049967, 382.73738677919675, 972.9221360964215, 10093.78519359646
32.332332332332335, 226.64941753854876, 382.9866746032086, 972.8034198186033, 10094.198290466251
32.432432432432435, 226.81291003566292, 383.23428736610845, 972.6846894457135, 10094.61150190091
32.532532532532535, 226.97529987172794, 383.48023985660444, 972.5659452837124, 10095.024826891897
32.632632632632635, 227.13659641189182, 383.72454668454566, 972.4471876356411, 10095.438264440034
32.732732732732735, 227.29680891763394, 383.9672222826074, 972.3284168016505, 10095.851813555411
32.832832832832835, 227.45594654831, 384.20828090935123, 972.209633079038, 10096.265473257274
32.932932932932935, 227.61401836267862, 384.44773665225057, 972.0908367622839, 10096.679242573893
33.033033033033036, 227.77103332041068, 384.68560343068583, 971.9720281430873, 10097.093120542468
33.133133133133136, 227.92700028358303, 384.92189499891344, 971.8532075104031, 10097.507106208992
33.233233233233236, 228.08192801815773, 385.15662494900994, 971.7343751504761, 10097.921198628148
33.333333333333336, 228.23582519544794, 385.3898067137966, 971.6155313468767, 10098.335396863195
33.433433433433436, 228.38870039127212, 385.62145356242735, 971.4966763804892, 10098.749699986
33.533533533533536, 228.54056208278854, 385.85157858861623, 971.3778105294537, 10099.164107077246
33.633633633633636, 228.6914186607364, 386.08019474791496, 971.2589340694179, 10099.578617225588
33.733733733733736, 228.84127842637002, 386.30731484629626, 971.1400472734808, 10099.99322952786
33.833833833833836, 228.9901495922887, 386.5329515411528, 971.0211504122145, 10100.407943088989
33.933933933933936, 229.13804028370427, 386.75711734370805, 970.9022437536955, 10100.8227570219
34.034034034034036, 229.28495853969468, 386.9798246213986, 970.7833275635342, 10101.237670447426
34.13413413413413, 229.43091231444325, 387.20108560022874, 970.6644021049053, 10101.652682494201
34.234234234234236, 229.57590947846543, 387.4209123670999, 970.5454676385784, 10102.06779229857
34.334334334334336, 229.71995781982366, 387.63931687211846, 970.4265244229458, 10102.48299900449
34.434434434434436, 229.86306504533167, 387.8563109308834, 970.307572714053, 10102.898301763442
34.53453453453454, 230.00523878020243, 388.07190622328915, 970.1886127656032, 10103.31369973441
34.63463463463464, 230.1464865647728, 388.2861142857771, 970.0696448289191, 10103.72919208401
34.73473473473474, 230.28681586476145, 388.49894653394034, 969.9506691531082, 10104.144777985952
34.83483483483484, 230.42623406903857, 388.7104142571293, 969.8316859850397, 10104.560456621117
34.93493493493494, 230.56474849014927, 388.920528619238, 969.7126955693628, 10104.97622717749
35.03503503503504, 230.70236636535347, 389.12930066065314, 969.5936981485327, 10105.392088850094
35.13513513513514, 230.83909485765227, 389.3367413001805, 969.4746939628359, 10105.808040840891
35.23523523523524, 230.97494105680266, 389.5428613369493, 969.3556832504162, 10106.22408235871
35.33533533533534, 231.1099119803208, 389.7476714522987, 969.2366662472991, 10106.64021261916
35.43543543543544, 231.24401457447425, 389.95118221164597, 969.1176431874175, 10107.056430844552
35.53553553553554, 231.37725571526457, 390.1534040663387, 968.9986143026354, 10107.472736263826
35.63563563563564, 231.5096422086674, 390.3543473531895, 968.8795798227568, 10107.889128112514
35.73573573573574, 231.64118078863493, 390.55402228699415, 968.7605399754858, 10108.30560563288
35.83583583583584, 231.77187812343973, 390.75243897927885, 968.641494986567, 10108.72216807346
35.93593593593594, 231.90174081484832, 390.94960743452816, 968.5224450797714, 10109.13881468911
36.03603603603604, 232.0307753985769, 391.1455375504548, 968.4033904769092, 10109.555544740957
36.13613613613614, 232.158988345157, 391.3402391195721, 968.2843313978523, 10109.972357496337
36.23623623623624, 232.28638606079096, 391.53372183074725, 968.1652680605547, 10110.389252228733
36.33633633633634, 232.41297488819717, 391.7259952707363, 968.0462006810758, 10110.806228217683
36.43643643643644, 232.53876110744665, 391.917068925702, 967.9271294735997, 10111.223284748732
36.53653653653654, 232.66375093679002, 392.1069521827157, 967.8080546504577, 10111.64042111336
36.63663663663664, 232.78795053347673, 392.2956543312453, 967.6889764221485, 10112.057636608903
36.73673673673674, 232.911365994125, 392.48318456348954, 967.5698949973505, 10112.474930538534
36.83683683683684, 233.03400335305375, 392.66955196945725, 967.4508105828962, 10112.892302211332
36.93693693693694, 233.1558685871614, 392.85476554895735, 967.3317233838686, 10113.309750941979
37.037037037037045, 233.27696761558136, 393.03883421011056, 967.2126336036001, 10113.72727605075
37.13713713713714, 233.39730629999727, 393.22176676956747, 967.093541443684, 10114.144876863495
37.23723723723724, 233.51689044536852, 393.40357195379437, 966.9744471039927, 10114.56255271157
37.33733733733734, 233.63572580064687, 393.5842584003426, 966.8553507826964, 10114.98030293177
37.43743743743744, 233.75381805948564, 393.76383465910374, 966.7362526762819, 10115.398126866294
37.53753753753754, 233.87117286094025, 393.94230919354885, 966.6171529795698, 10115.816023862653
37.63763763763764, 233.98779579016175, 394.1196903819564, 966.4980518857338, 10116.233993273643
37.73773773773774, 234.10369237908316, 394.29598651862625, 966.3789495863172, 10116.652034457273
37.83783783783784, 234.21886810661894, 394.4712058139942, 966.2598462712424, 10117.070146776734
37.93793793793794, 234.33332839583173, 394.64535638787305, 966.1407421287656, 10117.488329600556
38.03803803803804, 234.44707862058377, 394.8184462842043, 966.0216373456017, 10117.906582302205
38.138138138138146, 234.56012410473502, 394.99048346891163, 965.9025321069142, 10118.324904260096
38.23823823823824, 234.67247012198501, 395.16147582922054, 965.7834265963186, 10118.743294857613
38.33833833833834, 234.78412189649998, 395.3314311747595, 965.6643209958983, 10119.161753483027
38.43843843843844, 234.8950846035341, 395.50035723865375, 965.5452154862209, 10119.580279529468
38.53853853853854, 235.00536337004556, 395.6682616786103, 965.4261102463547, 10119.998872394855
38.63863863863864, 235.11496327530773, 395.83515207799525, 965.3070054538845, 10120.417531481866
38.73873873873874, 235.2238893515157, 396.00103594690535, 965.1879012849273, 10120.836256197857
38.83883883883884, 235.3321465843886, 396.1659207232332, 965.0687979141481, 10121.255045954846
38.93893893893894, 235.43973991376805, 396.3298137737281, 964.9496955147764, 10121.673900169431
39.03903903903905, 235.54667423421336, 396.4927223950529, 964.8305942586203, 10122.092818262761
39.13913913913914, 235.65295439559313, 396.6546538148372, 964.7114943160831, 10122.511799660479
39.23923923923925, 235.75858520367441, 396.81561519272896, 964.5923958561783, 10122.930843792674
39.33933933933934, 235.86357142070946, 396.97561362144376, 964.4732990465452, 10123.349950093825
39.43943943943944, 235.9679177636412, 397.1346561218223, 964.3542040534162, 10123.769118002923
39.53953953953954, 236.0716288941638, 397.2927496173752, 964.2351110414237, 10124.188346964085
39.63963963963964, 236.1747094399738, 397.44990098739663, 964.1160201740256, 10124.607636425182
39.73973973973974, 236.27716398858524, 397.6061170509759, 963.9969316133852, 10125.026985838218
39.83983983983984, 236.378997085965, 397.7614045631543, 963.877845520349, 10125.446394659408
39.93993993993995, 236.48021323702892, 397.91577021577297, 963.7587620544588, 10125.865862349145
40.04004004004004, 236.58081690613352, 398.06922063831433, 963.6396813739655, 10126.285388371949
40.14014014014015, 236.6808125175642, 398.22176239873863, 963.5206036358421, 10126.70497219643
40.24024024024024, 236.78020445601925, 398.3734020043135, 963.4015289957966, 10127.124613295238
40.34034034034035, 236.87899706709067, 398.5241459024405, 963.2824576082853, 10127.544311145035
40.44044044044044, 236.97719465774207, 398.6740004814767, 963.163389626525, 10127.964065226444
40.54054054054054, 237.07480149678304, 398.8229720715526, 963.044325202506, 10128.383875024008
40.64064064064064, 237.1718218153413, 398.9710669453883, 962.9252644870052, 10128.803740026153
40.74074074074074, 237.26825980733273, 399.11829131910565, 962.8062076295977, 10129.223659725154
40.84084084084085, 237.3641196299282, 399.2646513530401, 962.6871547786703, 10129.64363361708
40.94094094094094, 237.4594054040199, 399.4101531525507, 962.5681060814335, 10130.063661201764
41.04104104104105, 237.55412121213064, 399.55480276255383, 962.4490616838839, 10130.483741982931
41.14114114114114, 237.64827109213556, 399.6986061517693, 962.3300217306851, 10130.903875468564
41.24124124124125, 237.74185905353667, 399.84156925238415, 962.2109863654886, 10131.324061169893
41.34134134134134, 237.83488907168214, 399.98369794552826, 962.0919557308245, 10131.744298601723
41.44144144144145, 237.92736508722223, 400.1249980596206, 961.9729299680938, 10132.164587282476
41.54154154154154, 238.01929100650483, 400.2654753710268, 961.8539092175789, 10132.58492673415
41.64164164164164, 238.11067070196745, 400.405135604711, 961.7348936184558, 10133.005316482284
41.74174174174174, 238.20150801252612, 400.5439844348839, 961.6158833088031, 10133.425756055924
41.84184184184184, 238.29180674396133, 400.68202748564545, 961.4968784256141, 10133.846244987593
41.94194194194195, 238.38157066930103, 400.81927033162475, 961.3778791048063, 10134.266782813249
42.04204204204204, 238.47080352920102, 400.95571849861517, 961.258885481233, 10134.687369072259
42.14214214214215, 238.55950903232318, 401.0913774642073, 961.1398976886926, 10135.108003307363
42.24224224224224, 238.64769085571075, 401.2262526584185, 961.0209158599397, 10135.528685064639
42.34234234234235, 238.7353526451624, 401.3603494643208, 960.9019401266953, 10135.949413893473
42.44244244244244, 238.82249801560366, 401.4936732186659, 960.782970619657, 10136.370189346524
42.54254254254254, 238.90913055145697, 401.6262292125095, 960.664007468509, 10136.79101097969
42.64264264264264, 238.99525380451257, 401.75802268616786, 960.5450508018823, 10137.21187835225
42.74274274274274, 239.08087129068988, 401.8890588216601, 960.4261007472921, 10137.632791027045
42.84284284284285, 239.16598650144869, 402.0193427683874, 960.3071574313703, 10138.053748569753
42.94294294294294, 239.25060289912548, 402.1488796323468, 960.1882209797737, 10138.474750549158
43.04304304304305, 239.33472391684737, 402.27767447573177, 960.069291517186, 10138.895796537161
43.14314314314314, 239.41835295884826, 402.4057323174492, 959.9503691673254, 10139.316886108758
43.24324324324325, 239.50149340078255, 402.53305813362994, 959.8314540529549, 10139.73801884199
43.34334334334334, 239.58414859003526, 402.659656858137, 959.7125462958903, 10140.159194317943
43.44344344344345, 239.66632184603029, 402.7855333830693, 959.5936460170094, 10140.580412120691
43.54354354354354, 239.74801646053606, 402.91069255926243, 959.4747533362602, 10141.00167183729
43.64364364364364, 239.82923569796847, 403.0351391967855, 959.3558683726702, 10141.422973057737
43.74374374374375, 239.90998279569175, 403.15887806543657, 959.2369912443548, 10141.844315374958
43.84384384384384, 239.99026096431766, 403.28191389523346, 959.1181220685255, 10142.265698384757
43.94394394394395, 240.07007338800202, 403.40425137690465, 958.9992609614985, 10142.687121685814
44.04404404404404, 240.14942322473993, 403.52589516237583, 958.8804080387035, 10143.108584879643
44.14414414414415, 240.22831360665904, 403.64684986525634, 958.7615634146918, 10143.530087570565
44.24424424424424, 240.30674763844604, 403.76712005621766, 958.6427272030991, 10143.951629365838
44.34434434434435, 240.38472839652826, 403.88671026044216, 958.5238995166278, 10144.37320987571
44.44444444444444, 240.46225893515592, 404.00562497396277, 958.405080467195, 10144.794828712942
44.54454454454455, 240.53934228369593, 404.12386865594937, 958.2862701658681, 10145.216485493007
44.64464464464465, 240.61598144678, 404.2414457288107, 958.1674687228696, 10145.638179834088
44.74474474474474, 240.69217940456295, 404.35836057860047, 958.0486762475846, 10146.059911357046
44.84484484484485, 240.76793911297867, 404.4746175554195, 957.929892848569, 10146.481679685401
44.94494494494494, 240.84326350399374, 404.590220973814, 957.8111186335553, 10146.903484445298
45.04504504504505, 240.9181554858596, 404.705175113171, 957.6923537094616, 10147.325325265507
45.14514514514514, 240.99261794336218, 404.81948421811023, 957.5735981823972, 10147.747201777367
45.24524524524525, 241.06665373806993, 404.93315249887377, 957.4548521576711, 10148.169113614795
45.34534534534534, 241.14026570858005, 405.04618413171227, 957.3361157397982, 10148.591060414243
45.44544544544545, 241.21345667076324, 405.15858325926854, 957.217389032507, 10149.013041814685
45.545545545545544, 241.28622941800646, 405.27035399095934, 957.098672138746, 10149.435057457587
45.64564564564565, 241.35858672145486, 405.38150040335466, 956.9799651606916, 10149.857106986894
45.74574574574575, 241.4305313302516, 405.49202654055466, 956.8612681997536, 10150.279190049
45.845845845845844, 241.50206596978475, 405.6019364111674, 956.7425813565503, 10150.701306292834
45.94594594594595, 241.5731933419957, 405.7112339888037, 956.623904730915, 10151.123455369852
46.046046046046044, 241.643916129779, 405.8199232195492, 956.5052384219737, 10151.545636933759
46.14614614614615, 241.71423699475952, 405.9280080181429, 956.3865825281101, 10151.967850640645
46.246246246246244, 241.78415857747572, 406.0354922682597, 956.267937146972, 10152.390096148958
46.34634634634635, 241.85368349759028, 406.1423798228389, 956.1493023754767, 10152.81237311948
46.446446446446444, 241.9228143540988, 406.2486745044109, 956.0306783098182, 10153.234681215314
46.54654654654655, 241.99155372553616, 406.3543801054213, 955.9120650454724, 10153.657020101864
46.64664664664665, 242.05990417018182, 406.45950038855096, 955.7934626772045, 10154.079389446813
46.74674674674675, 242.12786822626302, 406.56403908703606, 955.6748712990742, 10154.501788920097
46.84684684684685, 242.19544841215622, 406.6679999049843, 955.5562910044414, 10154.924218193899
46.946946946946944, 242.26264722658752, 406.77138651768934, 955.4377218859736, 10155.346676942623
47.04704704704705, 242.32946714883087, 406.87420257194395, 955.3191640356506, 10155.769164842868
47.147147147147145, 242.39591063890546, 406.9764516863509, 955.2006175447709, 10156.191681573428
47.24724724724725, 242.46198013777135, 407.0781374516321, 955.0820825039577, 10156.614226815249
47.347347347347345, 242.5276780675242, 407.1792634309364, 954.9635590031647, 10157.03680025143
47.44744744744745, 242.59300683010002, 407.2798331564655, 954.8450471316452, 10157.459401567316
47.54754754754755, 242.6579688082407, 407.37985013169106, 954.7265469779762, 10157.882030450415
47.64764764764765, 242.72256636759096, 407.4793178363741, 954.608058630113, 10158.304686590236
47.74774774774775, 242.78680185554748, 407.5782397235508, 954.4895821753598, 10158.727369678365
47.84784784784785, 242.8506776014335, 407.6766192197998, 954.3711177003767, 10159.150079408462
47.94794794794795, 242.91419591667272, 407.7744597255088, 954.2526652911836, 10159.572815476233
48.048048048048045, 242.97735909496163, 407.8717646151382, 954.134225033167, 10159.995577579413
48.14814814814815, 243.0401694124402, 407.968537237483, 954.0157970110837, 10160.418365417767
48.248248248248245, 243.10262912786118, 408.06478091593294, 953.897381309067, 10160.841178693045
48.34834834834835, 243.16474048275813, 408.1604989487293, 953.7789780106314, 10161.264017108995
48.44844844844845, 243.22650570161198, 408.25569460922145, 953.6605871986781, 10161.686880371319
48.54854854854855, 243.28792699201634, 408.35037114612015, 953.5422089554994, 10162.109768187682
48.64864864864865, 243.34900654484142, 408.44453178375, 953.4238433627849, 10162.532680267681
48.74874874874875, 243.40974653439707, 408.53817972229984, 953.3054905016248, 10162.955616322826
48.84884884884885, 243.4701491185945, 408.63131813807206, 953.1871504525168, 10163.378576066541
48.94894894894895, 243.5302164391017, 408.72395018371725, 953.0688232953692, 10163.80155921413
49.04904904904905, 243.58995062029797, 408.81607898557314, 952.9505091094782, 10164.22456548287
49.149149149149146, 243.64935377049073, 408.90770764646237, 952.8322079735577, 10164.6475945919
49.24924924924925, 243.7084279828909, 408.99883924790976, 952.7139199657634, 10165.070646262153
49.349349349349346, 243.767175335, 409.08947684852774, 952.5956451636794, 10165.493720216396
49.44944944944945, 243.8255978887569, 409.17962348423623, 952.4773836443228, 10165.916816179217
49.54954954954955, 243.88369769068305, 409.2692821684792, 952.3591354841484, 10166.339933877003
49.64964964964965, 243.94147677202653, 409.3584558924401, 952.2409007590527, 10166.763073037939
49.74974974974975, 243.99893714890501, 409.4471476252553, 952.1226795443791, 10167.186233391987
49.84984984984985, 244.05608082244757, 409.5353603142259, 952.0044719149216, 10167.609414670862
49.94994994994995, 244.11290977893512, 409.6230968850269, 951.8862779449296, 10168.03261660804
50.050050050050054, 244.16942598994015, 409.7103602419159, 951.7680977081119, 10168.455838938726
50.150150150150154, 244.22563141246522, 409.79715326793956, 951.6499312776416, 10168.879081399846
50.25025025025025, 244.28152798908056, 409.8834788251383, 951.5317787261599, 10169.302343730034
50.350350350350354, 244.33711764806048, 409.96933975475014, 951.4136401257805, 10169.72562566962
50.450450450450454, 244.3924023035192, 410.05473887741283, 951.2955155480938, 10170.148926960612
50.550550550550554, 244.44738385549758, 410.13967899329793, 951.1774050641704, 10170.572247346689
50.650650650650654, 244.50206418776992, 410.2241628790829, 951.059308744524, 10170.99558657332
50.750750750750754, 244.5564451708644, 410.3081932921539, 950.941226659166, 10171.418944387591
50.850850850850854, 244.61052866275733, 410.3917729715822, 950.8231588776207, 10171.84232053814
50.950950950950954, 244.6643165078433, 410.47490463671, 950.7051054689088, 10172.265714775238
51.051051051051054, 244.7178105370608, 410.5575909873376, 950.5870665015502, 10172.689126850759
51.15115115115115, 244.77101256801686, 410.6398347039105, 950.4690420435693, 10173.11255651817
51.251251251251254, 244.82392440511066, 410.7216384477036, 950.3510321624976, 10173.536003532517
51.351351351351354, 244.87654783965687, 410.8030048610062, 950.2330369253792, 10173.959467650422
51.451451451451454, 244.92888465000752, 410.8839365673054, 950.1150563987729, 10174.382948630056
51.551551551551555, 244.980936601674, 410.9644361714675, 949.9970906487579, 10174.806446231147
51.651651651651655, 245.0327054474477, 411.0445062599206, 949.8791397409358, 10175.229960214945
51.751751751751755, 245.08419292752055, 411.1241494008342, 949.7612037404357, 10175.65349034422
51.851851851851855, 245.13540076960447, 411.20336814429993, 949.6432827119175, 10176.077036383262
51.951951951951955, 245.18633068905092, 411.2821650225107, 949.525376719576, 10176.500598097844
52.052052052052055, 245.23698438896903, 411.36054254993917, 949.407485827144, 10176.924175255232
52.152152152152155, 245.28736356034432, 411.43850322351597, 949.2896100978968, 10177.34776762416
52.252252252252255, 245.337469882156, 411.5160495228079, 949.1717495946554, 10177.771374974827
52.352352352352355, 245.38730502149457, 411.5931839101948, 949.0539043797902, 10178.19499707888
52.452452452452455, 245.43687063367855, 411.66990883104654, 948.9360745152253, 10178.6186337094
52.552552552552555, 245.48616836237127, 411.7462267139002, 948.8182600624414, 10179.042284640896
52.652652652652655, 245.53519983969704, 411.82213997063656, 948.7004610824797, 10179.465949649295
52.752752752752755, 245.58396668635731, 411.8976509966559, 948.582677635946, 10179.889628511919
52.852852852852855, 245.63247051087075, 411.972762169446, 948.4649097829947, 10180.313321007545
52.952952952952955, 245.68071290260085, 412.04747583573015, 948.3471575831799, 10180.737026916893
53.053053053053056, 245.72869544447323, 412.12179433480543, 948.2294210957308, 10181.160746021715
53.153153153153156, 245.77641971004417, 412.1957199931197, 948.1117003794899, 10181.58447810502
53.253253253253256, 245.82388726175432, 412.2692551210266, 947.993995492876, 10182.00822295117
53.353353353353356, 245.87109965102684, 412.34240201293136, 947.8763064938878, 10182.431980345887
53.453453453453456, 245.9180584183648, 412.41516294743525, 947.7586334401066, 10182.855750076236
53.553553553553556, 245.96476509344802, 412.4875401874797, 947.6409763886999, 10183.279531930613
53.653653653653656, 246.01122119522935, 412.55953598048967, 947.5233353964244, 10183.703325698742
53.753753753753756, 246.05742823203033, 412.6311525585161, 947.4057105196292, 10184.12713117165
53.853853853853856, 246.1033877016362, 412.70239213837743, 947.288101814259, 10184.55094814168
53.953953953953956, 246.14910109139083, 412.7732569218015, 947.1705093358568, 10184.97477640246
54.054054054054056, 246.19456987829057, 412.84374909556595, 947.0529331395676, 10185.398615748905
54.154154154154156, 246.239795529078, 412.91387083163863, 946.9353732801409, 10185.822465977206
54.254254254254256, 246.28477950033545, 412.9836242873173, 946.8178298119343, 10186.246326884813
54.354354354354356, 246.3295232385773, 413.0530116053691, 946.7003027889159, 10186.670198270434
54.454454454454456, 246.374028180343, 413.1220349141695, 946.5827922646679, 10187.094079934026
54.55455455455456, 246.41829575228883, 413.1906963278412, 946.4652982923894, 10187.51797167677
54.65465465465466, 246.46232737127966, 413.25899794639247, 946.3478209248996, 10187.941873301084
54.75475475475476, 246.5061244444806, 413.3269418558555, 946.23036021464, 10188.365784610596
54.85485485485486, 246.5496883694481, 413.3945301284242, 946.1129162136785, 10188.789705410147
54.95495495495496, 246.5930205342207, 413.4617648225926, 945.9954889737119, 10189.213635505765
55.05505505505506, 246.63612231741004, 413.5286479832923, 945.8780785460683, 10189.637574704677
55.155155155155164, 246.67899508673983, 413.5951816387692, 945.7606849816744, 10190.061522815402
55.25525525525526, 246.72164019590878, 413.6613677939373, 945.6433083309821, 10190.48547964799
55.35535535535536, 246.76405899364096, 413.72720844935185, 945.525948644182, 10190.909445013338
55.45545545545546, 246.8062528198955, 413.7927055931904, 945.4086059711155, 10191.333418723465
55.55555555555556, 246.84822300546574, 413.8578612003595, 945.2912803612664, 10191.757400591549
55.65565565565566, 246.88997087205732, 413.92267723260755, 945.1739718637626, 10192.181390431915
55.75575575575576, 246.93149773236541, 413.9871556386382, 945.0566805273795, 10192.605388060028
55.85585585585586, 246.97280489015165, 414.0512983542214, 944.9394064005422, 10193.029393292485
55.95595595595596, 247.01389364032076, 414.1151073023049, 944.8221495313285, 10193.453405947
56.056056056056065, 247.05476526899668, 414.1785843931255, 944.7049099674707, 10193.87742584241
56.15615615615616, 247.09542105359793, 414.24173152431865, 944.5876877563591, 10194.301452798649
56.256256256256265, 247.1358622629132, 414.3045505810283, 944.4704829450438, 10194.725486636758
56.35635635635636, 247.1760901571761, 414.3670434360161, 944.3532955802375, 10195.149527178866
56.45645645645646, 247.21610598813956, 414.4292119497702, 944.2361257083184, 10195.573574248181
56.55655655655656, 247.25591099915033, 414.4910579706136, 944.1189733753315, 10195.997627668989
56.65665665665666, 247.29550642522256, 414.5525833348117, 944.0018386269927, 10196.421687266642
56.75675675675676, 247.33489349311142, 414.61378986668035, 943.8847215086901, 10196.84575286755
56.85685685685686, 247.37407342138656, 414.6746793786926, 943.7676220654869, 10197.269824299172
56.956956956956965, 247.4130474205049, 414.73525367158607, 943.6505403421235, 10197.693901390017
57.05705705705706, 247.45181669288363, 414.7955145344692, 943.5334763830209, 10198.117983969621
57.157157157157165, 247.49038243297252, 414.85546374492816, 943.4164302322818, 10198.542071868555
57.25725725725726, 247.5287458273265, 414.9151030691324, 943.2994019336941, 10198.966164918402
57.357357357357365, 247.56690805467753, 414.9744342619416, 943.1823915307325, 10199.390262951765
57.45745745745746, 247.60487028361072, 415.0334590631402, 943.06539906651, 10199.814365802413
57.55755755755756, 247.64263367279855, 415.09217919780673, 942.9484245837824, 10200.238473305275
57.65765765765766, 247.68019937650106, 415.1505963851872, 942.8314681250699, 10200.662585296042
57.75775775775776, 247.71756854134597, 415.20871233348487, 942.7145297325872, 10201.086701611392
57.85785785785786, 247.75474230634097, 415.2665287398698, 942.597609448244, 10201.51082208899
57.95795795795796, 247.79172180293517, 415.32404729056884, 942.4807073136493, 10201.934946567482
58.058058058058066, 247.82850815508047, 415.3812696609552, 942.3638233701113, 10202.359074886479
58.15815815815816, 247.8651024792922, 415.43819751563706, 942.2469576586404, 10202.78320688656
58.258258258258266, 247.90150588470976, 415.49483250854627, 942.1301102199519, 10203.207342409267
58.35835835835836, 247.93771947315645, 415.5511762830261, 942.0132810944672, 10203.631481297081
58.45845845845846, 247.9737443391992, 415.6072304719187, 941.8964703223161, 10204.055623393442
58.558558558558566, 248.0095815702079, 415.66299669765255, 941.7796779433394, 10204.47976854272
58.65865865865866, 248.04523224641432, 415.7184765723284, 941.6629039970903, 10204.903916590214
58.75875875875876, 248.0806974409707, 415.7736716978069, 941.5461485228373, 10205.328067382155
58.858858858858866, 248.11597822000832, 415.82858366579285, 941.429411559565, 10205.752220765686
58.958958958958966, 248.15107564269522, 415.88321405792243, 941.3126931459775, 10206.176376588865
59.05905905905906, 248.18599076129397, 415.9375644458477, 941.1959933204994, 10206.600534700658
59.15915915915916, 248.22072462121943, 415.9916363913217, 941.0793121212785, 10207.024694950922
59.25925925925927, 248.25527826109544, 416.04543144628354, 940.9626495861874, 10207.448857190413
59.35935935935937, 248.2896527128121, 416.09895115294273, 940.8460057528256, 10207.873021270774
59.45945945945946, 248.32384900158243, 416.15219704386345, 940.7293806585217, 10208.297187044524
59.55955955955956, 248.35786814599865, 416.205170642049, 940.6127743403351, 10208.721354365056
59.65965965965967, 248.39171115807002, 416.2578734609843, 940.4961868350575, 10209.145523086632
59.75975975975976, 248.42537904119294, 416.3103070000876, 940.3796181791565, 10209.569693064574
59.85985985985986, 248.45887279247623, 416.3624727498347, 940.2630684088406, 10209.993864155034
59.95995995995997, 248.49219340380284, 416.4143721940749, 940.1465375600905, 10210.418036214913
60.06006006006007, 248.52534186063195, 416.46600680733206, 940.0300256686252, 10210.842209101955
60.16016016016016, 248.558319142049, 416.51737805487625, 939.9135327699039, 10211.266382674754
60.26026026026026, 248.59112622081537, 416.56848739279474, 939.7970588991282, 10211.690556792739
60.36036036036037, 248.62376406341807, 416.6193362680631, 939.6806040912426, 10212.114731316178
60.46046046046047, 248.6562336301186, 416.6699261186152, 939.564168380938, 10212.538906106156
60.56056056056056, 248.68853587500195, 416.7202583734135, 939.4477518026522, 10212.963081024587
60.66066066066066, 248.72067174602486, 416.7703344525183, 939.331354390572, 10213.387255934202
60.76076076076077, 248.75264218506436, 416.82015576715656, 939.2149761786347, 10213.811430698537
60.86086086086086, 248.7844481279655, 416.8697237197914, 939.0986172005308, 10214.23560518194
60.96096096096096, 248.816090504589, 416.9190397041895, 938.9822774897043, 10214.659779249556
61.06106106106107, 248.84757023885885, 416.9681051054897, 938.8659570793552, 10215.083952767323
61.16116116116117, 248.87888824880935, 417.0169213002703, 938.7496560024414, 10215.508125601968
61.26126126126126, 248.91004544663198, 417.06548965661653, 938.6333742916795, 10215.932297621006
61.36136136136136, 248.94104273872225, 417.1138115341875, 938.5171119795474, 10216.356468692726
61.46146146146147, 248.97188102572608, 417.1618882842828, 938.4008690982854, 10216.780638686192
61.56156156156157, 249.00256120258595, 417.20972124990874, 938.2846456798983, 10217.204807471237
61.66166166166166, 249.03308415858726, 417.257311765845, 938.1684417561564, 10217.628974918454
61.76176176176177, 249.0634507774039, 417.30466115870996, 938.0522573585977, 10218.053140899197
61.86186186186187, 249.09366193714402, 417.35177074702665, 937.9360925185293, 10218.47730528557
61.96196196196196, 249.12371851025168, 417.3986418410498, 937.8199472670261, 10218.901467950436
62.06206206206206, 249.15362136189077, 417.4452757400831, 937.7038216348958, 10219.325628767521
62.16216216216217, 249.18337135270855, 417.49167373704034, 937.5877156527396, 10219.749787611234
62.26226226226227, 249.21296933841404, 417.53783711773934, 937.471629350945, 10220.173944356673
62.36236236236236, 249.2424161693154, 417.5837671601262, 937.3555627596746, 10220.598098879676
62.46246246246246, 249.27171269036063, 417.6294651343335, 937.2395159088685, 10221.022251056804
62.56256256256257, 249.30085974117833, 417.6749323027381, 937.1234888282459, 10221.44640076534
62.66266266266267, 249.32985815611798, 417.7201699200181, 937.0074815473059, 10221.870547883282
62.76276276276276, 249.35870876429004, 417.76517923321035, 936.89149409533, 10222.294692289342
62.86286286286287, 249.38741238960594, 417.8099614817664, 936.7755265013825, 10222.71883386294
62.96296296296297, 249.41596985081756, 417.85451789760964, 936.6595787943126, 10223.1429724842
63.06306306306306, 249.4443819615568, 417.89884970519057, 936.5436510027555, 10223.56710803394
63.16316316316316, 249.4726495303747, 417.9429581215429, 936.4277431551344, 10223.991240393676
63.26326326326327, 249.50077336078036, 417.98684435633874, 936.3118552796615, 10224.415369445609
63.36336336336337, 249.52875425127988, 418.0305096119437, 936.1959874043391, 10224.839495072629
63.46346346346346, 249.55659299541477, 418.0739550834719, 936.080139556962, 10225.2636171583
63.56356356356356, 249.58429038180049, 418.1171819588403, 935.9643117651178, 10225.687735586867
63.66366366366367, 249.61184719416443, 418.160191418823, 935.8485040561891, 10226.11185024325
63.76376376376377, 249.63926421138427, 418.2029846371055, 935.7327164573549, 10226.535961013022
63.86386386386386, 249.66654220752554, 418.2455627803382, 935.616948995591, 10226.96006778243
63.96396396396397, 249.6936819518793, 418.2879270081905, 935.5012016976729, 10227.384170438372
64.06406406406407, 249.720684209, 418.33007847340355, 935.3854745901759, 10227.808268868408
64.16416416416416, 249.7475497387425, 418.3720183218437, 935.2697676994773, 10228.232362960738
64.26426426426426, 249.77427929590965, 418.41374769210955, 935.1540810517487, 10228.656452604237
64.36436436436438, 249.800873629121, 418.4552677142446, 935.0384146729333, 10229.080537688527
64.46446446446447, 249.8273334836494, 418.496579512999, 934.9227685888064, 10229.504618103783
64.56456456456456, 249.85365960035972, 418.53768420662306, 934.8071428249533, 10229.928693740801
64.66466466466467, 249.87985271554436, 418.57858290668923, 934.6915374067668, 10230.352764491006
64.76476476476478, 249.9059135609562, 418.6192767181402, 934.5759523594478, 10230.776830246452
64.86486486486487, 249.93184286384144, 418.65976673933653, 934.4603877080074, 10231.200890899816
64.96496496496496, 249.9576413469719, 418.70005406210413, 934.3448434772672, 10231.624946344398
65.06506506506507, 249.98330972867748, 418.7401397717815, 934.2293196918613, 10232.048996474108
65.16516516516516, 250.0088487228782, 418.7800249472665, 934.1138163762372, 10232.473041183472
65.26526526526527, 250.03425903911594, 418.81971066106354, 933.998333554657, 10232.897080367622
65.36536536536536, 250.05954138258625, 418.8591979793294, 933.8828712511989, 10233.321113922293
65.46546546546547, 250.08469645416952, 418.8984879619198, 933.767429489758, 10233.745141743824
65.56556556556556, 250.10972495046258, 418.93758166243566, 933.6520082940476, 10234.169163729142
65.66566566566567, 250.13462756380932, 418.9764801282683, 933.5366076876008, 10234.593179775778
65.76576576576578, 250.1594049823318, 419.01518440064547, 933.4212276937715, 10235.01718978184
65.86586586586587, 250.18405788996088, 419.05369551467686, 933.3058683357348, 10235.441193646031
65.96596596596596, 250.20858696646658, 419.0920144993988, 933.1905296364896, 10235.865191267627
66.06606606606607, 250.23299288748845, 419.13014237781965, 933.0752116188587, 10236.289182546487
66.16616616616618, 250.25727632456562, 419.1680801669649, 932.9599143054903, 10236.71316738304
66.26626626626627, 250.28143794516694, 419.20582887792114, 932.8446377188592, 10237.137145678287
66.36636636636636, 250.30547841272053, 419.2433895158814, 932.729381881268, 10237.561117333797
66.46646646646647, 250.32939838664348, 419.2807630801889, 932.6141468148479, 10237.985082251695
66.56656656656658, 250.35319852414983, 419.31795056594666, 932.4989325416016, 10238.409040334542
66.66666666666667, 250.37687947158904, 419.3549529525845, 932.3837390831748, 10238.83299148605
66.76676676676676, 250.4004418790672, 419.39177122492896, 932.268566461255, 10239.256935609814
66.86686686686687, 250.42388639004784, 419.42840635856464, 932.1534146972909, 10239.68087261021
66.96696696696698, 250.44721364411757, 419.4648593233763, 932.038283812566, 10240.104802392156
67.06706706706707, 250.4704242770126, 419.5011310835861, 931.9231738281972, 10240.528724861118
67.16716716716716, 250.4935189206457, 419.53722259779175, 931.8080847651385, 10240.952639923102
67.26726726726727, 250.51649820313295, 419.57313481900354, 931.6930166441801, 10241.376547484646
67.36736736736736, 250.53936274882037, 419.608868694682, 931.5779694859508, 10241.800447452828
67.46746746746747, 250.56211317831026, 419.6444251667745, 931.4629433109178, 10242.224339735252
67.56756756756758, 250.584750108488, 419.6798051717533, 931.3479381393886, 10242.648224240053
67.66766766766767, 250.60727415254826, 419.7150096406507, 931.2329539915119, 10243.072100875886
67.76776776776777, 250.62968592002116, 419.75003949909757, 931.117990887278, 10243.49596955193
67.86786786786787, 250.65198601679876, 419.78489566735806, 931.0030488465208, 10243.91983017788
67.96796796796798, 250.67417504516092, 419.81957906036735, 930.8881278889177, 10244.343682663946
68.06806806806807, 250.69625360380147, 419.85409058776685, 930.7732280339918, 10244.767526920845
68.16816816816817, 250.71822228785402, 419.8884311539404, 930.6583493011118, 10245.191362859812
68.26826826826826, 250.74008168891805, 419.92260165805055, 930.5434917094934, 10245.615190392577
68.36836836836838, 250.76183239508438, 419.95660299407336, 930.428655278201, 10246.039009431375
68.46846846846847, 250.7834749909612, 419.9904360508348, 930.3138400261471, 10246.46281988894
68.56856856856857, 250.80501005769923, 420.0241017120452, 930.199045972095, 10246.886621678503
68.66866866866867, 250.82643817301764, 420.0576008563351, 930.0842731346585, 10247.310414713784
68.76876876876878, 250.847759911227, 420.0909343572884, 929.9695215323034, 10247.734198908993
68.86886886886887, 250.86897584205687, 420.12410308273945, 929.8547911833283, 10248.157974178894
68.96896896896897, 250.89008653183885, 420.157107895521, 929.7400821058845, 10248.581740438733
69.06906906906907, 250.91109254445314, 420.189949654066, 929.6253943179938, 10249.005497604188
69.16916916916917, 250.93199444044683, 420.2226292118841, 929.5107278375325, 10249.429245591422
69.26926926926927, 250.9527927770577, 420.2551474175939, 929.3960826822337, 10249.852984317064
69.36936936936938, 250.97348810823817, 420.2875051149574, 929.2814588696873, 10250.276713698224
69.46946946946947, 250.99408098467865, 420.3197031429122, 929.1668564173414, 10250.700433652477
69.56956956956957, 251.0145719538312, 420.35174233560497, 929.0522753425033, 10251.124144097867
69.66966966966967, 251.03496155993304, 420.38362352242416, 928.9377156623402, 10251.5478449529
69.76976976976978, 251.05525034402982, 420.41534752803204, 928.8231773938795, 10251.971536136545
69.86986986986987, 251.07543884399874, 420.44691517239795, 928.7086605540112, 10252.395217568228
69.96996996996997, 251.09552759457182, 420.4783272708297, 928.5941651594874, 10252.81888916783
70.07007007007007, 251.11551712735886, 420.50958463400605, 928.4796912269237, 10253.242550855686
70.17017017017018, 251.1354079708701, 420.54068806800836, 928.3652387728004, 10253.66620255258
70.27027027027027, 251.15520065053943, 420.57163837435246, 928.2508078134624, 10254.089844179742
70.37037037037037, 251.17489568874672, 420.60243635002024, 928.1363983651217, 10254.513475658845
70.47047047047047, 251.19449360484057, 420.63308278749025, 928.0220104438566, 10254.937096912006
70.57057057057058, 251.2139949151607, 420.66357847476974, 927.9076440656133, 10255.360707861782
70.67067067067067, 251.23340013306037, 420.69392419542527, 927.7932992462072, 10255.78430843116
70.77077077077077, 251.25270976892853, 420.72412072861334, 927.6789760013229, 10256.207898543566
70.87087087087087, 251.27192433021213, 420.75416884911107, 927.5646743465154, 10256.63147812285
70.97097097097098, 251.29104432143805, 420.78406932734686, 927.4503942972113, 10257.055047093296
71.07107107107107, 251.31007024423502, 420.81382292943033, 927.3361358687093, 10257.47860537961
71.17117117117117, 251.32900259735547, 420.84343041718273, 927.2218990761808, 10257.90215290692
71.27127127127127, 251.34784187669734, 420.8728925481663, 927.1076839346711, 10258.325689600773
71.37137137137137, 251.36658857532552, 420.9022100757146, 926.9934904591005, 10258.749215387135
71.47147147147147, 251.3852431834156, 420.9313837488982, 926.8793186642627, 10259.172730192391
71.57157157157158, 251.40380618529286, 420.96041431012605, 926.7651685647708, 10259.596233943521
71.67167167167167, 251.4222780634718, 420.9893024984459, 926.6510401751325, 10260.01972656785
71.77177177177177, 251.44065929910232, 421.01804904992014, 926.5369335097598, 10260.443207993043
71.87187187187187, 251.4589503705475, 421.0466546964786, 926.4228485829422, 10260.866678147153
71.97197197197198, 251.4771517534026, 421.07512016594615, 926.308785408847, 10261.290136958654
72.07207207207207, 251.49526392051317, 421.10344618206875, 926.1947440015213, 10261.713584356412
72.17217217217217, 251.5132873419934, 421.1316334645398, 926.0807243748915, 10262.1370202697
72.27227227227228, 251.53122248524397, 421.1596827290259, 925.9667265427647, 10262.560444628187
72.37237237237238, 251.54906981497038, 421.18759468719315, 925.8527505188296, 10262.983857361938
72.47247247247248, 251.56682979320027, 421.2153700467323, 925.7387963166562, 10263.40725840141
72.57257257257257, 251.5845028793013, 421.24300951138406, 925.6248639496982, 10263.83064767745
72.67267267267268, 251.6020895299987, 421.2705137809648, 925.5109534312921, 10264.254025121303
72.77277277277278, 251.6195901993923, 421.2978835513909, 925.3970647746582, 10264.677390664589
72.87287287287288, 251.63700533897384, 421.3251195147039, 925.283197992903, 10265.100744239318
72.97297297297297, 251.65433539764416, 421.3522223590947, 925.1693530990168, 10265.52408577788
73.07307307307308, 251.67158082172983, 421.37919276892825, 925.0555301058777, 10265.947415213051
73.17317317317318, 251.68874205499992, 421.4060314247671, 924.9417290262497, 10266.370732477975
73.27327327327328, 251.70581953868265, 421.43273900339574, 924.827949872785, 10266.794037506177
73.37337337337338, 251.7228137114818, 421.4593161778442, 924.7141926580238, 10267.217330231559
73.47347347347348, 251.73972500959286, 421.4857636174113, 924.6004573943954, 10267.640610588389
73.57357357357357, 251.75655386671923, 421.51208198768813, 924.4867440942187, 10268.0638785113
73.67367367367368, 251.7733007140883, 421.53827195058074, 924.3730527697029, 10268.487133935305
73.77377377377378, 251.78996598046703, 421.56433416433333, 924.2593834329477, 10268.910376795773
73.87387387387388, 251.80655009217776, 421.5902692835507, 924.1457360959454, 10269.333607028433
73.97397397397397, 251.82305347311384, 421.6160779592204, 924.0321107705793, 10269.756824569386
74.07407407407409, 251.83947654475463, 421.6417608387353, 923.9185074686264, 10270.180029355077
74.17417417417418, 251.85581972616652, 421.66731856586466, 923.8049262017573, 10270.60322132232
74.27427427427428, 251.87208343383227, 421.6927517801347, 923.691366981537, 10271.02640040828
74.37437437437437, 251.8882680819741, 421.7180611179154, 923.5778298194256, 10271.449566550471
74.47447447447448, 251.90437408251793, 421.74324721226753, 923.4643147267775, 10271.87271968676
74.57457457457458, 251.92040184504683, 421.7683106927515, 923.3508217148435, 10272.295859755366
74.67467467467468, 251.93635177681534, 421.79325218544864, 923.2373507947709, 10272.718986694852
74.77477477477477, 251.9522242827636, 421.8180723129805, 923.1239019776041, 10273.142100444125
74.87487487487488, 251.96801976553138, 421.8427716945292, 923.0104752742852, 10273.565200942441
74.97497497497498, 251.98373862547191, 421.8673509458571, 922.8970706956549, 10273.988288129389
75.07507507507508, 251.99938126066561, 421.89181067932606, 922.7836882524524, 10274.411361944904
75.17517517517518, 252.01494806693364, 421.916151503917, 922.670327955317, 10274.834422329253
75.27527527527528, 252.0304394378513, 421.9403740252488, 922.5569898147876, 10275.257469223046
75.37537537537538, 252.04585576476128, 421.964478845597, 922.4436738413042, 10275.680502567222
75.47547547547548, 252.06119743678664, 421.9884665639126, 922.3303800452072, 10276.103522303054
75.57557557557558, 252.07646484084398, 422.0123377758403, 922.2171084367396, 10276.526528372142
75.67567567567568, 252.091658361656, 422.0360930737367, 922.1038590260465, 10276.949520716418
75.77577577577577, 252.10677838176423, 422.05973304668805, 921.9906318231754, 10277.372499278139
75.87587587587588, 252.12182528154153, 422.0832582805283, 921.8774268380776, 10277.795463999892
75.97597597597598, 252.13679943920442, 422.10666935785633, 921.7642440806083, 10278.218414824581
76.07607607607608, 252.15170123082515, 422.1299668580531, 921.6510835605268, 10278.641351695434
76.17617617617617, 252.1665310303438, 422.15315135729895, 921.5379452874978, 10279.064274556002
76.27627627627629, 252.18128920958029, 422.1762234285902, 921.4248292710913, 10279.48718335015
76.37637637637638, 252.19597613824575, 422.199183641756, 921.3117355207831, 10279.910078022063
76.47647647647648, 252.2105921839544, 422.22203256347433, 921.1986640459556, 10280.33295851624
76.57657657657657, 252.22513771223475, 422.24477075728845, 921.0856148558983, 10280.755824777496
76.67667667667668, 252.2396130865411, 422.2673987836227, 920.972587959808, 10281.178676750955
76.77677677677679, 252.25401866826434, 422.289917199798, 920.8595833667895, 10281.60151438205
76.87687687687688, 252.2683548170171, 422.31232656052885, 920.7466010858662, 10282.024337616496
76.97697697697699, 252.2826218921664, 422.3346274206109, 920.6336411260367, 10282.447146400102
77.07707707707708, 252.2968202497525, 422.3568203295068, 920.5207034961608, 10282.869940679138
77.17717717717719, 252.31095024347346, 422.37890583307103, 920.407788204997, 10283.292720400215
77.27727727727728, 252.32501222505104, 422.40088447418964, 920.2948952612146, 10283.715485510236
77.37737737737739, 252.33900654424224, 422.4227567927964, 920.1820246733954, 10284.138235956412
77.47747747747748, 252.35293354885076, 422.4445233258894, 920.0691764500335, 10284.560971686244
77.57757757757759, 252.36679358473825, 422.46618460754814, 919.9563505995363, 10284.983692647525
77.67767767767768, 252.38058699583559, 422.4877411689487, 919.8435471302246, 10285.40639878835
77.77777777777779, 252.39431412415368, 422.5091935383806, 919.7307660503328, 10285.829090057096
77.87787787787788, 252.40797530979464, 422.53054224126237, 919.6180073680105, 10286.251766402433
77.97797797797797, 252.4215708909624, 422.5517878001571, 919.5052710913218, 10286.674427773318
78.0780780780781, 252.43510120397352, 422.5729307347884, 919.3925572282466, 10287.097074118998
78.17817817817819, 252.4485665832674, 422.59397156205506, 919.2798657866803, 10287.519705389
78.27827827827828, 252.4619673614171, 422.6149107960467, 919.1671967744347, 10287.942321533139
78.37837837837837, 252.47530386913922, 422.63574894805856, 919.054550199239, 10288.364922501509
78.4784784784785, 252.48857643530437, 422.6564865266064, 918.9419260687388, 10288.787508244486
78.57857857857859, 252.50178538694686, 422.67712403744065, 918.8293243904981, 10289.21007871273
78.67867867867868, 252.51493104927482, 422.69766198356143, 918.7167451719986, 10289.632633857167
78.77877877877879, 252.52801374567983, 422.7181008652326, 918.604188420641, 10290.055173629007
78.87887887887888, 252.5410337977466, 422.7384411799955, 918.4916541437449, 10290.47769797974
78.97897897897899, 252.55399152526238, 422.75868342268313, 918.379142348549, 10290.900206861123
79.07907907907908, 252.56688724622646, 422.77882808543404, 918.2666530422124, 10291.322700225184
79.17917917917919, 252.57972127685932, 422.79887565770514, 918.154186231814, 10291.745178024225
79.27927927927928, 252.59249393161167, 422.8188266262859, 918.0417419243543, 10292.167640210817
79.37937937937939, 252.60520552317357, 422.83868147531075, 917.9293201267535, 10292.5900867378
79.47947947947948, 252.6178563624832, 422.8584406862728, 917.8169208458547, 10293.012517558282
79.57957957957959, 252.63044675920926, 422.87810473878756, 917.7045440884383, 10293.434932625581
79.67967967967968, 252.6429770229369, 422.8976741124734, 917.5921898612637, 10293.857331893108
79.77977977977979, 252.65544746003152, 422.9171492819756, 917.4798581709621, 10294.279715314697
79.8798798798799, 252.6678583749739, 422.93653071908244, 917.3675490240818, 10294.702082844453
79.97997997997999, 252.68021007056961, 422.9558188930578, 917.2552624270958, 10295.124434436751
80.08008008008008, 252.69250284795865, 422.97501427065447, 917.1429983864025, 10295.546770046216
80.18018018018017, 252.70473700662475, 422.9941173161286, 917.0307569083255, 10295.96908962772
80.2802802802803, 252.7169128444046, 423.01312849125327, 916.9185379991144, 10296.391393136404
80.38038038038039, 252.72903065749716, 423.0320482553323, 916.8063416649451, 10296.813680527644
80.48048048048048, 252.74109074047252, 423.05087706521397, 916.6941679119202, 10297.23595175708
80.58058058058057, 252.7530933862809, 423.06961537530395, 916.5820167460696, 10297.658206780588
80.6806806806807, 252.7650388862617, 423.08826363757896, 916.4698881733507, 10298.080445554304
80.78078078078079, 252.7769275301519, 423.1068223015998, 916.3577821996487, 10298.502668034604
80.88088088088088, 252.7887596060949, 423.1252918145242, 916.2456988307771, 10298.924874178108
80.98098098098099, 252.80053540064904, 423.1436726211196, 916.1336380724783, 10299.347063941688
81.08108108108108, 252.81225519879598, 423.16196516377636, 916.0215999304239, 10299.769237282444
81.18118118118119, 252.82391928394912, 423.1801698825195, 915.9095844102147, 10300.191394157735
81.28128128128128, 252.83552793796153, 423.19828721502176, 915.7975915173815, 10300.613534525144
81.38138138138139, 252.84708144113446, 423.2163175966157, 915.6856212573853, 10301.035658342505
81.48148148148148, 252.85858007222515, 423.23426146030545, 915.5736736356179, 10301.457765567888
81.58158158158159, 252.8700241084547, 423.2521192367794, 915.4617486574018, 10301.879856159589
81.6816816816817, 252.88141382551592, 423.26989135442125, 915.3498463279909, 10302.301930076157
81.78178178178179, 252.89274949758098, 423.2875782393226, 915.237966652571, 10302.723987276358
81.88188188188188, 252.90403139730918, 423.3051803152936, 915.1261096362597, 10303.146027719205
81.98198198198199, 252.9152597958542, 423.3226980038749, 915.0142752841073, 10303.568051363935
82.0820820820821, 252.92643496287158, 423.3401317243491, 914.9024636010965, 10303.990058170019
82.18218218218219, 252.93755716652606, 423.3574818937512, 914.7906745921433, 10304.412048097156
82.28228228228228, 252.94862667422422, 423.37474892757797, 914.6789082621175, 10304.834021105211
82.38238238238237, 252.95964375322612, 423.39193324037973, 914.5671646158605, 10305.255977154155
82.4824824824825, 252.97060866779046, 423.4090352430193, 914.4554436581043, 10305.67791620433
82.58258258258259, 252.9815216806599, 423.42605534410427, 914.3437453935138, 10306.099838216298
82.68268268268268, 252.99238305315595, 423.442993950082, 914.2320698266897, 10306.521743150848
82.78278278278279, 253.00319304518692, 423.45985146525146, 914.1204169621689, 10306.943630968992
82.8828828828829, 253.01395191525586, 423.4766282917745, 914.0087868044246, 10307.365501631952
82.98298298298299, 253.02465992046868, 423.4933248296873, 913.8971793578669, 10307.787355101176
83.08308308308308, 253.03531731654166, 423.50994147691193, 913.7855946268429, 10308.209191338328
83.18318318318319, 253.0459243578095, 423.5264786292671, 913.6740326156373, 10308.631010305282
83.28328328328328, 253.05648129723266, 423.54293668047967, 913.5624933284728, 10309.052811964133
83.38338338338339, 253.06698838640526, 423.55931602219493, 913.45097676951, 10309.474596277189
83.48348348348348, 253.07744587556226, 423.57561704398813, 913.3394829428482, 10309.896363206963
83.58358358358359, 253.0878540135871, 423.5918401333747, 913.2280118525255, 10310.31811271619
83.68368368368368, 253.09821304801906, 423.6079856758211, 913.1165635025192, 10310.739844767808
83.78378378378379, 253.1085232250603, 423.62405405475505, 913.0051378967461, 10311.161559324964
83.8838838838839, 253.11878478958323, 423.64004565157603, 912.8937350390627, 10311.58325635102
83.98398398398399, 253.12899798513757, 423.6559608456654, 912.7823549332661, 10312.004935809535
84.08408408408408, 253.13916305395733, 423.67180001439664, 912.6709975830933, 10312.426597664284
84.18418418418419, 253.14928023696774, 423.6875635331451, 912.5596629922225, 10312.848241879241
84.2842842842843, 253.1593497737922, 423.70325177529844, 912.4483511642728, 10313.269868418583
84.38438438438439, 253.169371902759, 423.7188651122654, 912.3370621028051, 10313.691477246699
84.48448448448448, 253.179346860908, 423.7344039134865, 912.2257958113214, 10314.113068328168
84.58458458458459, 253.1892748839973, 423.7498685464427, 912.1145522932661, 10314.534641627775
84.6846846846847, 253.19915620650974, 423.7652593766656, 912.003331552026, 10314.956197110512
84.78478478478479, 253.20899106165942, 423.78057676774586, 911.8921335909304, 10315.377734741558
84.88488488488488, 253.21877968139802, 423.795821081343, 911.7809584132513, 10315.799254486301
84.98498498498499, 253.22852229698745, 423.81099267830086, 911.6698060222277, 10316.22075631024
85.08508508508508, 253.2382191389052, 423.82609191845944, 911.5586764210618, 10316.642240179024
85.18518518518519, 253.24787043560673, 423.8411191582332, 911.4475696128667, 10317.063706058587
85.28528528528528, 253.25747641431772, 423.8560747521563, 911.3364856006999, 10317.48515391506
85.38538538538539, 253.2670373010515, 423.8709590529132, 911.2254243875643, 10317.90658371477
85.48548548548548, 253.27655332061545, 423.88577241134846, 911.114385976408, 10318.327995424232
85.58558558558559, 253.28602469661794, 423.90051517647714, 911.003370370125, 10318.749389010141
85.6856856856857, 253.29545165147482, 423.91518769549384, 910.8923775715552, 10319.170764439394
85.78578578578579, 253.30483440641552, 423.92979031378303, 910.7814075834851, 10319.592121679065
85.88588588588588, 253.31417318149005, 423.9443233749284, 910.6704604086475, 10320.013460696422
85.98598598598599, 253.3234681955749, 423.9587872207223, 910.5595360497225, 10320.434781458907
86.0860860860861, 253.33271966637957, 423.97318219117545, 910.4486345093369, 10320.85608393416
86.18618618618619, 253.34192781045263, 423.98750862452584, 910.3377557900658, 10321.277368089997
86.28628628628628, 253.3510928431879, 424.00176685724824, 910.2268998944311, 10321.698633894415
86.38638638638639, 253.36021497883058, 424.0159572240635, 910.1160668249038, 10322.119881315597
86.4864864864865, 253.36929443048336, 424.03008005794726, 910.0052565839027, 10322.5411103219
86.58658658658659, 253.37833141011208, 424.044135690139, 909.8944691737951, 10322.962320881868
86.68668668668668, 253.38732612855193, 424.0581244501512, 909.7837045968977, 10323.38351296422
86.78678678678679, 253.3962787955131, 424.07204666577775, 909.6729628554759, 10323.804686537855
86.8868868868869, 253.40518961958642, 424.0859026631028, 909.5622439517451, 10324.225841571846
86.98698698698699, 253.41405880824942, 424.0996927665094, 909.4515478878699, 10324.646978035445
87.08708708708708, 253.4228865678716, 424.1134172986881, 909.3408746659652, 10325.06809589808
87.18718718718719, 253.43167310372002, 424.12707658064494, 909.2302242880961, 10325.489195129345
87.28728728728728, 253.44041861996504, 424.14067093171036, 909.119596756278, 10325.910275699021
87.38738738738739, 253.44912331968538, 424.1542006695469, 909.0089920724776, 10326.331337577054
87.4874874874875, 253.45778740487384, 424.1676661101578, 908.898410238612, 10326.752380733558
87.58758758758759, 253.46641107644243, 424.181067567895, 908.7878512565501, 10327.17340513883
87.68768768768768, 253.47499453504042, 424.19440535655946, 908.67731512814, 10327.59441076324
87.78778778778779, 253.48353798034944, 424.20767978845504, 908.5668018551856, 10328.015397577314
87.8878878878879, 253.4920416103032, 424.22089117333996, 908.4563114394192, 10328.43636555183
87.98798798798799, 253.50050562179123, 424.23403981937366, 908.3458438825253, 10328.857314657727
88.08808808808809, 253.50893021066392, 424.2471260331254, 908.2353991861421, 10329.278244866107
88.18818818818819, 253.5173155717385, 424.26015011958225, 908.1249773518609, 10329.699156148243
88.2882882882883, 253.52566189880423, 424.2731123821576, 908.0145783812267, 10330.120048475566
88.38838838838839, 253.53396938462788, 424.2860131226988, 907.9042022757379, 10330.540921819671
88.48848848848849, 253.5422382209589, 424.29885264149624, 907.7938490368475, 10330.961776152317
88.58858858858859, 253.55046859853485, 424.31163123729016, 907.6835186659627, 10331.382611445424
88.6886886886887, 253.55866070708657, 424.3243492072793, 907.5732111644452, 10331.803427671071
88.78878878878879, 253.56681473534323, 424.33700684712863, 907.4629265336114, 10332.224224801497
88.88888888888889, 253.57493087103757, 424.349604450977, 907.3526647747332, 10332.645002809102
88.988988988989, 253.58300930091073, 424.3621423114448, 907.2424258890372, 10333.065761666441
89.0890890890891, 253.59105021071747, 424.3746207196417, 907.1322098777063, 10333.486501346226
89.1891891891892, 253.59905378523098, 424.38703996517404, 907.0220167418785, 10333.907221821328
89.2892892892893, 253.60702020824772, 424.3994003361524, 906.9118464826479, 10334.327923064775
89.3893893893894, 253.61494966259224, 424.4117021191987, 906.8016991010655, 10334.748605049746
89.48948948948949, 253.622842330122, 424.4239455994539, 906.6915745981379, 10335.169267749576
89.5895895895896, 253.63069839173204, 424.43613106058496, 906.5814729748289, 10335.589911137755
89.6896896896897, 253.63851802735945, 424.4482587847919, 906.471394232059, 10336.010535187923
89.7897897897898, 253.6463014159883, 424.4603290528151, 906.3613383707062, 10336.431139873876
89.88988988988989, 253.65404873565382, 424.472342143942, 906.2513053916052, 10336.851725169558
89.98998998999, 253.66176016344713, 424.48429833601415, 906.1412952955491, 10337.272291049063
90.0900900900901, 253.6694358755194, 424.4961979054341, 906.031308083288, 10337.692837486642
90.1901901901902, 253.67707604708656, 424.5080411271719, 905.9213437555305, 10338.113364456685
90.29029029029029, 253.68468085243322, 424.51982827477207, 905.8114023129433, 10338.533871933738
90.3903903903904, 253.69225046491712, 424.53155962035993, 905.7014837561514, 10338.954359892494
90.4904904904905, 253.69978505697327, 424.54323543464807, 905.5915880857386, 10339.37482830779
90.5905905905906, 253.70728480013992, 424.55485598696634, 905.4817153022482, 10339.795277154608
90.69069069069069, 253.71474986649815, 424.5664215467951, 905.3718654062287, 10340.215706407933
90.7907907907908, 253.72218042687533, 424.577932381856, 905.2620383981773, 10340.636116042931
90.8908908908909, 253.72957665040917, 424.5893887576503, 905.1522342785257, 10341.056506034982
90.990990990991, 253.7369387053589, 424.6007909383234, 905.0424530476654, 10341.476876359618
91.09109109109109, 253.7442667591099, 424.61213918667227, 904.932694705949, 10341.897226992507
91.1911911911912, 253.75156097817813, 424.6234337641516, 904.8229592536898, 10342.317557909459
91.2912912912913, 253.75882152821526, 424.6346749308815, 904.713246691162, 10342.737869086419
91.3913913913914, 253.7660485740128, 424.64586294565345, 904.6035570186015, 10343.158160499475
91.4914914914915, 253.773242279507, 424.6569980659378, 904.4938902362048, 10343.578432124852
91.5915915915916, 253.78040280778313, 424.6680805478899, 904.384246344131, 10343.998683938917
91.69169169169169, 253.7875303210802, 424.6791106463568, 904.2746253425007, 10344.418915918162
91.7917917917918, 253.7946249807951, 424.690088614884, 904.1650272313964, 10344.839128039226
91.8918918918919, 253.80168694748733, 424.7010147057217, 904.0554520108631, 10345.25932027888
91.991991991992, 253.808716380883, 424.7118891698311, 903.9458996809084, 10345.679492614028
92.09209209209209, 253.81571343987943, 424.72271225689104, 903.8363702415023, 10346.09964502171
92.19219219219221, 253.8226782825493, 424.73348421530426, 903.7268636925779, 10346.5197774791
92.2922922922923, 253.8296110661447, 424.74420529220305, 903.6173800340315, 10346.9398899635
92.3923923923924, 253.8365119471017, 424.7548757334563, 903.5079192657224, 10347.35998245235
92.49249249249249, 253.8433810810441, 424.76549578367485, 903.3984813874738, 10347.780054923218
92.5925925925926, 253.85021862278774, 424.7760656862179, 903.289066399072, 10348.200107353805
92.6926926926927, 253.8570247263445, 424.78658568319884, 903.1796743002677, 10348.62013972194
92.7927927927928, 253.86379954492634, 424.7970560154909, 903.0703050907756, 10349.040152005584
92.89289289289289, 253.87054323094912, 424.80747692273366, 902.9609587702744, 10349.460144182824
92.992992992993, 253.87725593603682, 424.81784864333804, 902.8516353384073, 10349.880116231876
93.0930930930931, 253.88393781102505, 424.8281714144925, 902.7423347947822, 10350.300068131086
93.1931931931932, 253.89058900596518, 424.8384454721686, 902.6330571389718, 10350.719999858926
93.2932932932933, 253.8972096701281, 424.84867105112636, 902.5238023705139, 10351.139911393995
93.3933933933934, 253.9037999520078, 424.85884838492, 902.4145704889113, 10351.559802715017
93.4934934934935, 253.91035999932518, 424.8689777059033, 902.3053614936318, 10351.97967380084
93.5935935935936, 253.91688995906696, 424.8790592453101, 902.1961753841113, 10352.399524630435
93.6936936936937, 253.9233899781675, 424.88909323470523, 902.0870121597842, 10352.819355182788
93.7937937937938, 253.92986020246542, 424.89907990375843, 901.9778718200361, 10353.23916543706
93.89389389389389, 253.93630077678486, 424.9090194804144, 901.8687543642054, 10353.658955372573
93.99399399399401, 253.94271184520568, 424.91891219146703, 901.7596597915979, 10354.078724968767
94.0940940940941, 253.94909355106708, 424.92875826256477, 901.6505881014857, 10354.498474205207
94.1941941941942, 253.95544603697167, 424.93855791821704, 901.5415392931086, 10354.91820306158
94.29429429429429, 253.9617694447892, 424.94831138179933, 901.4325133656731, 10355.337911517681
94.39439439439441, 253.9680639156602, 424.95801887555973, 901.3235103183536, 10355.757599553437
94.4944944944945, 253.97432958999974, 424.9676806206244, 901.2145301502916, 10356.177267148882
94.5945945945946, 253.98056660750112, 424.9772968370026, 901.1055728605969, 10356.596914284173
94.69469469469469, 253.98677510713952, 424.9868677435936, 900.996638448347, 10357.016540939585
94.7947947947948, 253.9929552271756, 424.9963935581909, 900.8877269125875, 10357.436147095505
94.8948948948949, 253.99910710515897, 425.00587449748866, 900.7788382523324, 10357.85573273244
94.994994994995, 254.00523087793187, 425.01531077708665, 900.6699724665642, 10358.275297831009
95.0950950950951, 254.0113266816326, 425.02470261149614, 900.5611295542341, 10358.694842371944
95.1951951951952, 254.01739465169885, 425.0340502141448, 900.4523095142619, 10359.1143663361
95.2952952952953, 254.02343492287142, 425.0433537973823, 900.3435123455365, 10359.533869704432
95.3953953953954, 254.02944762919725, 425.0526135724854, 900.234738046916, 10359.953352458018
95.4954954954955, 254.03543290403303, 425.0618297496634, 900.125986617228, 10360.37281457805
95.5955955955956, 254.04139088004837, 425.071002538063, 900.0172580552692, 10360.792256045821
95.6956956956957, 254.04732168922916, 425.08013214577386, 899.9085523598059, 10361.211676842742
95.7957957957958, 254.0532254628808, 425.0892187798332, 899.7998695295747, 10361.631076950338
95.8958958958959, 254.0591023316313, 425.0982626462309, 899.6912095632817, 10362.05045635024
95.995995995996, 254.0649524254346, 425.107263949915, 899.5825724596033, 10362.469815024187
96.09609609609609, 254.07077587357358, 425.1162228947958, 899.473958217186, 10362.889152954032
96.19619619619621, 254.07657280466324, 425.12513968375123, 899.365366834647, 10363.308470121738
96.2962962962963, 254.08234334665374, 425.1340145186317, 899.2567983105738, 10363.727766509366
96.3963963963964, 254.0880876268333, 425.14284760026476, 899.1482526435246, 10364.147042099095
96.49649649649649, 254.09380577183143, 425.15163912845946, 899.0397298320288, 10364.56629687321
96.59659659659661, 254.09949790771293, 425.1603893021189, 898.9312298745897, 10364.985530814089
96.6966966966967, 254.1051641607593, 425.1690983201571, 898.8227527697127, 10365.404743904119
96.7967967967968, 254.11080465604164, 425.17776637982666, 898.7142985158546, 10365.82393612586
96.8968968968969, 254.11641951777466, 425.1863936771352, 898.6058671114363, 10366.243107461998
96.996996996997, 254.12200886954156, 425.1949804071098, 898.4974585548508, 10366.662257895321
97.0970970970971, 254.12757283429724, 425.2035267638029, 898.3890728444632, 10367.081387408723
97.1971971971972, 254.1331115343716, 425.2120329402964, 898.2807099786107, 10367.500495985198
97.2972972972973, 254.13862509147256, 425.2204991287068, 898.1723699556035, 10367.919583607842
97.3973973973974, 254.14411362668943, 425.22892552019033, 898.0640527737243, 10368.338650259857
97.4974974974975, 254.14957726049593, 425.23731230494747, 897.9557584312283, 10368.757695924538
97.5975975975976, 254.15501611275312, 425.2456596722278, 897.847486926344, 10369.176720585287
97.6976976976977, 254.16043030271294, 425.2539678103346, 897.7392382572729, 10369.595724225604
97.7977977977978, 254.16581994902072, 425.2622369066299, 897.6310124221898, 10370.014706829084
97.8978978978979, 254.17118516971857, 425.27046714753857, 897.5228094192428, 10370.433668379432
97.99799799799801, 254.17652608224813, 425.27865871855374, 897.4146292465535, 10370.85260886044
98.0980980980981, 254.18184280345383, 425.2868118042405, 897.3064719022175, 10371.271528256004
98.1981981981982, 254.1871354495854, 425.29492658824074, 897.1983373843038, 10371.690426550116
98.29829829829829, 254.19240413630112, 425.30300325327806, 897.0902256908556, 10372.109303726864
98.39839839839841, 254.19764897867063, 425.31104198116157, 896.9821368198905, 10372.528159770438
98.4984984984985, 254.20287009117752, 425.31904295279054, 896.8740707693997, 10372.946994665115
98.5985985985986, 254.2080675877225, 425.32700634815905, 896.7660275373494, 10373.365808395276
98.69869869869869, 254.21324158162597, 425.3349323463598, 896.6580071216798, 10373.784600945395
98.79879879879881, 254.2183921856309, 425.3428211255887, 896.5500095203063, 10374.203372300037
98.8988988988989, 254.22351951190544, 425.3506728631492, 896.4420347311187, 10374.622122443867
98.998998998999, 254.22862367204561, 425.35848773545615, 896.3340827519818, 10375.04085136164
99.0990990990991, 254.23370477707826, 425.36626591804026, 896.2261535807355, 10375.459559038207
99.1991991991992, 254.23876293746326, 425.37400758555196, 896.118247215195, 10375.878245458509
99.2992992992993, 254.24379826309647, 425.3817129117658, 896.0103636531506, 10376.296910607583
99.3993993993994, 254.2488108633122, 425.3893820695841, 895.9025028923683, 10376.715554470557
99.4994994994995, 254.25380084688578, 425.39701523104117, 895.7946649305893, 10377.134177032649
99.5995995995996, 254.25876832216755, 425.4046125674371, 895.6868497655352, 10377.552778279156
99.6996996996997, 254.26371339763818, 425.412174249888, 895.5790573949266, 10377.971358195397
99.79979979979981, 254.2686361806764, 425.41970044810944, 895.4712878164414, 10378.389916766831
99.8998998998999, 254.27353677800528, 425.4271913308595, 895.3635410277299, 10378.808453979029
100.0, 254.27841529581195, 425.4346470660579, 895.2558170264188, 10379.226969817642
