Initial conditions: Te0=800.0, Ti0=1200.0, rho0=29.41176470588235, Rh0=34.0
t (ps), Te (keV), Ti (keV), rho (g/cm^3), Rh (um)
0.0, 800.0, 1200.0, 29.41176470588235, 34.0
0.1001001001001001, 79.12788218669256, 1199.465347877328, 29.426921178536325, 34.0
0.2002002002002002, 60.31119812517698, 1198.3673683712602, 29.428801012665648, 34.0
0.3003003003003003, 52.00877003731603, 1196.8948277205739, 29.429940963788077, 34.0
0.4004004004004004, 47.30560174253885, 1195.1414776544254, 29.430791194881323, 34.0
0.5005005005005005, 44.35382732829729, 1193.175142602024, 29.431492349287744, 34.0
0.6006006006006006, 42.401373539520534, 1191.048518577543, 29.432106432886354, 34.0
0.7007007007007008, 41.070192394521996, 1188.8028156369123, 29.432665888470126, 34.0
0.8008008008008008, 40.14502883320186, 1186.4698719966286, 29.433189503191038, 34.0
0.9009009009009009, 39.4934196535204, 1184.0738954276737, 29.433688887562028, 34.0
1.001001001001001, 39.029706956128784, 1181.633021685201, 29.43417153610095, 34.0
1.1011011011011012, 38.69668907190133, 1179.1606732078917, 29.43464243320173, 34.0
1.2012012012012012, 38.45534816284773, 1176.6666905294871, 29.43510496370952, 34.0
1.3013013013013013, 38.2786887452714, 1174.1582371151076, 29.43556146029614, 34.0
1.4014014014014016, 38.14785047328757, 1171.6405005093795, 29.436013547528145, 34.0
1.5015015015015014, 38.04956736339208, 1169.1172231996534, 29.43646236538613, 34.0
1.6016016016016017, 37.974463941217586, 1166.5910978322868, 29.43690871818318, 34.0
1.7017017017017018, 37.91589115222876, 1164.0640580220258, 29.43735317571394, 34.0
1.8018018018018018, 37.86912167884312, 1161.5374903443167, 29.437796142837772, 34.0
1.901901901901902, 37.83078814706813, 1159.012388072699, 29.43823790787622, 34.0
2.002002002002002, 37.798488561980655, 1156.4894620996681, 29.43867867651012, 34.0
2.1021021021021022, 37.77050747696793, 1153.9692208531949, 29.439118595686505, 34.0
2.2022022022022023, 37.74561863221943, 1151.4520276486983, 29.43955777051747, 34.0
2.3023023023023024, 37.72294488604071, 1148.9381418088558, 29.439996276262463, 34.0
2.4024024024024024, 37.70185836299624, 1146.427748180906, 29.440434166865945, 34.0
2.5025025025025025, 37.681909369045094, 1143.9209782599398, 29.440871481033696, 34.0
2.6026026026026026, 37.6627756788188, 1141.4179253141256, 29.441308246567495, 34.0
2.702702702702703, 37.64422626699041, 1138.9186552300796, 29.441744483465392, 34.0
2.802802802802803, 37.626095524031264, 1136.423214239125, 29.44218020612615, 34.0
2.9029029029029028, 37.60826449048867, 1133.9316345466475, 29.44261542495409, 34.0
3.003003003003003, 37.59064783366991, 1131.4439382439323, 29.44305014747312, 34.0
3.1031031031031033, 37.5731843079623, 1128.9601401754896, 29.443484379143086, 34.0
3.2032032032032034, 37.55582990943738, 1126.4802499975087, 29.443918123945842, 34.0
3.3033033033033035, 37.538552962802804, 1124.0042736558419, 29.444351384805934, 34.0
3.4034034034034035, 37.52133074558323, 1121.5322144019135, 29.444784163879838, 34.0
3.503503503503504, 37.50414693017183, 1119.0640735626348, 29.445216462775225, 34.0
3.6036036036036037, 37.48698973812345, 1116.5998510960487, 29.445648282709225, 34.0
3.703703703703704, 37.46985069806215, 1114.1395459652983, 29.446079624614974, 34.0
3.803803803803804, 37.45272372530483, 1111.6831564157683, 29.446510489220596, 34.0
3.903903903903904, 37.43560442507411, 1109.2306801849202, 29.446940877109054, 34.0
4.004004004004004, 37.418489580550265, 1106.7821146564634, 29.44737078876208, 34.0
4.104104104104104, 37.40137699674734, 1104.3374569073917, 29.447800224573644, 34.0
4.2042042042042045, 37.38426501980796, 1101.8967038527662, 29.44822918489124, 34.0
4.3043043043043046, 37.36715244469846, 1099.4598522735264, 29.44865767002388, 34.0
4.404404404404405, 37.35003839112929, 1097.0268988538649, 29.449085680252733, 34.0
4.504504504504505, 37.332922257028436, 1094.5978401952893, 29.44951321583513, 34.0
4.604604604604605, 37.3158036111655, 1092.1726728490148, 29.449940277013827, 34.0
4.704704704704705, 37.298682122031195, 1089.75139333698, 29.450366864023085, 34.0
4.804804804804805, 37.28155753990245, 1087.3339981579106, 29.450792977090316, 34.0
4.904904904904906, 37.264429691444306, 1084.9204837884492, 29.451218616436464, 34.0
5.005005005005005, 37.24729844688179, 1082.5108453878759, 29.451643782354207, 34.0
5.105105105105106, 37.23016381634702, 1080.1050832800938, 29.45206847482381, 34.0
5.205205205205205, 37.213025640748306, 1077.7031894932209, 29.452492694322235, 34.0
5.305305305305305, 37.1958839023223, 1075.3051617690066, 29.452916440982104, 34.0
5.405405405405406, 37.17873857577615, 1072.9109973138193, 29.453339714967946, 34.0
5.505505505505505, 37.16158964059513, 1070.5206951231203, 29.453762516339808, 34.0
5.605605605605606, 37.14443703834437, 1068.134243263994, 29.45418484579666, 34.0
5.705705705705706, 37.12728079471936, 1065.7516468603023, 29.454606703038387, 34.0
5.8058058058058055, 37.11012089511019, 1063.3729009306883, 29.45502808835671, 34.0
5.9059059059059065, 37.09295732412575, 1060.998000889527, 29.455449002020213, 34.0
6.006006006006006, 37.075790065750205, 1058.6269424676195, 29.45586944427894, 34.0
6.106106106106107, 37.05861910396775, 1056.2597213957677, 29.456289415382937, 34.0
6.206206206206207, 37.04144443840661, 1053.8963340266691, 29.456708915545338, 34.0
6.306306306306307, 37.02426609188706, 1051.5367776349792, 29.457127944924554, 34.0
6.406406406406407, 37.00708406678241, 1049.1810486825227, 29.457546503727244, 34.0
6.506506506506507, 36.98989836491766, 1046.829143609326, 29.45796459216136, 34.0
6.606606606606607, 36.972708988732585, 1044.4810588558694, 29.45838221043489, 34.0
6.706706706706707, 36.955515949645, 1042.136790869266, 29.458799358756554, 34.0
6.806806806806807, 36.93831925647631, 1039.7963360947097, 29.459216037334848, 34.0
6.906906906906907, 36.9211189158558, 1037.4596909757759, 29.459632246378106, 34.0
7.007007007007008, 36.90391493441278, 1035.1268519560401, 29.460047986094658, 34.0
7.107107107107107, 36.88670728513167, 1032.7977860713881, 29.4604632584348, 34.0
7.207207207207207, 36.86949601965567, 1030.472566675118, 29.460878059060487, 34.0
7.307307307307307, 36.85228108559625, 1028.1511332424582, 29.461292391553233, 34.0
7.407407407407408, 36.83506248295343, 1025.8334857734087, 29.46170625591304, 34.0
7.507507507507508, 36.81784020617926, 1023.5196241005865, 29.46211965215052, 34.0
7.607607607607608, 36.800614178529116, 1021.2095459085828, 29.462532580412553, 34.0
7.707707707707708, 36.78338438543507, 1018.9032497058952, 29.462945040789755, 34.0
7.807807807807808, 36.766150892040315, 1016.6007305801062, 29.463357033567668, 34.0
7.907907907907909, 36.748913716570044, 1014.3019863224341, 29.46376855887601, 34.0
8.008008008008009, 36.73167288230359, 1012.0070121530248, 29.464179616997477, 34.0
8.108108108108109, 36.71442838759368, 1009.7158053727705, 29.464590208093583, 34.0
8.208208208208209, 36.69718022446571, 1007.4283611805948, 29.465000332452252, 34.0
8.308308308308309, 36.67992839243873, 1005.1446782299142, 29.465409990154246, 34.0
8.408408408408409, 36.66267289041044, 1002.8647505927821, 29.465819181555112, 34.0
8.508508508508509, 36.645413716303466, 1000.5885813899748, 29.466227906467296, 34.0
8.608608608608609, 36.62815087896028, 998.3161525818703, 29.466636165974453, 34.0
8.70870870870871, 36.61088437371294, 996.047473669602, 29.46704395950585, 34.0
8.80880880880881, 36.593614199152924, 993.7825398760942, 29.467451287349988, 34.0
8.90890890890891, 36.576340353192734, 991.5213461547396, 29.46785814981188, 34.0
9.00900900900901, 36.5590628356806, 989.2638882273744, 29.468264547149438, 34.0
9.10910910910911, 36.54178164646472, 987.0101618158349, 29.46867047962058, 34.0
9.20920920920921, 36.52449678539334, 984.7601626419574, 29.469075947483216, 34.0
9.30930930930931, 36.507208258770774, 982.5138870925247, 29.469480950955734, 34.0
9.40940940940941, 36.489916084638665, 980.2713327632019, 29.46988549018467, 34.0
9.50950950950951, 36.472620270651305, 978.0324961798134, 29.47028956538014, 34.0
9.60960960960961, 36.45532082400101, 975.7973738205984, 29.4706931767551, 34.0
9.70970970970971, 36.43801775188006, 973.565962163796, 29.4710963245225, 34.0
9.809809809809812, 36.42071105637014, 971.3382576915856, 29.471499008896124, 34.0
9.90990990990991, 36.403400708153576, 969.114256910355, 29.471901230094815, 34.0
10.01001001001001, 36.38608669508697, 966.8939563132509, 29.47230298833466, 34.0
10.11011011011011, 36.36876900963148, 964.6773523898702, 29.472704283830986, 34.0
10.210210210210212, 36.35144764424822, 962.4644416298097, 29.473105116799132, 34.0
10.310310310310312, 36.33412259359282, 960.2552205222432, 29.473505487454265, 34.0
10.41041041041041, 36.31679394486805, 958.0496855385312, 29.47390539600472, 34.0
10.51051051051051, 36.29946175216037, 955.8478331637112, 29.47430484266229, 34.0
10.61061061061061, 36.282125896814456, 953.6496599299373, 29.474703827653435, 34.0
10.710710710710712, 36.2647863762259, 951.4551616313717, 29.475102351238295, 34.0
10.810810810810812, 36.247443195293855, 949.2643368833061, 29.47550041350194, 34.0
10.91091091091091, 36.230096380217134, 947.0771790878925, 29.475898014850067, 34.0
11.01101101101101, 36.212745923784745, 944.8936863790902, 29.476295155399253, 34.0
11.11111111111111, 36.19539182813197, 942.7138552176949, 29.476691835369213, 34.0
11.211211211211213, 36.17803409005295, 940.537685674011, 29.477088054755395, 34.0
11.311311311311313, 36.1606727312686, 938.3651642235803, 29.47748381439816, 34.0
11.411411411411413, 36.143307741360935, 936.1962972157997, 29.477879113903054, 34.0
11.511511511511511, 36.125939121519124, 934.031079851141, 29.478273953570437, 34.0
11.611611611611611, 36.10856687373334, 931.8695075667483, 29.47866833368557, 34.0
11.711711711711713, 36.09119100149774, 929.7115762441525, 29.479062254505386, 34.0
11.811811811811813, 36.073811508306484, 927.5572817648844, 29.47945571628681, 34.0
11.911911911911913, 36.05642839765373, 925.4066200104749, 29.479848719286775, 34.0
12.012012012012011, 36.03904167863806, 923.259587698645, 29.480241263711495, 34.0
12.112112112112113, 36.021651364422, 921.1161821534655, 29.480633349730393, 34.0
12.212212212212213, 36.004257462782846, 918.9763998955175, 29.481024977561642, 34.0
12.312312312312313, 35.98685998147957, 916.8402374426497, 29.48141614742358, 34.0
12.412412412412413, 35.96945892827113, 914.7076913127108, 29.48180685953454, 34.0
12.512512512512513, 35.95205430060787, 912.578758031703, 29.482197114114534, 34.0
12.612612612612613, 35.934646064036954, 910.4534341508611, 29.482586911388772, 34.0
12.712712712712714, 35.91723420718342, 908.331716203167, 29.482976251578705, 34.0
12.812812812812814, 35.89981872114303, 906.2136007196488, 29.483365134905384, 34.0
12.912912912912914, 35.88239959701157, 904.0990842313344, 29.483753561589857, 34.0
13.013013013013014, 35.864976834540734, 901.9881632675243, 29.48414153185252, 34.0
13.113113113113114, 35.84755056621327, 899.8808343310471, 29.484529045903656, 34.0
13.213213213213214, 35.83012081799295, 897.7770939572295, 29.484916103963208, 34.0
13.313313313313314, 35.81268747301202, 895.6769387204666, 29.485302706263436, 34.0
13.413413413413414, 35.7952505340751, 893.5803647236226, 29.485688853054402, 34.0
13.513513513513514, 35.7778100126702, 891.4873698095773, 29.486074544473617, 34.0
13.613613613613614, 35.760365927565765, 889.3979479789635, 29.48645978090549, 34.0
13.713713713713714, 35.74291827369301, 887.312097770063, 29.48684456244497, 34.0
13.813813813813814, 35.72546705485292, 885.2298150578885, 29.487228889358406, 34.0
13.913913913913914, 35.70801226686855, 883.1511005131024, 29.487612761602225, 34.0
14.014014014014016, 35.69055393804301, 881.0759400615319, 29.48799618008639, 34.0
14.114114114114114, 35.67309205460191, 879.0043404688577, 29.488379144373532, 34.0
14.214214214214214, 35.65562661973497, 876.9362969960962, 29.4887616547724, 34.0
14.314314314314315, 35.63815763712334, 874.8718050735024, 29.489143711580496, 34.0
14.414414414414415, 35.62068511185518, 872.8108606158083, 29.489525315063105, 34.0
14.514514514514516, 35.6032090490186, 870.7534595377451, 29.48990646548552, 34.0
14.614614614614615, 35.585729453701745, 868.6995977540448, 29.490287163113045, 34.0
14.714714714714717, 35.56824633663231, 866.649271976831, 29.490667408160828, 34.0
14.814814814814817, 35.55075971354007, 864.6024796254695, 29.491047200799574, 34.0
14.914914914914917, 35.53326959414958, 862.5592172702507, 29.491426541253364, 34.0
15.015015015015017, 35.515775988140014, 860.5194814750365, 29.491805429746673, 34.0
15.115115115115117, 35.49827890519049, 858.4832688036894, 29.49218386650399, 34.0
15.215215215215215, 35.48077834549744, 856.4505758282826, 29.492561851751454, 34.0
15.315315315315315, 35.46327427579413, 854.4213991498663, 29.492939385721044, 34.0
15.415415415415415, 35.44576668583591, 852.3957353495547, 29.49331646864074, 34.0
15.515515515515515, 35.428255568356384, 850.3735810058838, 29.493693100737975, 34.0
15.615615615615615, 35.410740916089125, 848.3549326973891, 29.4940692822402, 34.0
15.715715715715717, 35.39322272857241, 846.3397870014005, 29.494445013374357, 34.0
15.815815815815817, 35.375701129375436, 844.3281404732741, 29.494820294358192, 34.0
15.915915915915917, 35.35817615623432, 842.3199896956177, 29.495195125417485, 34.0
16.016016016016017, 35.34064769882432, 840.3153312905828, 29.495569506790805, 34.0
16.116116116116117, 35.3231157617242, 838.3141613675978, 29.495943438739125, 34.0
16.216216216216218, 35.30558035529098, 836.3164779574081, 29.496316921393824, 34.0
16.316316316316318, 35.28804150122511, 834.3222749721623, 29.49668995516291, 34.0
16.416416416416418, 35.27049919529292, 832.3315508684076, 29.497062540151205, 34.0
16.516516516516518, 35.252953443319804, 830.3443020161927, 29.497434676603934, 34.0
16.616616616616618, 35.23540423796613, 828.3605298505757, 29.49780636442353, 34.0
16.716716716716718, 35.217851624554044, 826.3802174522115, 29.498177604755266, 34.0
16.816816816816818, 35.200295579445196, 824.4033736456051, 29.498548397001805, 34.0
16.916916916916918, 35.1827361097715, 822.4299941166666, 29.49891874145705, 34.0
17.017017017017018, 35.16517322155662, 820.4600740350727, 29.49928863845089, 34.0
17.117117117117118, 35.14760692248857, 818.4936093457545, 29.499658088259153, 34.0
17.217217217217218, 35.1300372202563, 816.5305959941066, 29.500027091157637, 34.0
17.31731731731732, 35.11246412254878, 814.5710299255238, 29.500395647422152, 34.0
17.41741741741742, 35.094887641009976, 812.6149076686586, 29.500763757290265, 34.0
17.51751751751752, 35.07730779449244, 810.6622268152453, 29.501131420929866, 34.0
17.61761761761762, 35.059724595524955, 808.7129840244259, 29.501498638569977, 34.0
17.71771771771772, 35.0421380563554, 806.7671759139171, 29.501865410442335, 34.0
17.81781781781782, 35.02454818923167, 804.8247991014359, 29.50223173677867, 34.0
17.91791791791792, 35.006954998055846, 802.8858502124378, 29.502597617812263, 34.0
18.01801801801802, 34.98935845101606, 800.9503259054953, 29.502963053783045, 34.0
18.11811811811812, 34.97175853887906, 799.0182228182441, 29.503328044926736, 34.0
18.21821821821822, 34.95415525621777, 797.0895375847907, 29.503692591478362, 34.0
18.31831831831832, 34.93654859760512, 795.1642668392413, 29.504056693672933, 34.0
18.41841841841842, 34.9189385660253, 793.2424072144137, 29.504420351744873, 34.0
18.518518518518523, 34.90132528641048, 791.3239553245043, 29.504783565919876, 34.0
18.61861861861862, 34.883708783031324, 789.4089078142333, 29.505146336432976, 34.0
18.71871871871872, 34.8660889659918, 787.497261357913, 29.505508663529056, 34.0
18.81881881881882, 34.848465845264535, 785.5890123031162, 29.505870547465626, 34.0
18.91891891891892, 34.83083943564007, 783.6841581429321, 29.506231988418875, 34.0
19.01901901901902, 34.81320975477376, 781.7826932695042, 29.506592986785503, 34.0
19.11911911911912, 34.79557680091182, 779.8846164963708, 29.506953542650283, 34.0
19.21921921921922, 34.777940584333614, 777.9899237304929, 29.50731365630456, 34.0
19.31931931931932, 34.76030109408604, 776.0986171769794, 29.50767332759036, 34.0
19.41941941941942, 34.74265839460421, 774.210678835208, 29.50803255779252, 34.0
19.519519519519523, 34.72501245157947, 772.326118289662, 29.508391346226922, 34.0
19.619619619619623, 34.70736327612611, 770.4449313983431, 29.508749693191053, 34.0
19.71971971971972, 34.68971087859593, 768.5671132808094, 29.509107599036795, 34.0
19.81981981981982, 34.67205527022066, 766.6926599087815, 29.50946506405326, 34.0
19.91991991991992, 34.654396462239006, 764.8215672607414, 29.509822088529052, 34.0
20.02002002002002, 34.636734465889674, 762.9538313151716, 29.510178672752783, 34.0
20.12012012012012, 34.61906929679291, 761.0894487664548, 29.5105348169638, 34.0
20.22022022022022, 34.60140097621025, 759.2284172307118, 29.510890521338016, 34.0
20.32032032032032, 34.583729519792335, 757.3707334072955, 29.511245786114433, 34.0
20.420420420420424, 34.56605494307252, 755.5163939763925, 29.51160061153337, 34.0
20.520520520520524, 34.548377261584164, 753.6653956181896, 29.511954997835147, 34.0
20.620620620620624, 34.530696474741006, 751.8177350288105, 29.512308945263293, 34.0
20.720720720720724, 34.513012554076155, 749.9734089319435, 29.512662454066852, 34.0
20.82082082082082, 34.49532549575198, 748.1324140269268, 29.513015524489994, 34.0
20.92092092092092, 34.47763529690901, 746.2947470121318, 29.513368156776693, 34.0
21.02102102102102, 34.45994195468776, 744.4604045859296, 29.51372035117092, 34.0
21.12112112112112, 34.44224549908165, 742.6293834426068, 29.514072107914412, 34.0
21.22122122122122, 34.4245460648917, 740.8016802658324, 29.514423427242154, 34.0
21.32132132132132, 34.40684360081309, 738.977291786445, 29.51477430940521, 34.0
21.421421421421424, 34.38913807511589, 737.1562147303002, 29.51512475465299, 34.0
21.521521521521525, 34.371429504627145, 735.338445792824, 29.515474763232255, 34.0
21.621621621621625, 34.35371791141372, 733.5239811129809, 29.515824335431898, 34.0
21.721721721721725, 34.33600330305385, 731.7128168685332, 29.516173471540238, 34.0
21.82182182182182, 34.318285682956294, 729.904951941623, 29.51652217164181, 34.0
21.92192192192192, 34.30056507076751, 728.1003810302577, 29.516870436137378, 34.0
22.02202202202202, 34.282841456245265, 726.2991060768418, 29.517218264879325, 34.0
22.12212212212212, 34.26511490905165, 724.5011125680048, 29.517565658968834, 34.0
22.22222222222222, 34.24738539410584, 722.7064077831209, 29.517912617853675, 34.0
22.322322322322325, 34.2296529278122, 720.914987107974, 29.51825914188739, 34.0
22.422422422422425, 34.211917526511435, 719.1268460475222, 29.518605231414174, 34.0
22.522522522522525, 34.19417920627282, 717.3419806149149, 29.518950886738352, 34.0
22.622622622622625, 34.176437983165634, 715.5603868233006, 29.519296108164266, 34.0
22.722722722722725, 34.158693873735636, 713.7820607848493, 29.51964089598903, 34.0
22.822822822822825, 34.14094690159131, 712.0070000794258, 29.519985250402843, 34.0
22.922922922922922, 34.123197088146675, 710.2352018308663, 29.520329171629097, 34.0
23.023023023023022, 34.10544445302593, 708.46666279107, 29.520672659918315, 34.0
23.123123123123122, 34.0876890158533, 706.7013797119357, 29.521015715521003, 34.0
23.223223223223222, 34.06993079295932, 704.9393493501901, 29.521358338688582, 34.0
23.323323323323326, 34.05216977613821, 703.1805684985247, 29.521700529679332, 34.0
23.423423423423426, 34.034405968829844, 701.4250339325612, 29.522042288748263, 34.0
23.523523523523526, 34.0166393785009, 699.6727424220187, 29.522383616149277, 34.0
23.623623623623626, 33.998870012618035, 697.9236907366163, 29.52272451213627, 34.0
23.723723723723726, 33.981097985636936, 696.1778337433501, 29.5230649803019, 34.0
23.823823823823826, 33.96332303471312, 694.4352751276118, 29.52340501239309, 34.0
23.923923923923926, 33.945545360332204, 692.6959361704315, 29.523744614679813, 34.0
24.024024024024023, 33.92776496249421, 690.959816871809, 29.524083787162066, 34.0
24.124124124124123, 33.90998184119911, 689.2269172317443, 29.524422529839864, 34.0
24.224224224224226, 33.89219601729718, 687.4972363176765, 29.524760842787916, 34.0
24.324324324324326, 33.874407546523585, 685.7707716367601, 29.52509872620599, 34.0
24.424424424424426, 33.856616436828205, 684.0475221881451, 29.525436180174953, 34.0
24.524524524524526, 33.83882271856983, 682.3274826242301, 29.52577320512744, 34.0
24.624624624624627, 33.821026398066095, 680.6106517839036, 29.526109801157553, 34.0
24.724724724724727, 33.8032274977385, 678.8970247381718, 29.526445968667367, 34.0
24.824824824824827, 33.78542602642646, 677.1865995436106, 29.52678170781543, 34.0
24.924924924924927, 33.76762200091451, 675.479372252098, 29.527117018926166, 34.0
25.025025025025027, 33.74981543611378, 673.7753393561823, 29.527451902287797, 34.0
25.125125125125123, 33.732006339414376, 672.0744995903971, 29.52778635800483, 34.0
25.225225225225227, 33.7141947447993, 670.3768471355536, 29.528120386557816, 34.0
25.325325325325327, 33.69638061626845, 668.6823880893587, 29.528453987438965, 34.0
25.425425425425427, 33.678564095027085, 666.9910985068578, 29.52878716264058, 34.0
25.525525525525527, 33.660745100785974, 665.3029920031385, 29.529119911029838, 34.0
25.625625625625627, 33.64292365434123, 663.6180649713406, 29.529452232908003, 34.0
25.725725725725727, 33.625099783575266, 661.9363123359541, 29.52978412870244, 34.0
25.825825825825827, 33.60727351170062, 660.2577299893134, 29.530115598757398, 34.0
25.925925925925927, 33.5894448613804, 658.5823139376195, 29.53044664340738, 34.0
26.026026026026027, 33.57161385527771, 656.9100601870731, 29.530777262986867, 34.0
26.126126126126128, 33.553780521959574, 655.2409658565125, 29.53110745774129, 34.0
26.226226226226228, 33.535944893186176, 653.5750286665569, 29.5314372278679, 34.0
26.326326326326328, 33.5181069961403, 651.9122454751774, 29.53176657363301, 34.0
26.426426426426428, 33.500266858004345, 650.252613140271, 29.53209549530293, 34.0
26.526526526526528, 33.48242450394924, 648.5961285225582, 29.532423993144537, 34.0
26.626626626626628, 33.46457993092466, 646.9427885223691, 29.532752067432686, 34.0
26.726726726726728, 33.44673314461465, 645.2925900277756, 29.53307971843974, 34.0
26.826826826826828, 33.428884157531115, 643.6455299172657, 29.53340694643617, 34.0
26.926926926926928, 33.411032982185944, 642.0016050693274, 29.533733751692417, 34.0
27.027027027027028, 33.39317979423023, 640.3607798172196, 29.53406013734159, 34.0
27.127127127127128, 33.3753241962265, 638.7231350862478, 29.534386096276343, 34.0
27.227227227227228, 33.35746650491112, 637.0886070734865, 29.534711634104674, 34.0
27.32732732732733, 33.339606720284095, 635.4571957789361, 29.535036750826592, 34.0
27.42742742742743, 33.32174484236938, 633.8289012016461, 29.535361446442174, 34.0
27.52752752752753, 33.30388091829662, 632.2037214709882, 29.535685721117712, 34.0
27.62762762762763, 33.28601499111072, 630.5816548784649, 29.53600957500508, 34.0
27.72772772772773, 33.26814707376759, 628.9626996827502, 29.53633300826052, 34.0
27.82782782782783, 33.25027720418964, 627.3468507869268, 29.536656021341365, 34.0
27.92792792792793, 33.23240538848165, 625.7341073700434, 29.536978614321633, 34.0
28.028028028028032, 33.21453166560184, 624.1244641911725, 29.5373007876755, 34.0
28.128128128128132, 33.19665604610958, 622.5179198297145, 29.537622541531494, 34.0
28.22822822822823, 33.17877855937129, 620.9144702913235, 29.537943876254136, 34.0
28.32832832832833, 33.16089923003471, 619.314112223474, 29.53826479214937, 34.0
28.42842842842843, 33.14301806865336, 617.7168444025763, 29.538585289329667, 34.0
28.52852852852853, 33.12513512385044, 616.1226611911851, 29.538905368313184, 34.0
28.62862862862863, 33.10725034194215, 614.5315687294315, 29.539225028529856, 34.0
28.72872872872873, 33.08936392971255, 612.9435433333495, 29.53954427217626, 34.0
28.82882882882883, 33.07147576916761, 611.3585985173582, 29.539863097999014, 34.0
28.92892892892893, 33.05358589036755, 609.7767308490891, 29.54018150631762, 34.0
29.029029029029033, 33.03569433673915, 608.1979354058861, 29.54049949759436, 34.0
29.129129129129133, 33.01780114372157, 606.6222081556617, 29.5408170722062, 34.0
29.22922922922923, 32.99990634559244, 605.0495451958321, 29.541134230517702, 34.0
29.32932932932933, 32.982009976726616, 603.4799426935731, 29.541450972887237, 34.0
29.429429429429433, 32.964112073665035, 601.9133983704224, 29.54176729953525, 34.0
29.52952952952953, 32.94621267256012, 600.349909669111, 29.542083210706913, 34.0
29.629629629629633, 32.92831180892067, 598.7894735705245, 29.542398706688402, 34.0
29.72972972972973, 32.9104095182555, 597.2320870555498, 29.542713787765877, 34.0
29.829829829829833, 32.8925058194337, 595.6777471282858, 29.54302845423045, 34.0
29.92992992992993, 32.87460071493536, 594.1264508156966, 29.54334270637809, 34.0
30.030030030030034, 32.85669422400902, 592.578195121352, 29.5436565444998, 34.0
30.13013013013013, 32.838786366036715, 591.0329770486364, 29.543969968886543, 34.0
30.230230230230234, 32.82087740649557, 589.490766529203, 29.544282982496426, 34.0
30.33033033033033, 32.80296674790271, 587.951631027581, 29.54459557869131, 34.0
30.43043043043043, 32.78505488284671, 586.4155158978017, 29.54490776285276, 34.0
30.530530530530534, 32.767141811327555, 584.8824211398651, 29.545219534980767, 34.0
30.63063063063063, 32.749227535342285, 583.352346676225, 29.54553089508312, 34.0
30.730730730730734, 32.73131211606634, 581.8252901313805, 29.54584184339848, 34.0
30.83083083083083, 32.713395582327976, 580.301250385903, 29.546152380039317, 34.0
30.930930930930934, 32.69547795613865, 578.7802252358833, 29.54646250522843, 34.0
31.03103103103103, 32.677559285281355, 577.2622098970211, 29.546772219449505, 34.0
31.131131131131134, 32.659639576786134, 575.7472037377984, 29.547081522766774, 34.0
31.23123123123123, 32.64171889078491, 574.2352015466184, 29.547390415711423, 34.0
31.331331331331334, 32.62379724404576, 572.7262018702015, 29.54769889843158, 34.0
31.431431431431434, 32.60587467262156, 571.2202014278799, 29.548006971265416, 34.0
31.53153153153153, 32.587951222225406, 569.7171960599397, 29.548314634641713, 34.0
31.631631631631635, 32.570026896778586, 568.2171854596426, 29.54862188859235, 34.0
31.73173173173173, 32.55210176628949, 566.7201641878256, 29.548928733682914, 34.0
31.831831831831835, 32.5341758571389, 565.2261301948843, 29.549235170126515, 34.0
31.93193193193193, 32.51624913382844, 563.7350862379546, 29.54954119763314, 34.0
32.032032032032035, 32.4983218248859, 562.2470145674346, 29.54984681806985, 34.0
32.13213213213213, 32.480393797585066, 560.7619254920821, 29.550152030352276, 34.0
32.232232232232235, 32.46246510466527, 559.2798151028929, 29.55045683489482, 34.0
32.332332332332335, 32.44453581204608, 557.8006786285705, 29.550761232205346, 34.0
32.432432432432435, 32.42660597251352, 556.3245121570561, 29.55106522269859, 34.0
32.532532532532535, 32.40867563870837, 554.8513117913648, 29.551368806787742, 34.0
32.632632632632635, 32.39074485151713, 553.3810750375308, 29.55167198474477, 34.0
32.732732732732735, 32.372813649535125, 551.9137996750752, 29.55197475681413, 34.0
32.832832832832835, 32.354882076884984, 550.4494828237614, 29.552277123306666, 34.0
32.932932932932935, 32.336950176402794, 548.9881216050651, 29.552579084533637, 34.0
33.033033033033036, 32.31901796386147, 547.5297131765014, 29.55288064081463, 34.0
33.133133133133136, 32.30108545902909, 546.0742546902651, 29.553181792468006, 34.0
33.233233233233236, 32.28315268911884, 544.6217432886366, 29.553482539809824, 34.0
33.333333333333336, 32.26521968433988, 543.172176116596, 29.553782883156565, 34.0
33.433433433433436, 32.24728650022723, 541.7255503419416, 29.55408282282812, 34.0
33.533533533533536, 32.22935318309005, 540.2818631241593, 29.554382359143155, 34.0
33.633633633633636, 32.211419775157125, 538.8411116190588, 29.554681492419764, 34.0
33.733733733733736, 32.19348632261104, 537.4032929883406, 29.55498022297705, 34.0
33.833833833833836, 32.17555288807859, 535.9684044182075, 29.555278551138283, 34.0
33.933933933933936, 32.157619525442264, 534.5364430818331, 29.55557647722451, 34.0
34.034034034034036, 32.13968628715413, 533.1074061502595, 29.555874001556422, 34.0
34.13413413413413, 32.12175322048042, 531.6812908080086, 29.556171124457602, 34.0
34.234234234234236, 32.10382036176363, 530.2580942679947, 29.55646784625776, 34.0
34.334334334334336, 32.08588775498279, 528.8378137232836, 29.55676416728232, 34.0
34.434434434434436, 32.06795544451474, 527.4204463659071, 29.55706008785648, 34.0
34.53453453453454, 32.05002364161357, 526.0059780442309, 29.55735560965121, 34.0
34.63463463463464, 32.03209192453162, 524.5944368750975, 29.557650729351813, 34.0
34.73473473473474, 32.014160705402304, 523.1857952399275, 29.55794545021977, 34.0
34.83483483483484, 31.996229984524565, 521.7800531226101, 29.558239772257057, 34.0
34.93493493493494, 31.978299798804905, 520.3772085340629, 29.558533695707574, 34.0
35.03503503503504, 31.960370173795756, 518.9772600971337, 29.558827220740174, 34.0
35.13513513513514, 31.942441136035477, 517.580206442524, 29.559120347520764, 34.0
35.23523523523524, 31.924512781987264, 516.1860425930278, 29.55941307665237, 34.0
35.33533533533534, 31.906585011304497, 514.7947735083054, 29.5597054075266, 34.0
35.43543543543544, 31.888658225224923, 513.4063792868192, 29.559997342582193, 34.0
35.53553553553554, 31.870732196598905, 512.0208711952733, 29.560288880438524, 34.0
35.63563563563564, 31.85280699059536, 510.6382460063826, 29.560580021493053, 34.0
35.73573573573574, 31.83488269965728, 509.25849915438954, 29.560870766312842, 34.0
35.83583583583584, 31.816959400328265, 507.88162685379683, 29.56116111536608, 34.0
35.93593593593594, 31.79903716668966, 506.5076254435699, 29.56145106910576, 34.0
36.03603603603604, 31.781116045152263, 505.1364927123064, 29.561740627815762, 34.0
36.13613613613614, 31.763196083928676, 503.76822635420757, 29.562029791790952, 34.0
36.23623623623624, 31.745277339127465, 502.4028236498149, 29.56231856137448, 34.0
36.33633633633634, 31.72735985774664, 501.0402818930586, 29.562606936912868, 34.0
36.43643643643644, 31.709443668999217, 499.68059840400593, 29.562894918759262, 34.0
36.53653653653654, 31.691528814017744, 498.323770485207, 29.56318250726237, 34.0
36.63663663663664, 31.673615336266337, 496.96979543974044, 29.563469702770934, 34.0
36.73673673673674, 31.655703305710304, 495.6186705891401, 29.563756505636974, 34.0
36.83683683683684, 31.637792787098558, 494.27039325130755, 29.564042916211875, 34.0
36.93693693693694, 31.619883839439687, 492.92496074014633, 29.564328934846298, 34.0
37.037037037037045, 31.60197652726228, 491.5823703792535, 29.564614561892938, 34.0
37.13713713713714, 31.58407092357732, 490.24261950712116, 29.564899797707582, 34.0
37.23723723723724, 31.56616709538438, 488.90570545528226, 29.565184642644663, 34.0
37.33733733733734, 31.548265092701104, 487.57162557426943, 29.56546909706353, 34.0
37.43743743743744, 31.530364966991026, 486.2403772129783, 29.56575316132312, 34.0
37.53753753753754, 31.51246677471826, 484.91195772334436, 29.566036835782928, 34.0
37.63763763763764, 31.494570576096176, 483.5863644688399, 29.56632012080506, 34.0
37.73773773773774, 31.47667642972469, 482.26359480763676, 29.566603016750403, 34.0
37.83783783783784, 31.458784400359423, 480.94364611121284, 29.56688552398285, 34.0
37.93793793793794, 31.440894552553768, 479.6265157506081, 29.567167642866185, 34.0
38.03803803803804, 31.423006949594058, 478.31220110061207, 29.567449373765136, 34.0
38.138138138138146, 31.40512165466591, 477.0006995495231, 29.5677307170477, 34.0
38.23823823823824, 31.387238731031015, 475.6920084793539, 29.568011673080353, 34.0
38.33833833833834, 31.36935824262777, 474.38612528658655, 29.568292242233095, 34.0
38.43843843843844, 31.351480253447374, 473.0830473688593, 29.5685724248762, 34.0
38.53853853853854, 31.333604827973616, 471.78277212467617, 29.56885222138017, 34.0
38.63863863863864, 31.315732032822055, 470.4852969672113, 29.569131632119078, 34.0
38.73873873873874, 31.297861933728925, 469.19061930362835, 29.569410657465543, 34.0
38.83883883883884, 31.2799945977569, 467.898736553279, 29.5696892977952, 34.0
38.93893893893894, 31.262130092408842, 466.6096461394901, 29.56996755348471, 34.0
39.03903903903905, 31.244268485004085, 465.32334548454554, 29.570245424910453, 34.0
39.13913913913914, 31.226409844369055, 464.03983202725175, 29.570522912453026, 34.0
39.23923923923925, 31.20855423874998, 462.7591032000545, 29.57080001649141, 34.0
39.33933933933934, 31.190701736986725, 461.481156440523, 29.57107673740591, 34.0
39.43943943943944, 31.172852409784525, 460.2059892030651, 29.571353075581158, 34.0
39.53953953953954, 31.155006326890405, 458.9335989334387, 29.571629031399574, 34.0
39.63963963963964, 31.137163559032356, 457.66398308623815, 29.57190460524589, 34.0
39.73973973973974, 31.1193241783667, 456.39713912892563, 29.57217979750823, 34.0
39.83983983983984, 31.101488256113022, 455.1330645205248, 29.572454608572485, 34.0
39.93993993993995, 31.083655864879784, 453.87175673313436, 29.572729038828083, 34.0
40.04004004004004, 31.065827078063478, 452.61321324626874, 29.573003088666404, 34.0
40.14014014014015, 31.04800196837, 451.35743153293083, 29.573276758477107, 34.0
40.24024024024024, 31.030180610318283, 450.1044090826812, 29.57355004865438, 34.0
40.34034034034035, 31.01236307862994, 448.8541433869304, 29.573822959592906, 34.0
40.44044044044044, 30.99454944752025, 447.60663193243084, 29.574095491686126, 34.0
40.54054054054054, 30.976739793277417, 446.3618722238627, 29.57436764533245, 34.0
40.64064064064064, 30.95893419224743, 445.1198617664061, 29.574639420930467, 34.0
40.74074074074074, 30.941132720298977, 443.8805980611251, 29.57491081887759, 34.0
40.84084084084085, 30.923335455383462, 442.6440786273454, 29.57518183957648, 34.0
40.94094094094094, 30.905542475357347, 441.4103009835605, 29.575452483429544, 34.0
41.04104104104105, 30.887753857704293, 440.179262644991, 29.57572275083827, 34.0
41.14114114114114, 30.8699696820301, 438.95096114540513, 29.575992642209577, 34.0
41.24124124124125, 30.852190027705806, 437.72539401651875, 29.576262157949785, 34.0
41.34134134134134, 30.834414973829443, 436.5025587876206, 29.57653129846451, 34.0
41.44144144144145, 30.816644601711303, 435.28245300681084, 29.576800064165017, 34.0
41.54154154154154, 30.798878992274748, 434.0650742188992, 29.57706845546159, 34.0
41.64164164164164, 30.781118226218542, 432.8504199667432, 29.577336472763925, 34.0
41.74174174174174, 30.763362386527625, 431.63848781211044, 29.57760411648756, 34.0
41.84184184184184, 30.745611555777323, 430.42927531338034, 29.577871387046983, 34.0
41.94194194194195, 30.72786581631038, 429.22278002700256, 29.5781382848561, 34.0
42.04204204204204, 30.710125252729373, 428.018999528046, 29.578404810334703, 34.0
42.14214214214215, 30.692389949222434, 426.8179313881645, 29.57867096390152, 34.0
42.24224224224224, 30.674659989757465, 425.61957317717577, 29.57893674597471, 34.0
42.34234234234235, 30.656935460560334, 424.4239224832334, 29.579202156978386, 34.0
42.44244244244244, 30.63921644743335, 423.230976891052, 29.57946719733556, 34.0
42.54254254254254, 30.621503035969095, 422.0407339836104, 29.57973186746869, 34.0
42.64264264264264, 30.60379531404137, 420.8531913620345, 29.57999616780632, 34.0
42.74274274274274, 30.58609336907369, 419.66834662386833, 29.5802600987758, 34.0
42.84284284284285, 30.568397288247162, 418.48619736469044, 29.580523660803816, 34.0
42.94294294294294, 30.55070716105182, 417.30674119792576, 29.58078685432326, 34.0
43.04304304304305, 30.533023076625614, 416.1299757342779, 29.581049679766068, 34.0
43.14314314314314, 30.515345123776253, 414.9558985818872, 29.581312137563295, 34.0
43.24324324324325, 30.497673393550695, 413.78450736601843, 29.581574228152135, 34.0
43.34334334334334, 30.480007976763765, 412.6157997101614, 29.58183595196914, 34.0
43.44344344344345, 30.46234896383268, 411.4497732347509, 29.58209730944979, 34.0
43.54354354354354, 30.44469644735243, 410.2864255765777, 29.582358301035615, 34.0
43.64364364364364, 30.42705051980864, 409.125754371611, 29.582618927167857, 34.0
43.74374374374375, 30.409411273222474, 407.96775725231805, 29.58287918828645, 34.0
43.84384384384384, 30.391778801745406, 406.81243186679194, 29.58313908483735, 34.0
43.94394394394395, 30.37415319953513, 405.6597758631711, 29.583398617266532, 34.0
44.04404404404404, 30.356534560192294, 404.5097868854992, 29.583657786018392, 34.0
44.14414414414415, 30.338922979343998, 403.3624625921919, 29.583916591543094, 34.0
44.24424424424424, 30.32131855292006, 402.21780064381255, 29.584175034291643, 34.0
44.34434434434435, 30.303721376146584, 401.07579869593144, 29.58443311471305, 34.0
44.44444444444444, 30.28613154605936, 399.9364544167478, 29.58469083326161, 34.0
44.54454454454455, 30.268549160309068, 398.7997654787519, 29.584948190393405, 34.0
44.64464464464465, 30.250974315731757, 397.66572954874897, 29.58520518656214, 34.0
44.74474474474474, 30.23340711074092, 396.5343443042912, 29.585461822226204, 34.0
44.84484484484485, 30.21584764469599, 395.40560742937583, 29.585718097846815, 34.0
44.94494494494494, 30.198296016034178, 394.2795166017167, 29.58597401388245, 34.0
45.04504504504505, 30.180752324537227, 393.1560695079107, 29.586229570795638, 34.0
45.14514514514514, 30.163216671265726, 392.03526384300443, 29.586484769052788, 34.0
45.24524524524525, 30.14568915624379, 390.9170972951959, 29.58673960911718, 34.0
45.34534534534534, 30.128169880540792, 389.80156755931193, 29.58699409145528, 34.0
45.44544544544545, 30.110658946945527, 388.68867234108353, 29.58724821653883, 34.0
45.545545545545544, 30.093156457111892, 387.5784093390442, 29.587501984836077, 34.0
45.64564564564565, 30.07566251342587, 386.4707762562471, 29.587755396817602, 34.0
45.74574574574575, 30.058177220251885, 385.36577080797156, 29.588008452960214, 34.0
45.845845845845844, 30.04070068085875, 384.26339070272667, 29.588261153737264, 34.0
45.94594594594595, 30.023232998967313, 383.1636336517013, 29.58851349962359, 34.0
46.046046046046044, 30.00577428042884, 382.0664973787972, 29.588765491100908, 34.0
46.14614614614615, 29.98832463011891, 380.97197960209354, 29.589017128647786, 34.0
46.246246246246244, 29.970884153113953, 379.8800780407783, 29.589268412743458, 34.0
46.34634634634635, 29.953452956684107, 378.7907904265689, 29.589519343874443, 34.0
46.446446446446444, 29.936031147304455, 377.7041144866418, 29.58976992252461, 34.0
46.54654654654655, 29.918618831387796, 376.6200479477614, 29.590020149177644, 34.0
46.64664664664665, 29.901216117520836, 375.53858854844185, 29.59027002432455, 34.0
46.74674674674675, 29.883823113836137, 374.4597340247431, 29.590519548454818, 34.0
46.84684684684685, 29.86643992813878, 373.3834821109382, 29.590768722056822, 34.0
46.946946946946944, 29.849066670178573, 372.30983055134584, 29.59101754562576, 34.0
47.04704704704705, 29.831703449706094, 371.23877709028875, 29.591266019656825, 34.0
47.147147147147145, 29.814350375927187, 370.1703194692726, 29.591514144643302, 34.0
47.24724724724725, 29.797007559660287, 369.10445543766104, 29.591761921084313, 34.0
47.347347347347345, 29.779675112247393, 368.04118274736925, 29.592009349480865, 34.0
47.44744744744745, 29.762353144300267, 366.9804991467538, 29.592256430331332, 34.0
47.54754754754755, 29.745041767635133, 365.92240238962927, 29.59250316413859, 34.0
47.64764764764765, 29.72774109515657, 364.86689023474213, 29.592749551409558, 34.0
47.74774774774775, 29.71045123885503, 363.8139604366963, 29.592995592647757, 34.0
47.84784784784785, 29.693172311509482, 362.76361075336104, 29.593241288359728, 34.0
47.94794794794795, 29.675904427495592, 361.71583894921815, 29.593486639058163, 34.0
48.048048048048045, 29.658647700200145, 360.6706427846543, 29.593731645251932, 34.0
48.14814814814815, 29.641402243428328, 359.62802002161567, 29.59397630745162, 34.0
48.248248248248245, 29.624168172801248, 358.58796842888904, 29.594220626175094, 34.0
48.34834834834835, 29.60694560308813, 357.55048577205224, 29.594464601936803, 34.0
48.44844844844845, 29.589734649163336, 356.5155698169759, 29.594708235251662, 34.0
48.54854854854855, 29.572535427728564, 355.4832183356107, 29.59495152664227, 34.0
48.64864864864865, 29.555348054915147, 354.4534290980091, 29.595194476628816, 34.0
48.74874874874875, 29.538172646696836, 353.4261998736535, 29.595437085730858, 34.0
48.84884884884885, 29.521009320718363, 352.40152843673275, 29.595679354475276, 34.0
48.94894894894895, 29.503858194445318, 351.3794125609316, 29.595921283388176, 34.0
49.04904904904905, 29.4867193849664, 350.35985001886377, 29.596162872994007, 34.0
49.149149149149146, 29.469593010732964, 349.342838586205, 29.596404123823493, 34.0
49.24924924924925, 29.452479190510864, 348.3283760393376, 29.596645036408823, 34.0
49.349349349349346, 29.43537804250961, 347.31646015339385, 29.596885611279607, 34.0
49.44944944944945, 29.418289685879095, 346.30708870501326, 29.59712584897006, 34.0
49.54954954954955, 29.40121424061337, 345.30025947218843, 29.59736575001852, 34.0
49.64964964964965, 29.384151825994373, 344.29597023177064, 29.597605314959846, 34.0
49.74974974974975, 29.36710256188116, 343.2942187610997, 29.597844544331892, 34.0
49.84984984984985, 29.35006656932825, 342.2950028385299, 29.598083438678746, 34.0
49.94994994994995, 29.33304396865495, 341.29832024179166, 29.59832199854066, 34.0
50.050050050050054, 29.31603488046575, 340.30416874857434, 29.598560224459472, 34.0
50.150150150150154, 29.299039426685578, 339.3125461365155, 29.598798116984362, 34.0
50.25025025025025, 29.28205772864154, 338.3234501832763, 29.599035676661174, 34.0
50.350350350350354, 29.265089907738755, 337.33687866632556, 29.599272904036294, 34.0
50.450450450450454, 29.248136086608856, 336.35282936177015, 29.59950979966354, 34.0
50.550550550550554, 29.231196387473126, 335.3713000461727, 29.59974636409426, 34.0
50.650650650650654, 29.21427093249047, 334.3922884960525, 29.599982597879443, 34.0
50.750750750750754, 29.197359844934933, 333.4157924852756, 29.600218501577405, 34.0
50.850850850850854, 29.180463247866268, 332.4418097882173, 29.600454075745052, 34.0
50.950950950950954, 29.163581264167323, 331.4703381796208, 29.600689320938148, 34.0
51.051051051051054, 29.14671401765814, 330.50137543050676, 29.600924237719227, 34.0
51.15115115115115, 29.129861632156537, 329.5349193119051, 29.601158826650806, 34.0
51.251251251251254, 29.1130242312218, 328.5709675958592, 29.60139308829354, 34.0
51.351351351351354, 29.096201939122437, 327.6095180501736, 29.601627023213798, 34.0
51.451451451451454, 29.079394880340082, 326.6505684413795, 29.601860631979644, 34.0
51.551551551551555, 29.062603179065896, 325.6941165377246, 29.602093915156843, 34.0
51.651651651651655, 29.045826960049318, 324.7401601023538, 29.602326873316546, 34.0
51.751751751751755, 29.029066348191805, 323.7886968970221, 29.6025595070314, 34.0
51.851851851851855, 29.012321468175642, 322.8397246854676, 29.60279181687192, 34.0
51.951951951951955, 28.99559244518815, 321.8932412251539, 29.60302380341412, 34.0
52.052052052052055, 28.978879404540486, 320.9492442720062, 29.603255467235357, 34.0
52.152152152152155, 28.962182471352683, 320.0077315842918, 29.603486808910915, 34.0
52.252252252252255, 28.945501771164206, 319.06870091282116, 29.603717829021605, 34.0
52.352352352352355, 28.928837429606446, 318.1321500067702, 29.603948528149434, 34.0
52.452452452452455, 28.912189572157473, 317.1980766179971, 29.604178906874427, 34.0
52.552552552552555, 28.89555832460366, 316.26647849013705, 29.604408965781843, 34.0
52.652652652652655, 28.878943812805232, 315.33735336485523, 29.604638705458218, 34.0
52.752752752752755, 28.86234616253342, 314.41069898570436, 29.60486812648879, 34.0
52.852852852852855, 28.845765499747774, 313.48651308635846, 29.60509722946431, 34.0
52.952952952952955, 28.82920195037097, 312.56479340242754, 29.605326014974462, 34.0
53.053053053053056, 28.812655640333734, 311.6455376678751, 29.605554483609648, 34.0
53.153153153153156, 28.796126695688308, 310.7287436061979, 29.605782635965497, 34.0
53.253253253253256, 28.77961524243304, 309.8144089455345, 29.60601047263532, 34.0
53.353353353353356, 28.76312140657584, 308.9025314076113, 29.606237994215274, 34.0
53.453453453453456, 28.746645314141645, 307.9931087066668, 29.60646520130487, 34.0
53.553553553553556, 28.730187091139495, 307.08613856163174, 29.606692094501508, 34.0
53.653653653653656, 28.713746863432796, 306.1816186748761, 29.60691867440918, 34.0
53.753753753753756, 28.697324756895636, 305.2795467499855, 29.60714494163142, 34.0
53.853853853853856, 28.680920897453785, 304.3799204964328, 29.607370896769396, 34.0
53.953953953953956, 28.664535411033025, 303.4827376236906, 29.607596540424275, 34.0
54.054054054054056, 28.648168423312825, 302.58799582292284, 29.607821873203804, 34.0
54.154154154154156, 28.631820059732146, 301.69569276741584, 29.608046895722154, 34.0
54.254254254254256, 28.615490445974824, 300.80582614865745, 29.60827160858694, 34.0
54.354354354354356, 28.59917970772652, 299.9183936582724, 29.60849601240575, 34.0
54.454454454454456, 28.582887970457655, 299.0333929788732, 29.608720107788972, 34.0
54.55455455455456, 28.566615358831378, 298.1508217592742, 29.608943895357527, 34.0
54.65465465465466, 28.550361997994102, 297.27067766852264, 29.609167375726035, 34.0
54.75475475475476, 28.53412801316, 296.3929583785028, 29.609390549508227, 34.0
54.85485485485486, 28.517913527756477, 295.5176615060031, 29.6096134173329, 34.0
54.95495495495496, 28.50171867019755, 294.64478482157654, 29.609835979786805, 34.0
55.05505505505506, 28.485543561073214, 293.7743258545185, 29.610058237522658, 34.0
55.155155155155164, 28.469388325294467, 292.90628226736465, 29.610280191156754, 34.0
55.25525525525526, 28.453253087605166, 292.0406517174936, 29.610501841306785, 34.0
55.35535535535536, 28.437137971387912, 291.1774318177355, 29.610723188599682, 34.0
55.45545545545546, 28.421043099645058, 290.3166201687337, 29.61094423366518, 34.0
55.55555555555556, 28.40496859603872, 289.458214393252, 29.611164977129004, 34.0
55.65565565565566, 28.388914584021535, 288.6022121074998, 29.61138541961855, 34.0
55.75575575575576, 28.37288118683661, 287.74861092113156, 29.611605561762914, 34.0
55.85585585585586, 28.35686852751756, 286.8974084372473, 29.61182540419286, 34.0
55.95595595595596, 28.34087672888849, 286.048602252392, 29.612044947540845, 34.0
56.056056056056065, 28.324905913563985, 285.2021899565563, 29.612264192441014, 34.0
56.15615615615616, 28.30895620394915, 284.35816913317586, 29.612483139529182, 34.0
56.256256256256265, 28.293027722239565, 283.5165373591317, 29.61270178944286, 34.0
56.35635635635636, 28.277120590421312, 282.6772922047502, 29.612920142821235, 34.0
56.45645645645646, 28.261234930017107, 281.8404312334541, 29.613138200305134, 34.0
56.55655655655656, 28.245370852811508, 281.0059519890267, 29.61335596253497, 34.0
56.65665665665666, 28.229528465645448, 280.17385200219456, 29.613573430151817, 34.0
56.75675675675676, 28.213707874953542, 279.34412879616747, 29.61379060379816, 34.0
56.85685685685686, 28.197909208085306, 278.5167798981536, 29.614007484116986, 34.0
56.956956956956965, 28.182132598850814, 277.6918028304129, 29.61422407175202, 34.0
57.05705705705706, 28.166378179729943, 276.8691951058737, 29.614440367347967, 34.0
57.157157157157165, 28.150646067126374, 276.0489542273173, 29.61465637155198, 34.0
57.25725725725726, 28.134936375159082, 275.2310776900883, 29.614872085012536, 34.0
57.357357357357365, 28.11924921950034, 274.4155629827829, 29.615087508379137, 34.0
57.45745745745746, 28.103584713588155, 273.60240758556165, 29.615302642302503, 34.0
57.55755755755756, 28.08794296878002, 272.79160897091634, 29.615517487434627, 34.0
57.65765765765766, 28.07232409373822, 271.9831646193126, 29.6157320444271, 34.0
57.75775775775776, 28.056728210021543, 271.17707193807524, 29.61594631393775, 34.0
57.85785785785786, 28.0411554314404, 270.37332841247303, 29.616160296616677, 34.0
57.95795795795796, 28.025605875187342, 269.5719314678637, 29.6163739931203, 34.0
58.058058058058066, 28.010079652658405, 268.7728785219313, 29.616587404106376, 34.0
58.15815815815816, 27.994576877144187, 267.97616699486827, 29.616800530232233, 34.0
58.258258258258266, 27.97909766280666, 267.18179430801644, 29.617013372154993, 34.0
58.35835835835836, 27.96364211967562, 266.3897578548949, 29.6172259305349, 34.0
58.45845845845846, 27.948210355365838, 265.60005501276186, 29.617438206034027, 34.0
58.558558558558566, 27.932802480128498, 264.81268317662676, 29.617650199312457, 34.0
58.65865865865866, 27.917418603738227, 264.0276397306766, 29.617861911031255, 34.0
58.75875875875876, 27.902058833738323, 263.2449220084197, 29.61807334185609, 34.0
58.858858858858866, 27.886723278702487, 262.46452736676747, 29.61828449245052, 34.0
58.958958958958966, 27.871412047368093, 261.68645316656824, 29.618495363477717, 34.0
59.05905905905906, 27.856125245830206, 260.9106967232995, 29.61870595560467, 34.0
59.15915915915916, 27.84086297979673, 260.13725534579135, 29.618916269498907, 34.0
59.25925925925927, 27.8256253560238, 259.3661263608724, 29.61912630582646, 34.0
59.35935935935937, 27.810412479877215, 258.5973070769618, 29.619336065254778, 34.0
59.45945945945946, 27.795224452980072, 257.83079475292067, 29.619545548455132, 34.0
59.55955955955956, 27.780061379211745, 257.06658667748604, 29.619754756096484, 34.0
59.65965965965967, 27.764923362557983, 256.30468014074245, 29.619963688847697, 34.0
59.75975975975976, 27.749810503215997, 255.54507237954692, 29.620172347381256, 34.0
59.85985985985986, 27.7347229010936, 254.78776062669044, 29.620380732369927, 34.0
59.95995995995997, 27.719660657503812, 254.03274213470667, 29.620588844485123, 34.0
60.06006006006007, 27.704623872678347, 253.28001414047276, 29.620796684399203, 34.0
60.16016016016016, 27.689612642718025, 252.52957382105404, 29.621004252788108, 34.0
60.26026026026026, 27.674627065875907, 251.7814183846783, 29.62121155032591, 34.0
60.36036036036037, 27.659667240695136, 251.03554504378644, 29.621418577686413, 34.0
60.46046046046047, 27.64473326205637, 250.2919509601498, 29.62162533554612, 34.0
60.56056056056056, 27.62982522373552, 249.55063328025537, 29.621831824582316, 34.0
60.66066066066066, 27.614943221325614, 248.81158917573003, 29.62203804547097, 34.0
60.76076076076077, 27.60008734925439, 248.07481580103968, 29.622243998888806, 34.0
60.86086086086086, 27.585257696099685, 247.340310224504, 29.62244968551634, 34.0
60.96096096096096, 27.570454353923108, 246.608069565745, 29.622655106031832, 34.0
61.06106106106107, 27.55567741551025, 245.87809095504616, 29.62286026111306, 34.0
61.16116116116117, 27.540926973646705, 245.1503715226914, 29.62306515143782, 34.0
61.26126126126126, 27.526203120518186, 244.42490839153015, 29.62326977768419, 34.0
61.36136136136136, 27.51150593719464, 243.70169854665932, 29.62347414053551, 34.0
61.46146146146147, 27.496835507887535, 242.9807390121072, 29.623678240673648, 34.0
61.56156156156157, 27.482191920047306, 242.26202685204126, 29.623882078778934, 34.0
61.66166166166166, 27.46757526112438, 241.5455591306288, 29.624085655531687, 34.0
61.76176176176177, 27.45298561856234, 240.83133291195114, 29.624288971612227, 34.0
61.86186186186187, 27.438423071352975, 240.11934515388012, 29.6244920277039, 34.0
61.96196196196196, 27.42388769577028, 239.40959278013435, 29.624694824491016, 34.0
62.06206206206206, 27.40937957389684, 238.70207278742637, 29.624897362655815, 34.0
62.16216216216217, 27.39489878781525, 237.9967821724684, 29.625099642880535, 34.0
62.26226226226227, 27.380445419608105, 237.29371793197313, 29.62530166584741, 34.0
62.36236236236236, 27.366019547002885, 236.59287700206406, 29.625503432239803, 34.0
62.46246246246246, 27.35162123965593, 235.89425620657786, 29.62570494274314, 34.0
62.56256256256257, 27.33725057429718, 235.19785246776013, 29.625906198041047, 34.0
62.66266266266267, 27.3229076279821, 234.50366271238542, 29.62610719881705, 34.0
62.76276276276276, 27.308592477766144, 233.811683867228, 29.626307945754675, 34.0
62.86286286286287, 27.294305198715026, 233.12191283476574, 29.626508439537734, 34.0
62.96296296296297, 27.28004585446074, 232.43434637786314, 29.626708680851642, 34.0
63.06306306306306, 27.26581451452227, 231.7489813312687, 29.626908670380995, 34.0
63.16316316316316, 27.251611249900513, 231.06581454782645, 29.627108408810162, 34.0
63.26326326326327, 27.237436131596386, 230.3848428803802, 29.62730789682353, 34.0
63.36336336336337, 27.22328922497557, 229.70606310575653, 29.627507135105642, 34.0
63.46346346346346, 27.209170591841215, 229.0294719527241, 29.627706124341167, 34.0
63.56356356356356, 27.195080298620947, 228.35506621243468, 29.62790486521461, 34.0
63.66366366366367, 27.181018411745743, 227.6828426760851, 29.628103358410492, 34.0
63.76376376376377, 27.166984996453802, 227.01279812034488, 29.628301604613288, 34.0
63.86386386386386, 27.152980107769512, 226.34492919748305, 29.628499604507066, 34.0
63.96396396396397, 27.139003804997785, 225.6792326119039, 29.62869735877607, 34.0
64.06406406406407, 27.125056149242063, 225.01570508991713, 29.628894868104606, 34.0
64.16416416416416, 27.111137201605782, 224.35434335783242, 29.629092133176993, 34.0
64.26426426426426, 27.097247017482715, 223.6951440754649, 29.62928915467691, 34.0
64.36436436436438, 27.08338564589493, 223.03810382842585, 29.629485933287352, 34.0
64.46446446446447, 27.069553142206193, 222.3832192761814, 29.629682469692003, 34.0
64.56456456456456, 27.055749561861575, 221.73048707914424, 29.629878764574556, 34.0
64.66466466466467, 27.04197495949392, 221.07990388738963, 29.630074818618535, 34.0
64.76476476476478, 27.02822937895704, 220.43146621380524, 29.630270632505134, 34.0
64.86486486486487, 27.014512867903523, 219.7851706196264, 29.630466206916374, 34.0
64.96496496496496, 27.000825476603612, 219.14101369940448, 29.630661542534842, 34.0
65.06506506506507, 26.987167255327556, 218.49899204769076, 29.630856640043117, 34.0
65.16516516516516, 26.973538253912697, 217.85910225400696, 29.631051500123665, 34.0
65.26526526526527, 26.95993850918804, 217.2213407567405, 29.631246123455576, 34.0
65.36536536536536, 26.946368060149307, 216.58570401945244, 29.6314405107185, 34.0
65.46546546546547, 26.93282695041802, 215.95218855944722, 29.6316346625933, 34.0
65.56556556556556, 26.9193152236157, 215.32079089402967, 29.63182857976083, 34.0
65.66566566566567, 26.905832923276172, 214.69150753946573, 29.63202226290191, 34.0
65.76576576576578, 26.892380081750183, 214.06433487957298, 29.632215712693423, 34.0
65.86586586586587, 26.878956730258814, 213.43926928478976, 29.632408929811856, 34.0
65.96596596596596, 26.86556290593599, 212.81630719558385, 29.63260191493578, 34.0
66.06606606606607, 26.852198645915664, 212.19544505242325, 29.63279466874376, 34.0
66.16616616616618, 26.838863987331745, 211.57667929577585, 29.632987191914363, 34.0
66.26626626626627, 26.825558958599725, 210.96000625853202, 29.633179485122174, 34.0
66.36636636636636, 26.812283583385145, 210.34542221497256, 29.63337154903959, 34.0
66.46646646646647, 26.79903789255453, 209.73292352823108, 29.63356338434232, 34.0
66.56656656656658, 26.785821916977035, 209.1225065614743, 29.63375499170606, 34.0
66.66666666666667, 26.772635687521817, 208.51416767786856, 29.63394637180651, 34.0
66.76676676676676, 26.75947922816805, 207.90790315916303, 29.634137525315815, 34.0
66.86686686686687, 26.746352554505545, 207.30370918797175, 29.634328452901794, 34.0
66.96696696696698, 26.73325569069742, 206.70158204821746, 29.63451915523668, 34.0
67.06706706706707, 26.720188661063784, 206.10151802567825, 29.634709632992806, 34.0
67.16716716716716, 26.70715148992477, 205.50351340613207, 29.634899886842483, 34.0
67.26726726726727, 26.694144196161556, 204.90756441224374, 29.63508991745484, 34.0
67.36736736736736, 26.6811667880847, 204.31366714401602, 29.63527972549282, 34.0
67.46746746746747, 26.668219282962852, 203.72181780540194, 29.63546931162459, 34.0
67.56756756756758, 26.65530169850974, 203.1320126055187, 29.63565867651861, 34.0
67.66766766766767, 26.642414052439086, 202.54424775348386, 29.63584782084332, 34.0
67.76776776776777, 26.629556358404958, 201.95851941078055, 29.636036745264413, 34.0
67.86786786786787, 26.61672861811141, 201.3748235986756, 29.636225450439493, 34.0
67.96796796796798, 26.603930841915222, 200.79315643996327, 29.636413937032025, 34.0
68.06806806806807, 26.59116304102929, 200.213514067483, 29.636602205706048, 34.0
68.16816816816817, 26.57842522666649, 199.635892614074, 29.6367902571256, 34.0
68.26826826826826, 26.565717407110476, 199.06028817822985, 29.6369780919525, 34.0
68.36836836836838, 26.553039577775877, 198.4866967075515, 29.637165710838744, 34.0
68.46846846846847, 26.540391742043127, 197.9151142430411, 29.63735311444241, 34.0
68.56856856856857, 26.527773904684405, 197.34553684201921, 29.637540303422632, 34.0
68.66866866866867, 26.5151860704719, 196.77796056180637, 29.637727278438547, 34.0
68.76876876876878, 26.50262824207534, 196.21238143451333, 29.63791404014745, 34.0
68.86886886886887, 26.490100408408757, 195.64879532730828, 29.638100589194618, 34.0
68.96896896896897, 26.47760256594907, 195.08719819804492, 29.63828692623193, 34.0
69.06906906906907, 26.46513471334428, 194.52758603060974, 29.63847305191318, 34.0
69.16916916916917, 26.45269684924239, 193.96995480888967, 29.638658966892145, 34.0
69.26926926926927, 26.440288972291402, 193.4143005167713, 29.6388446718226, 34.0
69.36936936936938, 26.42791107251536, 192.86061904303327, 29.639030167350743, 34.0
69.46946946946947, 26.415563130235416, 192.3089061694474, 29.6392154541142, 34.0
69.56956956956957, 26.40324513654262, 191.75915779655972, 29.6394005327601, 34.0
69.66966966966967, 26.390957082703544, 191.2113698268518, 29.63958540393572, 34.0
69.76976976976978, 26.378698959984757, 190.66553816280543, 29.63977006828834, 34.0
69.86986986986987, 26.366470759006667, 190.12165869944045, 29.63995452646457, 34.0
69.96996996996997, 26.354272455679673, 189.57972716190477, 29.64013877909582, 34.0
70.07007007007007, 26.342104029672807, 189.03973931875132, 29.64032282681739, 34.0
70.17017017017018, 26.32996546545905, 188.50169099400918, 29.64050667026953, 34.0
70.27027027027027, 26.317856747511392, 187.96557801170758, 29.6406903100925, 34.0
70.37037037037037, 26.305777860302815, 187.43139619587564, 29.64087374692655, 34.0
70.47047047047047, 26.293728784368806, 186.89914132278682, 29.641056981407207, 34.0
70.57057057057058, 26.28170948751364, 186.36880901430553, 29.641240014154608, 34.0
70.67067067067067, 26.269719946859578, 185.84039500530812, 29.64142284580015, 34.0
70.77077077077077, 26.257760140597615, 185.31389504363344, 29.641605476976512, 34.0
70.87087087087087, 26.245830046918755, 184.78930487712, 29.64178790831637, 34.0
70.97097097097098, 26.233929644004935, 184.2666202535028, 29.641970140452404, 34.0
71.07107107107107, 26.222058899435115, 183.7458367990303, 29.642152174004, 34.0
71.17117117117117, 26.210217777621406, 183.22695010366584, 29.642334009586587, 34.0
71.27127127127127, 26.198406250335374, 182.70995584169586, 29.64251564782481, 34.0
71.37137137137137, 26.186624289348615, 182.19484968740696, 29.64269708934331, 34.0
71.47147147147147, 26.174871866432696, 181.68162731508562, 29.64287833476673, 34.0
71.57157157157158, 26.163148951180748, 181.1702843742656, 29.64305938471673, 34.0
71.67167167167167, 26.1514554996935, 180.66081636117417, 29.643240239796505, 34.0
71.77177177177177, 26.139791475619077, 180.15321885779525, 29.643420900619578, 34.0
71.87187187187187, 26.12815684463617, 179.64748746918514, 29.64360136780226, 34.0
71.97197197197198, 26.116551572423454, 179.14361780039997, 29.64378164196084, 34.0
72.07207207207207, 26.10497562465963, 178.6416054564961, 29.64396172371163, 34.0
72.17217217217217, 26.093428958957862, 178.14144594927836, 29.64414161365855, 34.0
72.27227227227228, 26.081911527765914, 177.64313473083052, 29.644321312397604, 34.0
72.37237237237238, 26.070423291024987, 177.14666733987357, 29.644500820536294, 34.0
72.47247247247248, 26.058964208691837, 176.65203931530834, 29.64468013868213, 34.0
72.57257257257257, 26.047534240723238, 176.15924619603578, 29.64485926744264, 34.0
72.67267267267268, 26.03613334569964, 175.6682835051051, 29.645038207423028, 34.0
72.77277277277278, 26.02476147001519, 175.179146625211, 29.645216959207957, 34.0
72.87287287287288, 26.013418565818625, 174.69183100532595, 29.645395523391784, 34.0
72.97297297297297, 26.002104587633255, 174.2063321217714, 29.645573900572884, 34.0
73.07307307307308, 25.99081948998237, 173.72264545086873, 29.64575209134961, 34.0
73.17317317317318, 25.979563227389285, 173.24076646893948, 29.64593009632034, 34.0
73.27327327327328, 25.9683357479314, 172.76069057525007, 29.646107916070886, 34.0
73.37337337337338, 25.95713699318773, 172.28241309138414, 29.646285551174447, 34.0
73.47347347347348, 25.945966912756155, 171.8059294347841, 29.6464630022198, 34.0
73.57357357357357, 25.9348254563445, 171.3312350242067, 29.64664026979595, 34.0
73.67367367367368, 25.923712573660616, 170.8583252784087, 29.646817354491887, 34.0
73.77377377377378, 25.91262821441233, 170.3871956161468, 29.646994256896612, 34.0
73.87387387387388, 25.901572325404597, 169.91784142546547, 29.6471709775936, 34.0
73.97397397397397, 25.890544839009973, 169.45025794171477, 29.647347517138897, 34.0
74.07407407407409, 25.879545697044822, 168.98444050016013, 29.64752387610649, 34.0
74.17417417417418, 25.868574843243312, 168.52038445635702, 29.647700055074015, 34.0
74.27427427427428, 25.857632221339575, 168.05808516586077, 29.64787605461912, 34.0
74.37437437437437, 25.846717775067766, 167.59753798422676, 29.64805187531944, 34.0
74.47447447447448, 25.835831447842395, 167.1387382634241, 29.648227517751874, 34.0
74.57457457457458, 25.824973171457856, 166.68168122504872, 29.648402982466585, 34.0
74.67467467467468, 25.81414287991386, 166.22636211543937, 29.648578270018803, 34.0
74.77477477477477, 25.80334051190976, 165.77277623366288, 29.648753380974576, 34.0
74.87487487487488, 25.792566006144895, 165.3209188787859, 29.648928315899962, 34.0
74.97497497497498, 25.781819301318613, 164.87078534987538, 29.649103075360998, 34.0
75.07507507507508, 25.77110033613025, 164.422370945998, 29.649277659923747, 34.0
75.17517517517518, 25.760409044046934, 163.9756709018793, 29.649452070139088, 34.0
75.27527527527528, 25.749745352545744, 163.53068037858492, 29.649626306540526, 34.0
75.37537537537538, 25.739109196077848, 163.08739462294122, 29.649800369681806, 34.0
75.47547547547548, 25.72850050922495, 162.64580888337994, 29.649974260117034, 34.0
75.57557557557558, 25.717919226568746, 162.2059184083327, 29.65014797840032, 34.0
75.67567567567568, 25.70736528269094, 161.7677184462313, 29.650321525085786, 34.0
75.77577577577577, 25.696838610405646, 161.33120422632322, 29.650494900722297, 34.0
75.87587587587588, 25.686339132798448, 160.89637087226902, 29.650668105829872, 34.0
75.97597597597598, 25.67586677895227, 160.46321357282028, 29.65084114094632, 34.0
76.07607607607608, 25.665421479333386, 160.03172753174277, 29.651014006613543, 34.0
76.17617617617617, 25.655003164408065, 159.60190795280207, 29.651186703373455, 34.0
76.27627627627629, 25.644611764642583, 159.1737500397637, 29.651359231767966, 34.0
76.37637637637638, 25.63424720947898, 158.74724898563002, 29.651531592335484, 34.0
76.47647647647648, 25.623909420053415, 158.32239989611907, 29.651703785586083, 34.0
76.57657657657657, 25.613598321822618, 157.89919792235253, 29.65187581204459, 34.0
76.67667667667668, 25.603313841819467, 157.47763823201535, 29.65204767224119, 34.0
76.77677677677679, 25.593055907076828, 157.05771599279257, 29.652219366706078, 34.0
76.87687687687688, 25.58282444462758, 156.63942637236914, 29.652390895969454, 34.0
76.97697697697699, 25.572619380948694, 156.222764532597, 29.65256226055922, 34.0
77.07707707707708, 25.562440635538795, 155.80772556210408, 29.652733460974538, 34.0
77.17717717717719, 25.552288130794317, 155.39430457992506, 29.65290449772651, 34.0
77.27727727727728, 25.542161790849537, 154.98249672332994, 29.653075371333394, 34.0
77.37737737737739, 25.532061539838733, 154.57229712958858, 29.653246082313448, 34.0
77.47747747747748, 25.521987301896186, 154.16370093597104, 29.65341663118492, 34.0
77.57757757757759, 25.511939000886862, 153.75670327709562, 29.65358701846477, 34.0
77.67767767767768, 25.501916554932613, 153.35129923103503, 29.65375724464193, 34.0
77.77777777777779, 25.491919883838477, 152.94748389243424, 29.653927310213547, 34.0
77.87787787787788, 25.48194890927472, 152.54525237430306, 29.65409721568588, 34.0
77.97797797797797, 25.472003552911605, 152.14459978965115, 29.65426696156516, 34.0
78.0780780780781, 25.46208373641939, 151.74552125148819, 29.65443654835764, 34.0
78.17817817817819, 25.452189381362835, 151.34801187185278, 29.654605976568906, 34.0
78.27827827827828, 25.442320404749896, 150.9520667208421, 29.65477524667634, 34.0
78.37837837837837, 25.432476724355507, 150.5576808756127, 29.654944359162076, 34.0
78.4784784784785, 25.422658259927783, 150.1648494314826, 29.655113314520463, 34.0
78.57857857857859, 25.41286493121486, 149.77356748376994, 29.655282113245836, 34.0
78.67867867867868, 25.40309665796486, 149.38383012779278, 29.655450755832547, 34.0
78.77877877877879, 25.39335335992591, 148.99563245886915, 29.65561924277494, 34.0
78.87887887887888, 25.38363495594558, 148.60896956607684, 29.655787574560915, 34.0
78.97897897897899, 25.373941360173255, 148.22383650593756, 29.655955751644747, 34.0
79.07907907907908, 25.364272489837006, 147.84022835630685, 29.65612377450274, 34.0
79.17917917917919, 25.35462826282647, 147.4581401996243, 29.65629164361594, 34.0
79.27927927927928, 25.345008597031267, 147.07756711832974, 29.656459359465387, 34.0
79.37937937937939, 25.335413410341033, 146.69850419486278, 29.65662692253213, 34.0
79.47947947947948, 25.325842620645393, 146.32094651166307, 29.656794333297206, 34.0
79.57957957957959, 25.316296144210625, 145.9448891439757, 29.65696159222364, 34.0
79.67967967967968, 25.306773895625746, 145.57032715961233, 29.657128699755816, 34.0
79.77977977977979, 25.297275791568442, 145.19725563564123, 29.65729565636133, 34.0
79.8798798798799, 25.28780174874813, 144.8256696492715, 29.65746246250811, 34.0
79.97997997997999, 25.27835168387425, 144.4555642777123, 29.657629118664104, 34.0
80.08008008008008, 25.26892551365621, 144.0869345981727, 29.657795625297243, 34.0
80.18018018018017, 25.25952315475599, 143.71977568802816, 29.65796198287442, 34.0
80.2802802802803, 25.25014452239892, 143.35408262969202, 29.65812819183069, 34.0
80.38038038038039, 25.24078953215639, 142.98985050436426, 29.658294252608798, 34.0
80.48048048048048, 25.231458100150455, 142.6270743913136, 29.658460165663662, 34.0
80.58058058058057, 25.222150142503178, 142.26574936980896, 29.658625931450217, 34.0
80.6806806806807, 25.212865575336618, 141.905870519119, 29.658791550423388, 34.0
80.78078078078079, 25.20360431477284, 141.54743291851267, 29.658957023038095, 34.0
80.88088088088088, 25.194366276753982, 141.19043165093743, 29.65912234974388, 34.0
80.98098098098099, 25.185151376363685, 140.8348618168944, 29.659287530964438, 34.0
81.08108108108108, 25.175959529154092, 140.48071850730557, 29.65945256713758, 34.0
81.18118118118119, 25.16679065076972, 140.1279968112038, 29.659617458703885, 34.0
81.28128128128128, 25.15764465687362, 139.77669181804063, 29.659782206103607, 34.0
81.38138138138139, 25.148521463804308, 139.42679863253102, 29.659946809765525, 34.0
81.48148148148148, 25.139420987852333, 139.0783123583061, 29.660111270119224, 34.0
81.58158158158159, 25.130343145063758, 138.73122809347245, 29.660275587598456, 34.0
81.6816816816817, 25.121287851484656, 138.38554093613655, 29.660439762636962, 34.0
81.78178178178179, 25.112255023247112, 138.0412459956518, 29.660603795661352, 34.0
81.88188188188188, 25.10324457660709, 137.6983383975681, 29.66076768708795, 34.0
81.98198198198199, 25.094256427712125, 137.35681325325731, 29.660931437342082, 34.0
82.0820820820821, 25.085290492707074, 137.0166656737442, 29.661095046849297, 34.0
82.18218218218219, 25.07634668782092, 136.67789077430746, 29.66125851603295, 34.0
82.28228228228228, 25.06742492986036, 136.3404836994518, 29.661421845301426, 34.0
82.38238238238237, 25.058525135367393, 136.00443958029118, 29.661585035069955, 34.0
82.4824824824825, 25.04964722079918, 135.66975354364723, 29.66174808575598, 34.0
82.58258258258259, 25.040791102632124, 135.3364207169399, 29.661910997776708, 34.0
82.68268268268268, 25.031956699117607, 135.00443628270895, 29.662073771526472, 34.0
82.78278278278279, 25.023143928323737, 134.67379541780292, 29.662236407402, 34.0
82.8828828828829, 25.014352707327788, 134.34449326830108, 29.662398905812733, 34.0
82.98298298298299, 25.005582953207046, 134.01652498028267, 29.662561267168147, 34.0
83.08308308308308, 24.996834583038787, 133.68988569982682, 29.662723491877703, 34.0
83.18318318318319, 24.98810751390028, 133.36457057301283, 29.662885580350856, 34.0
83.28328328328328, 24.979401662868817, 133.0405747459199, 29.66304753299707, 34.0
83.38338338338339, 24.97071694702167, 132.7178933646273, 29.663209350225806, 34.0
83.48348348348348, 24.962053283783852, 132.39652158515528, 29.663371032443106, 34.0
83.58358358358359, 24.9534105958454, 132.07645471403984, 29.663532580003135, 34.0
83.68368368368368, 24.94478880347457, 131.75768798858343, 29.66369399328393, 34.0
83.78378378378379, 24.93618782535013, 131.4402166006488, 29.66385527267917, 34.0
83.8838838838839, 24.927607580150866, 131.12403574209853, 29.66401641858255, 34.0
83.98398398398399, 24.919047986555555, 130.80914060479537, 29.664177431387746, 34.0
84.08408408408408, 24.91050896324297, 130.49552638060197, 29.664338311488457, 34.0
84.18418418418419, 24.901990428891885, 130.18318826138102, 29.66449905927836, 34.0
84.2842842842843, 24.89349230218108, 129.87212143899512, 29.664659675151142, 34.0
84.38438438438439, 24.88501450301963, 129.56232113777602, 29.664820159491697, 34.0
84.48448448448448, 24.876556958195003, 129.2537827635862, 29.664980512635747, 34.0
84.58458458458459, 24.868119589634652, 128.94650159402508, 29.66514073495375, 34.0
84.6846846846847, 24.859702318148525, 128.64047287719967, 29.665300826824158, 34.0
84.78478478478479, 24.851305064546555, 128.33569186121693, 29.665460788625424, 34.0
84.88488488488488, 24.84292774963869, 128.03215379418384, 29.665620620736, 34.0
84.98498498498499, 24.834570294234865, 127.72985392420733, 29.665780323534335, 34.0
85.08508508508508, 24.82623261914502, 127.42878749939447, 29.665939897398882, 34.0
85.18518518518519, 24.817914645179098, 127.12894976785219, 29.666099342708094, 34.0
85.28528528528528, 24.80961634745536, 126.83033740320354, 29.666258659524217, 34.0
85.38538538538539, 24.8013375322151, 126.53294264629163, 29.66641784889276, 34.0
85.48548548548548, 24.793078203092215, 126.2367629192343, 29.666576910709953, 34.0
85.58558558558559, 24.784838281522706, 125.94179348657194, 29.66673584535059, 34.0
85.6856856856857, 24.77661768922786, 125.6480296203328, 29.666894653187825, 34.0
85.78578578578579, 24.768416348214213, 125.35546660003298, 29.667053334593138, 34.0
85.88588588588588, 24.760234180773566, 125.06409971267621, 29.667211889936357, 34.0
85.98598598598599, 24.752071109482994, 124.77392425275406, 29.667370319585636, 34.0
86.0860860860861, 24.74392705720483, 124.48493552224576, 29.667528623907486, 34.0
86.18618618618619, 24.735801950428016, 124.19712891921748, 29.667686803250945, 34.0
86.28628628628628, 24.72769571915041, 123.91049993470111, 29.667844857948158, 34.0
86.38638638638639, 24.719608289765603, 123.62504396408137, 29.668002788347998, 34.0
86.4864864864865, 24.711539589131128, 123.34075641496929, 29.668160594796834, 34.0
86.58658658658659, 24.703489544617852, 123.05763270851061, 29.66831827763828, 34.0
86.68668668668668, 24.695458084109948, 122.77566827938571, 29.668475837213233, 34.0
86.78678678678679, 24.6874451360049, 122.49485857580973, 29.668633273859843, 34.0
86.8868868868869, 24.679450629213502, 122.2151990595326, 29.66879058791351, 34.0
86.98698698698699, 24.671474493159877, 121.93668520583888, 29.668947779706908, 34.0
87.08708708708708, 24.663516657781447, 121.65931250354785, 29.66910484956997, 34.0
87.18718718718719, 24.655577052574884, 121.38307642635871, 29.669261797839688, 34.0
87.28728728728728, 24.647655605736567, 121.10797240703523, 29.669418624868957, 34.0
87.38738738738739, 24.639752247629044, 120.83399594151818, 29.669575330990956, 34.0
87.4874874874875, 24.631866909125986, 120.56114253921703, 29.66973191653613, 34.0
87.58758758758759, 24.623999521524198, 120.28940772036775, 29.66988838183312, 34.0
87.68768768768768, 24.616150016543624, 120.01878701603245, 29.670044727208758, 34.0
87.78778778778779, 24.608318326327336, 119.74927596809957, 29.670200952988065, 34.0
87.8878878878879, 24.600504383441553, 119.4808701292839, 29.67035705949424, 34.0
87.98798798798799, 24.592708120875628, 119.21356506312661, 29.670513047048672, 34.0
88.08808808808809, 24.58492947204204, 118.94735634399507, 29.670668915970953, 34.0
88.18818818818819, 24.57716837025938, 118.68223955388254, 29.670824666581694, 34.0
88.2882882882883, 24.56942474753415, 118.41821027486765, 29.670980299209287, 34.0
88.38838838838839, 24.56169853757821, 118.15526410779232, 29.67113581417323, 34.0
88.48848848848849, 24.553989674617018, 117.89339666488462, 29.671291211790706, 34.0
88.58858858858859, 24.54629809322741, 117.63260356875479, 29.67144649237749, 34.0
88.6886886886887, 24.538623728337605, 117.37288045239535, 29.67160165624793, 34.0
88.78878878878879, 24.530966515227213, 117.11422295918082, 29.671756703714973, 34.0
88.88888888888889, 24.52332638952722, 116.85662674286799, 29.671911635090126, 34.0
88.988988988989, 24.515703287219985, 116.60008746759571, 29.672066450683506, 34.0
89.0890890890891, 24.508097144639265, 116.34460080788512, 29.672221150803797, 34.0
89.1891891891892, 24.500507898655883, 116.0901624521749, 29.67237573575865, 34.0
89.2892892892893, 24.492935487580574, 115.83676812001188, 29.672530205856496, 34.0
89.3893893893894, 24.48537984942676, 115.58441352897388, 29.672684561403038, 34.0
89.48948948948949, 24.477840922433547, 115.33309440462735, 29.672838802702312, 34.0
89.5895895895896, 24.470318645232627, 115.08280648370541, 29.672992930057028, 34.0
89.6896896896897, 24.462812956848285, 114.83354551410801, 29.673146943768543, 34.0
89.7897897897898, 24.45532379669739, 114.58530725490188, 29.673300844136907, 34.0
89.88988988988989, 24.447851104589404, 114.3380874763204, 29.67345463146081, 34.0
89.98998998999, 24.440394820726375, 114.09188195976371, 29.67360830603763, 34.0
90.0900900900901, 24.43295488570294, 113.84668649779873, 29.673761868163403, 34.0
90.1901901901902, 24.425531067970233, 113.6024924431006, 29.673915318606124, 34.0
90.29029029029029, 24.41812371684513, 113.35930609774594, 29.674068656549185, 34.0
90.3903903903904, 24.410732524310195, 113.11711682938254, 29.67422188297338, 34.0
90.4904904904905, 24.403357437085887, 112.87592058016095, 29.67437499816002, 34.0
90.5905905905906, 24.395998401892665, 112.63571329223164, 29.67452800239042, 34.0
90.69069069069069, 24.38865536545098, 112.39649090774512, 29.674680895945897, 34.0
90.7907907907908, 24.381328274481287, 112.15824936885181, 29.67483367910777, 34.0
90.8908908908909, 24.374017075704053, 111.9209846177023, 29.67498635215735, 34.0
90.990990990991, 24.366721715839724, 111.68469259644705, 29.675138915375957, 34.0
91.09109109109109, 24.359442141608763, 111.44936924723653, 29.6752913690449, 34.0
91.1911911911912, 24.352178299702118, 111.21501051367883, 29.67544371344549, 34.0
91.2912912912913, 24.344930136072, 110.98161237588548, 29.675595948858703, 34.0
91.3913913913914, 24.337697596844084, 110.74917080539669, 29.675748075565604, 34.0
91.4914914914915, 24.330480628395353, 110.51768176133474, 29.675900093847353, 34.0
91.5915915915916, 24.32327917710278, 110.28714120282201, 29.676052003985124, 34.0
91.69169169169169, 24.316093189343352, 110.05754508898079, 29.67620380626008, 34.0
91.7917917917918, 24.308922612119474, 109.82888941385167, 29.676355500950468, 34.0
91.8918918918919, 24.301767394648913, 109.60117029516341, 29.676507088324204, 34.0
91.991991991992, 24.29462748458223, 109.37438376314508, 29.67665856865651, 34.0
92.09209209209209, 24.28750282936558, 109.14852583661259, 29.676809942223564, 34.0
92.19219219219221, 24.280393376445115, 108.92359253438188, 29.676961209301542, 34.0
92.2922922922923, 24.27329907326699, 108.69957987526924, 29.677112370166622, 34.0
92.3923923923924, 24.266219871790472, 108.47648399179235, 29.677263425085517, 34.0
92.49249249249249, 24.25915572585887, 108.25430106393537, 29.677414374320968, 34.0
92.5925925925926, 24.25210658578039, 108.0330271826199, 29.67756521814316, 34.0
92.6926926926927, 24.245072401863236, 107.81265843876766, 29.677715956822254, 34.0
92.7927927927928, 24.23805312441561, 107.59319092330018, 29.677866590628433, 34.0
92.89289289289289, 24.231048717362203, 107.37462115124559, 29.67801711979881, 34.0
92.992992992993, 24.224059103096323, 107.1569443440728, 29.67816754467131, 34.0
93.0930930930931, 24.21708425984423, 106.94015746225493, 29.678317865448353, 34.0
93.1931931931932, 24.210124138698927, 106.72425662115714, 29.6784680823982, 34.0
93.2932932932933, 24.203178691170756, 106.50923794914395, 29.678618195788108, 34.0
93.3933933933934, 24.196247869187445, 106.29509758757925, 29.67876820588432, 34.0
93.4934934934935, 24.189331626298102, 106.08183174010378, 29.67891811294857, 34.0
93.5935935935936, 24.18242991882818, 105.86943671990407, 29.679067917234732, 34.0
93.6936936936937, 24.175542701534685, 105.6579087718927, 29.67921761900144, 34.0
93.7937937937938, 24.168669929627352, 105.44724415542909, 29.679367218506204, 34.0
93.89389389389389, 24.16181155887707, 105.23743914875655, 29.679516716005107, 34.0
93.99399399399401, 24.15496754561585, 105.02849004900237, 29.679666111752795, 34.0
94.0940940940941, 24.14813784673686, 104.82039317217792, 29.679815406002497, 34.0
94.1941941941942, 24.14132241969441, 104.61314485317848, 29.679964599006, 34.0
94.29429429429429, 24.134521222503956, 104.4067414457834, 29.680113691013663, 34.0
94.39439439439441, 24.127734212368438, 104.20117929186614, 29.680262682277576, 34.0
94.4944944944945, 24.120961344864494, 103.99645470315346, 29.680411573053412, 34.0
94.5945945945946, 24.114202578120725, 103.79256405487929, 29.680560363590843, 34.0
94.69469469469469, 24.1074578707548, 103.58950373954649, 29.68070905413828, 34.0
94.7947947947948, 24.100727181799694, 103.38727016527228, 29.68085764494304, 34.0
94.8948948948949, 24.09401047070363, 103.18585975578848, 29.681006136251348, 34.0
94.994994994995, 24.08730769733014, 102.98526895044128, 29.681154528308323, 34.0
95.0950950950951, 24.080618821958, 102.78549420419135, 29.681302821357992, 34.0
95.1951951951952, 24.07394380528129, 102.58653198761388, 29.681451015643297, 34.0
95.2952952952953, 24.06728260787692, 102.3883787624354, 29.681599111408612, 34.0
95.3953953953954, 24.06063519005899, 102.19103097484067, 29.681747108900442, 34.0
95.4954954954955, 24.054001513230766, 101.99448511759275, 29.681895008361, 34.0
95.5955955955956, 24.047381539175742, 101.7987376974574, 29.682042810031557, 34.0
95.6956956956957, 24.040775230042097, 101.60378523449091, 29.682190514152538, 34.0
95.7957957957958, 24.034182548342702, 101.40962426204024, 29.68233812096351, 34.0
95.8958958958959, 24.02760345695515, 101.21625132674284, 29.68248563070319, 34.0
95.995995995996, 24.021037919121703, 101.02366298852694, 29.682633043609435, 34.0
96.09609609609609, 24.014485898449347, 100.8318558206112, 29.682780359919253, 34.0
96.19619619619621, 24.007947358654455, 100.64082640973693, 29.682927579869446, 34.0
96.2962962962963, 24.001422263564244, 100.45057135616666, 29.68307470369662, 34.0
96.3963963963964, 23.99491057765069, 100.26108727319905, 29.683221731635808, 34.0
96.49649649649649, 23.988412265732016, 100.07237078744018, 29.68336866392123, 34.0
96.59659659659661, 23.981927292969353, 99.88441853880646, 29.68351550078631, 34.0
96.6966966966967, 23.975455624866726, 99.69722718052478, 29.683662242463676, 34.0
96.7967967967968, 23.96899722727102, 99.51079337913247, 29.683808889185155, 34.0
96.8968968968969, 23.96255206637203, 99.32511381447718, 29.68395544118178, 34.0
96.996996996997, 23.95612010870241, 99.14018517971711, 29.68410189868378, 34.0
97.0970970970971, 23.94970127325473, 98.95600189379819, 29.684248262048477, 34.0
97.1971971971972, 23.94329563898929, 98.7725661936039, 29.684394531199224, 34.0
97.2972972972973, 23.936903099628395, 98.58987125247866, 29.684540706562295, 34.0
97.3973973973974, 23.930523624049446, 98.40791390275487, 29.68468678836063, 34.0
97.4974974974975, 23.924157181129846, 98.22669097676479, 29.684832776817153, 34.0
97.5975975975976, 23.917803739747004, 98.04619930684068, 29.68497867215479, 34.0
97.6976976976977, 23.911463268778327, 97.86643572531484, 29.68512447459648, 34.0
97.7977977977978, 23.905135737101222, 97.68739706451962, 29.68527018436515, 34.0
97.8978978978979, 23.8988211135931, 97.50908015678728, 29.685415801683735, 34.0
97.99799799799801, 23.892519367416103, 97.33148184901461, 29.685561326774902, 34.0
98.0980980980981, 23.88623046788905, 97.1545989961115, 29.68570675986119, 34.0
98.1981981981982, 23.879954384092407, 96.97842844079743, 29.68585210116534, 34.0
98.29829829829829, 23.87369108510655, 96.80296702578605, 29.68599735091011, 34.0
98.39839839839841, 23.867440540011838, 96.62821159379104, 29.68614250931824, 34.0
98.4984984984985, 23.861202719504178, 96.45415903652872, 29.686287576609935, 34.0
98.5985985985986, 23.854977597191642, 96.28080633404906, 29.686432553000827, 34.0
98.69869869869869, 23.848765144116545, 96.10815038857592, 29.68657743871058, 34.0
98.79879879879881, 23.84256533120958, 95.93618809894767, 29.686722233959024, 34.0
98.8988988988989, 23.836378129401446, 95.76491636400267, 29.686866938966002, 34.0
98.998998998999, 23.83020351005434, 95.59433211457899, 29.687011553949826, 34.0
99.0990990990991, 23.824041446361075, 95.42443241726865, 29.687156079122314, 34.0
99.1991991991992, 23.817891910353065, 95.25521425253639, 29.687300514699402, 34.0
99.2992992992993, 23.81175487386819, 95.08667458649582, 29.687444860897717, 34.0
99.3993993993994, 23.80563030874434, 94.91881038526053, 29.687589117933886, 34.0
99.4994994994995, 23.799518191880573, 94.75161891449744, 29.68773328601047, 34.0
99.5995995995996, 23.793418485138538, 94.585096549861, 29.687877365371804, 34.0
99.6996996996997, 23.78733117134082, 94.41924090761206, 29.688021356204004, 34.0
99.79979979979981, 23.78125622273318, 94.25404897800439, 29.688165258722552, 34.0
99.8998998998999, 23.77519361177766, 94.0895177640937, 29.68830907314234, 34.0
100.0, 23.769143311211028, 93.92564428428888, 29.688452799677535, 34.0
