Initial conditions: Te0=9.8, Ti0=4.2, rho0=1000.0, Rh0=10.0
t (ps), Te (keV), Ti (keV), rho (g/cm^3), Rh (um)
0.0, 9.8, 4.2, 1000.0, 10.0
0.1001001001001001, 7.7148563897721045, 6.063451810382213, 981.3692460432974, 10.062898837729383
0.2002002002002002, 7.020638814822142, 6.665859769786267, 963.4614136167836, 10.124877175417915
0.3003003003003003, 6.850239408391486, 6.79177913867775, 946.1828205344385, 10.1861517024203
0.4004004004004004, 6.802355848791899, 6.80494077348564, 929.4870055829756, 10.24679384041687
0.5005005005005005, 6.778983623577104, 6.794455624151636, 913.3433556473403, 10.306827773420974
0.6006006006006006, 6.760002109401514, 6.778647949948966, 897.725853455048, 10.366267089530995
0.7007007007007008, 6.741369065141014, 6.761207527988287, 882.6105597273263, 10.425122926604896
0.8008008008008008, 6.722264865253916, 6.742889487791611, 867.9750388113895, 10.483405611048036
0.9009009009009009, 6.702523747448627, 6.7238543284516545, 853.7981689310976, 10.541125000562694
1.001001001001001, 6.682115733524051, 6.704140247263872, 840.0600343892589, 10.598290570185855
1.1011011011011012, 6.661040103384323, 6.683760320728858, 826.7418349182294, 10.654911447478534
1.2012012012012012, 6.639303150511872, 6.6627228012190525, 813.8258097036307, 10.710996434431983
1.3013013013013013, 6.6169132909121124, 6.641035563647993, 801.2951663670669, 10.766554026728112
1.4014014014014016, 6.593880073397924, 6.618706975094976, 789.1340134987773, 10.821592432136754
1.5015015015015014, 6.570213926222836, 6.595746120151384, 777.3273162776667, 10.876119582089867
1.6016016016016017, 6.545925942452036, 6.572162904020416, 765.8608093384593, 10.93014315768511
1.7017017017017018, 6.521028101034562, 6.547967893243474, 754.7209944046733, 10.983670588102031
1.8018018018018018, 6.495533122236411, 6.5231722714858185, 743.8950264603503, 11.036709086542032
1.901901901901902, 6.4694542560923285, 6.497788101317911, 733.3707312233694, 11.089265643017916
2.002002002002002, 6.4428054937773895, 6.471828010191507, 723.1365339559446, 11.141347046797954
2.1021021021021022, 6.415601436215324, 6.44530526406744, 713.1814285894259, 11.192959895708286
2.2022022022022023, 6.387857260505544, 6.41823373068351, 703.4949417543875, 11.244110607463499
2.3023023023023024, 6.359588678642962, 6.390627879335815, 694.0671137727694, 11.29480542532828
2.4024024024024024, 6.330811903702178, 6.362502708423195, 684.8884527806833, 11.345050433643943
2.5025025025025025, 6.301543641923031, 6.333873679463182, 675.9499071673139, 11.394851566371836
2.6026026026026026, 6.271801043817543, 6.304756704366042, 667.2428476826642, 11.444214612793147
2.702702702702703, 6.241601589596616, 6.2751681710841565, 658.759040802315, 11.49314522657477
2.802802802802803, 6.210963012684768, 6.245124933062253, 650.4906251555861, 11.541648933601826
2.9029029029029028, 6.179903422620452, 6.214644119408349, 642.4300918849177, 11.589731138538374
3.003003003003003, 6.148441371917775, 6.183742990700074, 634.5702646874644, 11.637397131572989
3.1031031031031033, 6.116595514206906, 6.152439177580347, 626.9042806830295, 11.684652094919871
3.2032032032032034, 6.084384210425784, 6.12075097906044, 619.4255789657392, 11.731501106698508
3.3033033033033035, 6.051826687944085, 6.08869617974997, 612.1278740392122, 11.77794914990827
3.4034034034034035, 6.018941778969579, 6.056293165804074, 605.0051496341471, 11.824001114489008
3.503503503503504, 5.985748522324482, 6.023560281104676, 598.0516420704811, 11.869661802905432
3.6036036036036037, 5.952265923316849, 5.990515972797873, 591.2618271129728, 11.914935934551181
3.703703703703704, 5.918512978919097, 5.957178700272074, 584.6304056308634, 11.959828150519526
3.803803803803804, 5.884508571848809, 5.923566956586959, 578.152300597617, 12.004343014357497
3.903903903903904, 5.850271436772273, 5.88969922942173, 571.8226363079441, 12.04848501928359
4.004004004004004, 5.815820224296678, 5.855593885825824, 565.6367231113509, 12.092258593033725
4.104104104104104, 5.781173491473883, 5.8212690536364375, 559.5900888752069, 12.135668086306504
4.2042042042042045, 5.7463495481787525, 5.786742830481534, 553.6783923328652, 12.178717803179703
4.3043043043043046, 5.71136628212494, 5.752033258913564, 547.8974887086704, 12.221411977296988
4.404404404404405, 5.676241487487097, 5.717158028355723, 542.2433863789988, 12.263754786762041
4.504504504504505, 5.640992620150798, 5.682134637337838, 536.7122463756019, 12.305750353819736
4.604604604604605, 5.605636826715778, 5.64698031464121, 531.3003746354408, 12.347402747028195
4.704704704704705, 5.5701909066321615, 5.611712024315873, 526.0042144173009, 12.388715983491966
4.804804804804805, 5.534671279767646, 5.576346421896089, 520.8203447223631, 12.42969402859844
4.904904904904906, 5.499094011169947, 5.5408998125014435, 515.7454701536446, 12.470340799261573
5.005005005005005, 5.463474800430594, 5.505388132490175, 510.7764135770916, 12.510660165851203
5.105105105105106, 5.427828926938428, 5.469826956480009, 505.91011424405036, 12.55065595206429
5.205205205205205, 5.392171134932724, 5.434231572874287, 501.14362263900335, 12.590331936105708
5.305305305305305, 5.3565157418840235, 5.398616872658709, 496.4740932691007, 12.629691852688412
5.405405405405406, 5.32087682073319, 5.362997140604, 491.89878167647834, 12.668739393264024
5.505505505505505, 5.285267808614097, 5.327386413880336, 487.41504037903195, 12.707478206834105
5.605605605605606, 5.249701733069813, 5.291798238010377, 483.0203155559977, 12.74591190027866
5.705705705705706, 5.214191144058216, 5.256245736278354, 478.7121414792766, 12.78404403983642
5.8058058058058055, 5.178748150332106, 5.220741588265658, 474.48813477673974, 12.821878152612202
5.9059059059059065, 5.143384373072818, 5.185298020254384, 470.3459956289377, 12.859417724956188
6.006006006006006, 5.108110966379212, 5.149926825036038, 466.28350031427414, 12.896666204918272
6.106106106106107, 5.072938618381705, 5.114639333680938, 462.2985000481955, 12.933627001535138
6.206206206206207, 5.037877528051925, 5.079446402863028, 458.3889231409866, 12.970303483388347
6.306306306306307, 5.002937446272964, 5.0443584435819036, 454.55276293063935, 13.006698982288
6.406406406406407, 4.968127650401507, 5.009385383061168, 450.7880839447107, 13.042816790252427
6.506506506506507, 4.93345702017661, 4.974536721973422, 447.0930073031113, 13.078660165387832
6.606606606606607, 4.898933983845648, 4.9398214874502235, 443.46571787946664, 13.114232327004567
6.706706706706707, 4.86456652156147, 4.905248265989994, 439.90446078162654, 13.14953645724779
6.806806806806807, 4.830362034828885, 4.870825358150822, 436.40753620302667, 13.18457570167924
6.906906906906907, 4.796327637219593, 4.836560499717792, 432.9732993585524, 13.219353169176673
7.007007007007008, 4.762470022755741, 4.802461008773792, 429.60015790699697, 13.253871932238079
7.107107107107107, 4.728795476293337, 4.768533795834855, 426.2865697609858, 13.28813502728475
7.207207207207207, 4.69530987887687, 4.734785373121818, 423.03104143887737, 13.322145454672741
7.307307307307307, 4.662018722099151, 4.701221855351622, 419.83212648658093, 13.355906178594811
7.407407407407408, 4.628927131437805, 4.667848980008411, 416.6884224407156, 13.389420128466723
7.507507507507508, 4.59603987417354, 4.634672110633304, 413.59856973871655, 13.422690198526622
7.607607607607608, 4.563361336242988, 4.601696212537017, 410.5612542401846, 13.455719244989888
7.707707707707708, 4.530895585186257, 4.568925919801681, 407.57519913808756, 13.48851009084649
7.807807807807808, 4.498646355125808, 4.536365520810505, 404.63916675898236, 13.52106552430389
7.907907907907909, 4.466617058381348, 4.504018975314472, 401.7519566768659, 13.553388298403624
8.008008008008009, 4.4348107945222, 4.471889918718916, 398.9124050365573, 13.585481131498138
8.108108108108109, 4.403230366288031, 4.439981676834435, 396.1193826967535, 13.617346707494224
8.208208208208209, 4.371878303160145, 4.4082972691295375, 393.37179385571375, 13.648987676090895
8.308308308308309, 4.340756923886243, 4.3768393519081, 390.66857578879586, 13.680406652819524
8.408408408408409, 4.309868187878895, 4.345610413480081, 388.0086962978912, 13.71160621951252
8.508508508508509, 4.279213823251325, 4.31461264838034, 385.3911538045931, 13.742588924170843
8.608608608608609, 4.248795335072357, 4.283847980649554, 382.8149757561168, 13.773357281562948
8.70870870870871, 4.218614008133172, 4.253318079875061, 380.27921777942976, 13.803913773269054
8.80880880880881, 4.188670901422325, 4.223024385577039, 377.7829628451252, 13.834260847762465
8.90890890890891, 4.158966856697254, 4.192968106643905, 375.3253211292275, 13.864400919644568
9.00900900900901, 4.129502534962648, 4.163150253971307, 372.90542615064817, 13.894336373661714
9.10910910910911, 4.100278395464589, 4.133571613742343, 370.522438098609, 13.924069559610302
9.20920920920921, 4.0712947524250485, 4.104232811676166, 368.17553654617905, 13.953602801284028
9.30930930930931, 4.042551706380464, 4.075134249123637, 365.8639294495108, 13.982938383281397
9.40940940940941, 4.014049213250679, 4.04627617883448, 363.5868440898104, 14.012078562934798
9.50950950950951, 3.9857870675376135, 4.017658679779494, 361.3435301925908, 14.041025565326615
9.60960960960961, 3.9577649223546785, 3.989281677066065, 359.1332581148681, 14.069781584434267
9.70970970970971, 3.9299823858765093, 3.961144818672727, 356.9553203915521, 14.098348781550582
9.809809809809812, 3.9024387586108604, 3.9332478640443913, 354.8090246931724, 14.12672929284111
9.90990990990991, 3.8751333718873844, 3.90559025287344, 352.6936997555076, 14.154925221840987
10.01001001001001, 3.84806536410957, 3.878171384148407, 350.60869219338986, 14.182938642974525
10.11011011011011, 3.8212338185904184, 3.8509904888339785, 348.5533662949939, 14.210771601319763
10.210210210210212, 3.794637699109529, 3.8240467077922533, 346.52710344493573, 14.238426112949599
10.310310310310312, 3.7682758784306083, 3.797339077637639, 344.5293015261325, 14.265904165354073
10.41041041041041, 3.742147145218994, 3.770866537414247, 342.55937433861294, 14.293207717875
10.51051051051051, 3.716250205657927, 3.7446279370915434, 340.61675141342164, 14.32033870136398
10.61061061061061, 3.690583692773622, 3.718622047435934, 338.7008765753675, 14.347299020493198
10.710710710710712, 3.6651461854120524, 3.692847535538467, 336.8112089148131, 14.374090551589864
10.810810810810812, 3.6399361713693916, 3.6673030315352926, 334.94722141382675, 14.400715143877349
10.91091091091091, 3.614952102931986, 3.6419870730106263, 333.1084006660571, 14.427174620293195
11.01101101101101, 3.590192362086498, 3.6168981520989063, 331.2942464908078, 14.453470777507949
11.11111111111111, 3.565655295773852, 3.592034690025374, 329.5042714925589, 14.47960538635412
11.211211211211213, 3.5413391998140527, 3.5673950614423884, 327.7380007355695, 14.505580192035922
11.311311311311313, 3.5172423285376544, 3.542977591734545, 325.9949716106812, 14.531396913949619
11.411411411411413, 3.4933629020305346, 3.518780564078279, 324.2747326008335, 14.557057247865153
11.511511511511511, 3.4696991073835686, 3.4948022193557415, 322.57684384705635, 14.582562864330395
11.611611611611611, 3.4462491013699337, 3.4710407643148007, 320.9008763418102, 14.607915409982802
11.711711711711713, 3.423011012076409, 3.4474943773644, 319.24641176427326, 14.633116507418345
11.811811811811813, 3.3999829401609567, 3.4241612049937475, 317.6130422582615, 14.65816775595994
11.911911911911913, 3.3771629961056955, 3.4010393409003186, 316.00037034457193, 14.68307073064197
12.012012012012011, 3.354549216207317, 3.3781269168820534, 314.4080077797335, 14.70782698468996
12.112112112112113, 3.332139678234361, 3.3554219865115846, 312.8355760065868, 14.732438048422626
12.212212212212213, 3.3099324090319473, 3.3329226232072204, 311.2827053566414, 14.756905431013593
12.312312312312313, 3.2879254228630166, 3.310626843521434, 309.7490310554483, 14.781230636538732
12.412412412412413, 3.2661168296539285, 3.2885327681533996, 308.2342171117926, 14.805415064588722
12.512512512512513, 3.244504552470552, 3.2666383299929227, 306.7379028853988, 14.829460229895199
12.612612612612613, 3.2230866322994953, 3.2449415797683345, 305.25975827535586, 14.853367533487248
12.712712712712714, 3.201861087151701, 3.2234405316052035, 303.79945651304405, 14.877138375184453
12.812812812812814, 3.1808259362962854, 3.2021331885081956, 302.3566779962973, 14.900774136877722
12.912912912912914, 3.159979198435261, 3.181017554108939, 300.9311106596626, 14.924276180387544
13.013013013013014, 3.1393188878674114, 3.160091639750503, 299.52244955596547, 14.947645848319446
13.113113113113114, 3.118843015035315, 3.1393534666161953, 298.13039678276954, 14.970884464048053
13.213213213213214, 3.0985495919558685, 3.118801063204638, 296.75466135897096, 14.993993331815616
13.313313313313314, 3.0784366500656017, 3.0984324501343616, 295.39495894360493, 15.016973737272895
13.413413413413414, 3.058502282956663, 3.0782456006789376, 294.051011847682, 15.039826947195575
13.513513513513514, 3.0387444075320804, 3.058238423496462, 292.7225313713956, 15.06255429103032
13.613613613613614, 3.0191614036414585, 3.038409398670156, 291.40930351068914, 15.085156760991026
13.713713713713714, 2.999750992460823, 3.0187561494523196, 290.11101640023327, 15.107635815064253
13.813813813813814, 2.980511431779239, 2.9992769185549637, 288.82744067463193, 15.129992537157213
13.913913913913914, 2.9614407371406153, 2.979969727063259, 287.5583197542925, 15.152228147344003
14.014014014014016, 2.942537002200602, 2.960832563830513, 286.3034045299543, 15.174343841155238
14.114114114114114, 2.92379859444233, 2.941863743880619, 285.06248692814864, 15.19634062449208
14.214214214214214, 2.9052233420855775, 2.923061212598798, 283.8353055046638, 15.218219770636393
14.314314314314315, 2.8868095623795904, 2.904423156584899, 282.62164776055755, 15.239982324795815
14.414414414414415, 2.8685553649454207, 2.8859476892109943, 281.42128673048967, 15.261629410493413
14.514514514514516, 2.850458916926395, 2.8676330038065396, 280.234006796818, 15.283162103882766
14.614614614614615, 2.8325184671256647, 2.849477196046733, 279.0595941183645, 15.304581480353496
14.714714714714717, 2.814732244680587, 2.8314785502053947, 277.89784742061164, 15.325888560252263
14.814814814814817, 2.797098429104408, 2.8136352050607285, 276.74855648472504, 15.347084416579627
14.914914914914917, 2.779615317140054, 2.7959453390480262, 275.61152260174003, 15.368170071792212
15.015015015015017, 2.7622811875995614, 2.7784072652492724, 274.48655575931207, 15.389146510605515
15.115115115115117, 2.7450942735292743, 2.761019234543562, 273.37346206943795, 15.41001474514679
15.215215215215215, 2.728052929792447, 2.743779476862041, 272.2720553076121, 15.430775755067069
15.315315315315315, 2.711155419247272, 2.726686312123297, 271.1821510499965, 15.451430517330937
15.415415415415415, 2.694400140296358, 2.7097380502984527, 270.10357342390074, 15.471979970281401
15.515515515515515, 2.6777854519363413, 2.692933001667158, 269.03614621146835, 15.492425060764074
15.615615615615615, 2.6613096955505724, 2.676269528625371, 267.97969672046986, 15.512766723422992
15.715715715715717, 2.644971209371677, 2.659745868996759, 266.9340473016957, 15.533005926734013
15.815815815815817, 2.6287686899682297, 2.6433606750286986, 265.8990614858982, 15.553143419197154
15.915915915915917, 2.6127002382641815, 2.627112128426505, 264.8745495538946, 15.573180248265347
16.016016016016017, 2.5967644757408395, 2.6109987045241003, 263.8603648929469, 15.593117230350805
16.116116116116117, 2.580959738633199, 2.595018763919089, 262.8563419338738, 15.612955292942528
16.216216216216218, 2.5652847405505836, 2.57917102588559, 261.86235293916906, 15.63269515593986
16.316316316316318, 2.5497378133756534, 2.56345367148342, 260.87822572399256, 15.652337796104051
16.416416416416418, 2.534317524069758, 2.5478653394373456, 259.903823589304, 15.671883995100792
16.516516516516518, 2.5190223223270953, 2.532404386198834, 258.93899136625214, 15.691334645654154
16.616616616616618, 2.5038511089235116, 2.5170696391381564, 257.98361933803295, 15.710690382365351
16.716716716716718, 2.488802084325334, 2.501859402711057, 257.0375399464441, 15.729952180775367
16.816816816816818, 2.47387402085363, 2.486772307148326, 256.1006297155965, 15.749120765568506
16.916916916916918, 2.4590654828600447, 2.4718069487089585, 255.1727544309026, 15.768196928588814
17.017017017017018, 2.4443751386789803, 2.4569619249606456, 254.2537857091717, 15.787181432167836
17.117117117117118, 2.429801638864324, 2.4422358642303097, 253.3435966006709, 15.806075034912729
17.217217217217218, 2.415343627256166, 2.427627405782281, 252.44206111727405, 15.824878494281835
17.31731731731732, 2.400999758387387, 2.413135117677659, 251.54905129694984, 15.843592584671464
17.41741741741742, 2.386768937173299, 2.3987578636921776, 250.66446487356592, 15.862217928335868
17.51751751751752, 2.3726496220890345, 2.3844941780786173, 249.78816479055982, 15.880755364098595
17.61761761761762, 2.358640669874508, 2.370342805762846, 248.9200424779711, 15.899205561315261
17.71771771771772, 2.3447408611039537, 2.3563025323098437, 248.05998832275472, 15.917569199596503
17.81781781781782, 2.330948939852416, 2.3423720764621074, 247.2078885945288, 15.935846987885913
17.91791791791792, 2.3172636972831535, 2.3285501202496173, 246.36363057454903, 15.954039632551774
18.01801801801802, 2.303683910926032, 2.314835503647993, 245.52710868094906, 15.972147800189356
18.11811811811812, 2.2902084370553895, 2.301227035808736, 244.69821990523906, 15.990172144597656
18.21821821821822, 2.2768360866207247, 2.2877234897830143, 243.87685812516386, 16.00811334294988
18.31831831831832, 2.2635657010510215, 2.2743236679761165, 243.06292038082006, 16.02597205634419
18.41841841841842, 2.2503962167404437, 2.261026500132651, 242.25631383516108, 16.043748884111054
18.518518518518523, 2.237326434854766, 2.247830772718251, 241.4569339883104, 16.06144450453322
18.61861861861862, 2.2243553063647306, 2.234735375212885, 240.66468775949448, 16.079059525707926
18.71871871871872, 2.211481707895836, 2.22173919214046, 239.8794790219093, 16.096594578699246
18.81881881881882, 2.1987045967468397, 2.2088411347198744, 239.10121668797262, 16.114050265229572
18.91891891891892, 2.186022892418831, 2.1960401171743187, 238.32980852834294, 16.13142719763286
19.01901901901902, 2.1734355620954267, 2.1833350588538645, 237.5651649222665, 16.148725974138657
19.11911911911912, 2.1609415865401655, 2.1707249006735463, 236.80719810316356, 16.165947183961112
19.21921921921922, 2.148539936660982, 2.1582086326760366, 236.05582231364596, 16.183091406099003
19.31931931931932, 2.136229616347843, 2.1457852172960385, 235.31095233013536, 16.200159218971336
19.41941941941942, 2.1240096406602413, 2.1334536321647253, 234.572504337196, 16.217151194380836
19.519519519519523, 2.111879030951156, 2.1212128918759574, 233.84039663486493, 16.23406789278838
19.619619619619623, 2.0998367955861545, 2.1090620295039764, 233.11454803570712, 16.250909874022632
19.71971971971972, 2.087882050187384, 2.0970000504569684, 232.3948809321849, 16.267677676242656
19.81981981981982, 2.076013796828572, 2.0850259930401056, 231.68131465834898, 16.28437186164046
19.91991991991992, 2.0642311730747047, 2.0731389623317793, 230.97377711054216, 16.300992935327027
20.02002002002002, 2.052533217483005, 2.061337951959273, 230.2721878117416, 16.31754146396629
20.12012012012012, 2.0409190435283384, 2.049622080463212, 229.5764747096729, 16.33401795771501
20.22022022022022, 2.0293878600233155, 2.037990492163961, 228.8865709117786, 16.35042289288918
20.32032032032032, 2.017938697370687, 2.0264422182091772, 228.20239783221461, 16.36675683081897
20.420420420420424, 2.0065706431760786, 2.0149764492025364, 227.52388594680363, 16.38302027124613
20.520520520520524, 1.9952829349390429, 2.0035922424292303, 226.85096661038494, 16.399213710355973
20.620620620620624, 1.9840747160410905, 1.9922887648297543, 226.18357198824935, 16.415337640660525
20.720720720720724, 1.9729451610151714, 1.9810652019731345, 225.521636440773, 16.43139254126312
20.82082082082082, 1.961893452322204, 1.9699207353078334, 224.86509465078223, 16.447378891179266
20.92092092092092, 1.9509188204319858, 1.9588544368545453, 224.21387900146274, 16.463297188302615
21.02102102102102, 1.9400204118254032, 1.9478655866045755, 223.567927047741, 16.479147895379818
21.12112112112112, 1.929197466653366, 1.936953374870947, 222.9271766393045, 16.494931474986284
21.22122122122122, 1.9184492186685242, 1.9261169833895093, 222.29156519184045, 16.510648395127983
21.32132132132132, 1.9077749054830433, 1.915355660013307, 221.6610330435772, 16.526299104157395
21.421421421421424, 1.897173757396367, 1.9046686140708555, 221.03551887983082, 16.54188406505635
21.521521521521525, 1.8866450616382917, 1.8940551186631167, 220.41496627504995, 16.557403706032197
21.621621621621625, 1.8761880739506946, 1.8835144366011607, 219.79931730453833, 16.572858468764043
21.721721721721725, 1.8658020904827783, 1.8730457467381876, 219.18851244658154, 16.588248808737887
21.82182182182182, 1.8554863615663792, 1.86264839364069, 218.58249704275755, 16.603575146892922
21.92192192192192, 1.8452402032735769, 1.852321651726449, 217.98121636488173, 16.61883790642368
22.02202202202202, 1.835062906554719, 1.8420647760223046, 217.38461408518307, 16.634037524933593
22.12212212212212, 1.8249538495288014, 1.8318771198645634, 216.7926411672493, 16.64917438508808
22.22222222222222, 1.814912279985552, 1.8217579593139475, 216.2052406739269, 16.664248933208903
22.322322322322325, 1.804937571335606, 1.8117066294205315, 215.622362909326, 16.679261560918295
22.422422422422425, 1.7950290594184852, 1.8017224475590865, 215.04395614566738, 16.694212677448434
22.522522522522525, 1.7851860917508708, 1.7918047507588784, 214.46996997065733, 16.709102683515177
22.622622622622625, 1.7754080334022933, 1.7819528957081074, 213.90035550512803, 16.723931969531705
22.722722722722725, 1.765694242945217, 1.772166231948272, 213.33506344080777, 16.738700930997116
22.822822822822825, 1.7560440990772916, 1.7624441264038555, 212.77404599826767, 16.753409952886855
22.922922922922922, 1.746457006283325, 1.7527859396805978, 212.21725627734378, 16.768059415656023
23.023023023023022, 1.736932353412517, 1.7431910486021294, 211.66464740659262, 16.78264969963572
23.123123123123122, 1.7274695253061745, 1.7336588584884003, 211.1161735818765, 16.797181179044657
23.223223223223222, 1.7180679347647851, 1.7241887622161378, 210.5717896667109, 16.811654224225524
23.323323323323326, 1.708726994568067, 1.7147801600890717, 210.03145084474755, 16.82606920366599
23.423423423423426, 1.6994461320519665, 1.7054324624341393, 209.49511335881803, 16.84042647969828
23.523523523523526, 1.6902247766827445, 1.6961450868043642, 208.96273384952246, 16.854726412292024
23.623623623623626, 1.6810623657042878, 1.6869174587273827, 208.43426963390138, 16.86896935746338
23.723723723723726, 1.6719583421971387, 1.6777490100042924, 207.90967854067026, 16.883155668177892
23.823823823823826, 1.6629121630282515, 1.668639185410058, 207.388919546095, 16.89728569068493
23.923923923923926, 1.653923287352594, 1.659587433452085, 206.87195187096452, 16.91135976968215
24.024024024024023, 1.6449911842620335, 1.6505932125871234, 206.35873558434938, 16.92537824486595
24.124124124124123, 1.6361153267164341, 1.641655984952632, 205.8492310623147, 16.939341453990465
24.224224224224226, 1.6272951950953611, 1.6327752205738473, 205.3433993296048, 16.95324973094718
24.324324324324326, 1.618530275197069, 1.623950395458324, 204.84120188083645, 16.967103406708663
24.424424424424426, 1.6098200590980463, 1.6151809921317568, 204.34260074933425, 16.980902809008473
24.524524524524526, 1.6011640469450727, 1.6064664995861746, 203.84755856437124, 16.994648261833124
24.624624624624627, 1.5925617434388206, 1.5978064131088996, 203.356038417484, 17.008340086451668
24.724724724724727, 1.5840126599265791, 1.5892002344064127, 202.86800394151885, 17.02197860079012
24.824824824824827, 1.5755163145268791, 1.5806474717754209, 202.38341930241606, 17.035564119255657
24.924924924924927, 1.5670722312256842, 1.5721476397482623, 201.90224919148292, 17.049096953274212
25.025025025025027, 1.5586799400466207, 1.5637002590310434, 201.4244587937416, 17.06257741108869
25.125125125125123, 1.5503389756672012, 1.555304855514558, 200.95001367589015, 17.076005798304212
25.225225225225227, 1.5420488805612098, 1.546960962620495, 200.4788800655152, 17.089382416723453
25.325325325325327, 1.5338092017965472, 1.5386681186442415, 200.01102455989846, 17.102707565621113
25.425425425425427, 1.5256194909529541, 1.5304258665162638, 199.54641411426906, 17.115981541832777
25.525525525525527, 1.517479307324021, 1.5222337570956364, 199.08501634892147, 17.12920463827094
25.625625625625627, 1.5093882140639834, 1.5140913451340547, 198.6267991783616, 17.142377145730286
25.725725725725727, 1.5013457792391058, 1.505998190379756, 198.1717309125449, 17.15549935239438
25.825825825825827, 1.493351577998257, 1.4979538599346252, 197.71978046725312, 17.168571542796283
25.925925925925927, 1.4854051881288692, 1.4899579235864802, 197.27091694182946, 17.18159399989461
26.026026026026027, 1.477506194003107, 1.4820099578603676, 196.82510998913722, 17.194567003260776
26.126126126126128, 1.4696541857442527, 1.4741095451664272, 196.38232973760452, 17.207490829460706
26.226226226226228, 1.461848758018938, 1.4662562725684427, 195.9425466784485, 17.220365752606885
26.326326326326328, 1.4540895100242586, 1.4584497317822267, 195.50573166638097, 17.233192044356844
26.426426426426428, 1.446376045126975, 1.450689518814311, 195.07185588707415, 17.24596997407363
26.526526526526528, 1.4387079722368223, 1.4429752352733969, 194.64089097548873, 17.258699808241765
26.626626626626628, 1.4310849042820057, 1.4353064868865144, 194.21280888210092, 17.271381811127377
26.726726726726728, 1.4235064584726835, 1.4276828837422268, 193.78758189487684, 17.28401624466981
26.826826826826828, 1.4159722594631972, 1.420104043933027, 193.36518296499747, 17.29660336690625
26.926926926926928, 1.4084819324249855, 1.4125695856151106, 192.94558499661093, 17.309143435410615
27.027027027027028, 1.4010351079390326, 1.4050791326370784, 192.52876135021637, 17.3216367048583
27.127127127127128, 1.3936314206177736, 1.3976323129700003, 192.11468570218753, 17.334083427707256
27.227227227227228, 1.3862705114922986, 1.3902287612339348, 191.70333227881443, 17.346483853074673
27.32732732732733, 1.3789520250400606, 1.3828681155572229, 191.29467556601708, 17.35883822813371
27.42742742742743, 1.3716756082021517, 1.3755500165395866, 190.88869021370178, 17.371146798574696
27.52752752752753, 1.3644409128117312, 1.3682741098222408, 190.48535127383585, 17.383409807462442
27.62762762762763, 1.357247595034654, 1.3610400454523874, 190.08463414480826, 17.395627495515228
27.72772772772773, 1.350095316136157, 1.3538474785970989, 189.68651464390769, 17.407800100779625
27.82782782782783, 1.3429837396392363, 1.3466960668695174, 189.29096873985955, 17.419927859845828
27.92792792792793, 1.3359125336068152, 1.339585472465559, 188.8979727680786, 17.4320110068754
28.028028028028032, 1.3288813699587407, 1.332515361516744, 188.50750336657103, 17.444049773895014
28.128128128128132, 1.3218899238749329, 1.3254854037762045, 188.11953743848733, 17.456044391032364
28.22822822822823, 1.3149378747695013, 1.3184952730526378, 187.73405220926992, 17.467995086141947
28.32832832832833, 1.3080249056008646, 1.3115446468520193, 187.35102518360463, 17.479902085077104
28.42842842842843, 1.301150702883497, 1.304633206353367, 186.9704341446198, 17.49176561168958
28.52852852852853, 1.294314956633359, 1.2977606359390792, 186.5922571317992, 17.50358588795779
28.62862862862863, 1.2875173603449055, 1.2909266235830725, 186.21647245601216, 17.515363133893132
28.72872872872873, 1.2807576109668117, 1.2841308612222482, 185.84305871379567, 17.52709756745085
28.82882882882883, 1.2740354087881478, 1.2773730439614501, 185.4719947492814, 17.538789404755217
28.92892892892893, 1.2673504574002963, 1.2706528702650846, 185.10325966040588, 17.55043886005885
29.029029029029033, 1.2607024636395319, 1.2639700418967927, 184.73683279381265, 17.562046145769894
29.129129129129133, 1.2540911373533559, 1.257324266037955, 184.3726938381095, 17.573611472035786
29.22922922922923, 1.2475161917192241, 1.2507152505771368, 184.01082260885482, 17.585135047716882
29.32932932932933, 1.240977342923922, 1.2441427073036673, 183.65119919034427, 17.596617079751418
29.429429429429433, 1.2344743101497364, 1.2376063513083593, 183.29380390618462, 17.60805777329238
29.52952952952953, 1.2280068155269128, 1.2311059008010596, 182.93861730868315, 17.619457331759584
29.629629629629633, 1.2215745854467708, 1.2246410763184685, 182.58562020457148, 17.630815956728064
29.72972972972973, 1.215177352710589, 1.2182115994806784, 182.23479369927966, 17.64213384773296
29.829829829829833, 1.2088148482338983, 1.2118171973874725, 181.886119009392, 17.65341120311827
29.92992992992993, 1.2024868081307933, 1.2054575987098792, 181.5395776164628, 17.664648219348443
30.030030030030034, 1.196192971775492, 1.1991325346537345, 181.1951512205721, 17.675845091221788
30.13013013013013, 1.1899330580674126, 1.1928417629654504, 180.8528217523337, 17.687002011816546
30.230230230230234, 1.183706826040968, 1.1865850071181288, 180.51257136370162, 17.69811917253068
30.33033033033033, 1.1775140280632685, 1.1803620024037165, 180.17438239893315, 17.709196763232264
30.43043043043043, 1.1713544056099165, 1.1741725007388892, 179.83823741673837, 17.7202349721279
30.530530530530534, 1.1652277081080724, 1.168016251687501, 179.5041191851546, 17.7312339858056
30.63063063063063, 1.1591336921442172, 1.1618930024467768, 179.17201065161578, 17.7421939894574
30.730730730730734, 1.1530721148067722, 1.155802504864662, 178.84189495639845, 17.753115166768755
30.83083083083083, 1.1470427348432597, 1.1497445150218069, 178.5137554598779, 17.763997699699804
30.930930930930934, 1.1410453149834965, 1.1437187923106122, 178.18757579456945, 17.774841768073028
31.03103103103103, 1.1350796175330484, 1.1377250953711802, 177.86333954877836, 17.785647552050204
31.131131131131134, 1.1291454099552074, 1.1317631881308132, 177.54103070010595, 17.796415228723394
31.23123123123123, 1.1232424609965592, 1.1258328357219063, 177.2206333181918, 17.80714497444069
31.331331331331334, 1.1173705418516182, 1.119933805739198, 176.902131655354, 17.81783696410131
31.431431431431434, 1.1115294263710453, 1.1140658685621443, 176.58551016562618, 17.82849137098718
31.53153153153153, 1.1057188905152149, 1.1082287966983733, 176.27075346013388, 17.83910836712011
31.631631631631635, 1.0999387148975928, 1.102422367417666, 175.95784649829613, 17.849688121710532
31.73173173173173, 1.09418867670059, 1.0966463544740883, 175.646773982805, 17.86023080604733
31.831831831831835, 1.0884685585410072, 1.0909005371943645, 175.3375210228808, 17.87073658811875
31.93193193193193, 1.0827781462239594, 1.0851846981934197, 175.03007296582902, 17.881205633949804
32.032032032032035, 1.0771172290966975, 1.0794986236572295, 174.72441542530404, 17.891638107499602
32.13213213213213, 1.0714855964216694, 1.073842099678308, 174.42053400428117, 17.90203417271053
32.232232232232235, 1.065883039371656, 1.0682149142912425, 174.1184144471192, 17.91239399235531
32.332332332332335, 1.0603093547679687, 1.06261686131921, 173.81804292393102, 17.922717725834328
32.432432432432435, 1.0547643373322892, 1.0570477323853538, 173.51940544012038, 17.93300553373472
32.532532532532535, 1.0492477850927784, 1.051507322494413, 173.22248824887353, 17.943257574652467
32.632632632632635, 1.0437594993699737, 1.045995430018151, 172.9272778500824, 17.953474005200718
32.732732732732735, 1.0382992813327552, 1.040511853196574, 172.633760727929, 17.96365498199123
32.832832832832835, 1.03286693523589, 1.0350563933875012, 172.3419235971829, 17.97380065979889
32.932932932932935, 1.027462267165436, 1.0296288538228102, 172.05175330792812, 17.983911192261388
33.033033033033036, 1.022085084944874, 1.024229039697485, 171.76323684079256, 17.993986731777895
33.133133133133136, 1.0167351984360862, 1.018856758088881, 171.4763613248957, 18.00402742966108
33.233233233233236, 1.0114124193979679, 1.013511818085864, 171.1911140305984, 18.014033435988747
33.333333333333336, 1.0061165614705285, 1.0081940305712787, 170.90748235936567, 18.024004899641906
33.433433433433436, 1.0008474402219598, 1.002903208395376, 170.6254538548742, 18.033941968303086
33.533533533533536, 0.9956048731874172, 0.9976391665187015, 170.3450162121639, 18.04384478845499
33.633633633633636, 0.990388679670158, 0.9924017216643466, 170.0661572529152, 18.053713505446964
33.733733733733736, 0.9851986799596693, 0.9871906916637094, 169.7888648693737, 18.063548263866597
33.833833833833836, 0.9800346973007087, 0.9820058972373136, 169.51312717325195, 18.073349206624513
33.933933933933936, 0.9748965564226496, 0.9768471606647342, 169.2389323845162, 18.083116475637933
34.034034034034036, 0.9697840829758266, 0.9717143050746473, 168.96626878269922, 18.092850212178522
34.13413413413413, 0.9646971048321246, 0.9666071559001317, 168.69512481370418, 18.102550556148202
34.234234234234236, 0.9596354519296547, 0.9615255407048705, 168.42548907704966, 18.112217646165593
34.334334334334336, 0.9545989555202853, 0.9564692883998266, 168.15735026641298, 18.121851619970062
34.434434434434436, 0.9495874474513342, 0.9514382286525022, 167.89069711912555, 18.13145261476718
34.53453453453454, 0.9446007628237724, 0.9464321942451258, 167.6255186099242, 18.141020765906184
34.63463463463464, 0.939638737779004, 0.9414510191112258, 167.361803789634, 18.150556207981126
34.73473473473474, 0.9347012092714948, 0.9364945377485966, 167.09954175366659, 18.160059075038852
34.83483483483484, 0.9297880166624097, 0.9315625873312623, 166.8387217852279, 18.16952949961425
34.93493493493494, 0.924899000797698, 0.9266550065055573, 166.57933327316417, 18.178967613283948
35.03503503503504, 0.9200340039630894, 0.921771635342109, 166.32136570836838, 18.18837354669074
35.13513513513514, 0.9151928697233839, 0.9169123154876078, 166.0648086834214, 18.197747429542773
35.23523523523524, 0.9103754428168656, 0.9120768901509178, 165.80965188797137, 18.2070893906438
35.33533533533534, 0.9055815698695259, 0.9072652038428507, 165.55588512632903, 18.216399557786314
35.43543543543544, 0.9008110986325528, 0.9024771025596642, 165.3034982950447, 18.22567805789159
35.53553553553554, 0.8960638781477762, 0.8977124336877347, 165.05248138563223, 18.234925016994616
35.63563563563564, 0.8913397615466956, 0.8929710452862345, 164.80282456581128, 18.24414055970343
35.73573573573574, 0.8866386004774568, 0.8882527873862174, 164.55451801279486, 18.25332481030948
35.83583583583584, 0.8819602487192318, 0.8835575110769179, 164.3075520186798, 18.262477892086228
35.93593593593594, 0.8773045615928831, 0.8788850686045211, 164.06191697133596, 18.27159992741665
36.03603603603604, 0.8726713941575396, 0.8742353156744243, 163.81760337362482, 18.280691037668493
36.13613613613614, 0.8680606007449787, 0.8696081120414046, 163.57460184821252, 18.289751343163328
36.23623623623624, 0.8634720390906192, 0.8650033156717067, 163.33290307168593, 18.298780963608277
36.33633633633634, 0.8589055666445548, 0.8604207879284632, 163.09249783233676, 18.307780017718343
36.43643643643644, 0.8543610658877623, 0.8558603678038993, 162.853377014727, 18.31674862331129
36.53653653653654, 0.8498383823441972, 0.8513219337229452, 162.61553158977165, 18.32568689738212
36.63663663663664, 0.8453373821792066, 0.8468053459637133, 162.37895261441636, 18.33459495610545
36.73673673673674, 0.8408579338610829, 0.8423104651215191, 162.14363123936457, 18.34347291476907
36.83683683683684, 0.8363999025571475, 0.8378371574321521, 161.90955869807615, 18.352320887875123
36.93693693693694, 0.8319631551732971, 0.8333852896776967, 161.67672630436212, 18.36113898916012
37.037037037037045, 0.8275475612023264, 0.828954728917947, 161.44512547285473, 18.3699273313973
37.13713713713714, 0.8231529914168297, 0.8245453440490923, 161.2147477278898, 18.378686026310326
37.23723723723724, 0.8187793163689575, 0.8201570039162669, 160.9855845841552, 18.387415185711202
37.33733733733734, 0.8144264089202855, 0.8157895798021101, 160.75762772330978, 18.396114919808742
37.43743743743744, 0.8100941423585343, 0.8114429434033853, 160.5308688563401, 18.404785338522007
37.53753753753754, 0.8057823910491343, 0.8071169675801807, 160.30529977300094, 18.413426551011565
37.63763763763764, 0.8014910317421412, 0.8028115275223202, 160.0809124282685, 18.422038664830502
37.73773773773774, 0.7972199401495041, 0.7985264973991908, 159.85769870488537, 18.43062178823167
37.83783783783784, 0.7929689968369752, 0.7942617563162229, 159.63565082825534, 18.439176026119313
37.93793793793794, 0.7887380782552993, 0.7900171791892844, 159.41476073325234, 18.447701486241723
38.03803803803804, 0.7845270640717368, 0.7857926441997979, 159.1950205817964, 18.45619827413394
38.138138138138146, 0.7803358355055972, 0.7815880311401951, 158.97642264498955, 18.464666494205762
38.23823823823824, 0.7761642752633376, 0.777403221292831, 158.75895929904473, 18.473106249873368
38.33833833833834, 0.7720122675505613, 0.7732380974523705, 158.5426230260384, 18.481517643534982
38.43843843843844, 0.7678796968697614, 0.7690925427195218, 158.32740632781668, 18.489900777347515
38.53853853853854, 0.7637664471399652, 0.7649664395976168, 158.11330166316057, 18.498255753827536
38.63863863863864, 0.7596724066143008, 0.7608596749977675, 157.9003017992, 18.50658267256047
38.73873873873874, 0.7555974636385241, 0.7567721359220374, 157.68839950831966, 18.514881633038865
38.83883883883884, 0.7515415041965976, 0.7527037069997886, 157.47758739377196, 18.523152736289294
38.93893893893894, 0.7475044190389393, 0.7486542776742364, 157.26785839706108, 18.531396080133224
39.03903903903905, 0.7434860987265801, 0.74462373720607, 157.05920544518932, 18.53961176248183
39.13913913913914, 0.7394864341004689, 0.740611975142775, 156.8516214831577, 18.547799881003122
39.23923923923925, 0.7355053170147271, 0.7366188820617389, 156.64509952707022, 18.555960532655504
39.33933933933934, 0.7315426407626309, 0.7326443500019573, 156.43963269498525, 18.56409381341679
39.43943943943944, 0.727598299283215, 0.7286882716597864, 156.23521414898175, 18.57219981877502
39.53953953953954, 0.7236721873393726, 0.7247505405689936, 156.03183710696226, 18.580278643583018
39.63963963963964, 0.7197642007458679, 0.7208310513333238, 155.82949486285813, 18.588330382021677
39.73973973973974, 0.7158742361812558, 0.7169296994346632, 155.62818076996285, 18.596355127630225
39.83983983983984, 0.7120021911758221, 0.7130463812123039, 155.4278882396986, 18.604352973315272
39.93993993993995, 0.7081479640956015, 0.7091809938444711, 155.22861074015736, 18.61232401135516
40.04004004004004, 0.7043114543579473, 0.7053334355974622, 155.0303418157758, 18.620268333340753
40.14014014014015, 0.7004925622277912, 0.70150360559018, 154.83307506874024, 18.628186030231447
40.24024024024024, 0.6966911885631368, 0.6976914035606285, 154.636804141419, 18.636077192508747
40.34034034034035, 0.6929072350477818, 0.6938967300896212, 154.44152273337792, 18.6439419100499
40.44044044044044, 0.6891406046123717, 0.6901194870055253, 154.24722463216477, 18.651780271899135
40.54054054054054, 0.6853912008945605, 0.6863595768653326, 154.05390367383984, 18.659592366560943
40.64064064064064, 0.6816589279136774, 0.6826169025356867, 153.86155371600282, 18.6673782822277
40.74074074074074, 0.6779436907309137, 0.6788913679701466, 153.6701686903402, 18.675138106352684
40.84084084084085, 0.6742453954920313, 0.6751828782594679, 153.4797426060249, 18.682871925622454
40.94094094094094, 0.6705639490311801, 0.6714913391651626, 153.2902695181818, 18.690579826213085
41.04104104104105, 0.6668992582576682, 0.6678166568181898, 153.10174349458902, 18.69826189406498
41.14114114114114, 0.6632512313967593, 0.6641587384938503, 152.9141586891468, 18.705918214278977
41.24124124124125, 0.6596197776403989, 0.6605174923936595, 152.72750932119658, 18.713548871286353
41.34134134134134, 0.6560048067720661, 0.6568928274110641, 152.54178965330814, 18.72115394903139
41.44144144144145, 0.652406229343302, 0.6532846520486452, 152.3569939582676, 18.728733531239783
41.54154154154154, 0.6488239567293099, 0.6496928768328217, 152.17311660907615, 18.736287700684755
41.64164164164164, 0.6452579010699211, 0.6461174126275426, 151.9901520153627, 18.743816539705666
41.74174174174174, 0.641707975266423, 0.6425581709464598, 151.80809463464132, 18.751320130116227
41.84184184184184, 0.6381740917784485, 0.6390150651357257, 151.6269389714432, 18.75879855320948
41.94194194194195, 0.6346561630017642, 0.6354880099750715, 151.44667957658805, 18.766251889764504
42.04204204204204, 0.6311541037584448, 0.6319769192165314, 151.26731104850495, 18.773680220040212
42.14214214214215, 0.6276678284913565, 0.628481708293415, 151.08882802941514, 18.781083623801468
42.24224224224224, 0.6241972520554865, 0.6250022935176384, 150.911225205005, 18.788462180323254
42.34234234234235, 0.6207423197121051, 0.6215385623751166, 150.73449731560126, 18.79581596830051
42.44244244244244, 0.6173029095305622, 0.6180904710943519, 150.558639154901, 18.803145065858967
42.54254254254254, 0.6138789551522209, 0.6146579216220003, 150.38364555813519, 18.81044955064008
42.64264264264264, 0.6104703742918003, 0.6112408330468557, 150.2095114024302, 18.81772949981728
42.74274274274274, 0.607077087348797, 0.607839123014759, 150.03623160679345, 18.824984990095345
42.84284284284285, 0.6036990143430053, 0.6044527108996472, 149.86380113574847, 18.83221609766852
42.94294294294294, 0.6003360764779114, 0.6010815172137928, 149.69221503213592, 18.839422897851257
43.04304304304305, 0.5969881944131035, 0.5977254618611065, 149.52146829991236, 18.846605466393918
43.14314314314314, 0.5936552908412231, 0.5943844667099739, 149.35155607773558, 18.853763877527932
43.24324324324325, 0.5903372875931198, 0.5910584528135118, 149.18247344771345, 18.860898206120588
43.34334334334334, 0.5870341085584518, 0.5877473432132861, 149.01421562820082, 18.868008525496844
43.44344344344345, 0.5837456771339145, 0.5844510605302793, 148.8467778067175, 18.875094909327245
43.54354354354354, 0.580471917876847, 0.5811695285453302, 148.68015524883003, 18.882157430395754
43.64364364364364, 0.5772127565053711, 0.57790267220653, 148.51434329810786, 18.889196160587765
43.74374374374375, 0.5739681183300044, 0.5746504160520544, 148.34933727072797, 18.89621117210421
43.84384384384384, 0.5707379286825458, 0.5714126846461818, 148.185132484539, 18.90320253713028
43.94394394394395, 0.5675221142100053, 0.5681894038880555, 148.02172434620616, 18.910170326828208
44.04404404404404, 0.5643206024414458, 0.5649805005758742, 147.85910832130875, 18.91711461164534
44.14414414414415, 0.5611333216368523, 0.5617859022483375, 147.69727992595617, 18.924035461503337
44.24424424424424, 0.5579602009032368, 0.5586055373064542, 147.53623473322875, 18.930932945652838
44.34434434434435, 0.5548011686218144, 0.5554393333833129, 147.3759682649616, 18.937807133883204
44.44444444444444, 0.5516561545152682, 0.5522872194862987, 147.21647613450915, 18.944658094951613
44.54454454454455, 0.5485250895979562, 0.5491491259454928, 147.05775404330623, 18.951485896620902
44.64464464464465, 0.5454079048733445, 0.5460249830719367, 146.8997976911687, 18.958290606645946
44.74474474474474, 0.5423045304530879, 0.5429147202776551, 146.74260271649874, 18.96507229342913
44.84484484484485, 0.539214898927535, 0.5398182694802843, 146.58616492626112, 18.971831023496502
44.94494494494494, 0.5361389427802981, 0.5367355624914674, 146.43048011957427, 18.978566863433723
45.04504504504505, 0.533076594559749, 0.533666531194338, 146.27554409907762, 18.985279879739302
45.14514514514514, 0.5300277875278026, 0.5306111081932146, 146.12135271564398, 18.99197013836323
45.24524524524525, 0.5269924556530914, 0.5275692268067643, 145.96790186790903, 18.99863770471183
45.34534534534534, 0.5239705332809261, 0.5245408207360167, 145.8151874792602, 19.00528264387515
45.44544544544545, 0.5209619552196414, 0.5215258241454658, 145.66320550282737, 19.011905020539196
45.545545545545544, 0.5179666568446726, 0.5185241717834961, 145.5119519315555, 19.018504898991583
45.64564564564565, 0.5149845740133486, 0.5155357988837911, 145.36142278995828, 19.0250823431169
45.74574574574575, 0.5120156430834906, 0.5125606411875484, 145.2116141359747, 19.031637416398702
45.845845845845844, 0.5090598008100434, 0.5095986348410445, 145.06252205236498, 19.03817018193799
45.94594594594595, 0.5061169845813359, 0.5066497166297622, 144.9141426663763, 19.044680702410975
46.046046046046044, 0.503187132239947, 0.5037138238008737, 144.7664721348322, 19.05116904010109
46.14614614614615, 0.5002701821288348, 0.5007908941089534, 144.61950664797203, 19.057635256890777
46.246246246246244, 0.49736607274499006, 0.4978808654307963, 144.47324240323286, 19.064079414484187
46.34634634634635, 0.49447474342641307, 0.49498367652942415, 144.32767565725334, 19.0705015739654
46.446446446446444, 0.4915961339295885, 0.4920992665841831, 144.1828026938886, 19.07690179607015
46.54654654654655, 0.48873018447053246, 0.48922757523639343, 144.03861982731766, 19.08328014115942
46.64664664664665, 0.48587683533034204, 0.4863685422752762, 143.89512337720737, 19.089636669454475
46.74674674674675, 0.4830360275390357, 0.48352210819578856, 143.7523097123073, 19.09597144062741
46.84684684684685, 0.4802077026908392, 0.4806882140479459, 143.61017523867406, 19.102284513911755
46.946946946946944, 0.47739180274732584, 0.47786680127623476, 143.46871638712165, 19.108575948220338
47.04704704704705, 0.47458826998360143, 0.4750578114093572, 143.32792960051833, 19.114845802266988
47.147147147147145, 0.47179704714987736, 0.47226118648127674, 143.18781135415608, 19.12109413437262
47.24724724724725, 0.4690180775813503, 0.4694768693175601, 143.04835816960312, 19.127321002333368
47.347347347347345, 0.46625130499723333, 0.4667048030116633, 142.9095665893677, 19.13352646366178
47.44744744744745, 0.46349667316000326, 0.46394493113473084, 142.77143317227237, 19.139710575628957
47.54754754754755, 0.4607541260057938, 0.46119719772459067, 142.63395449764315, 19.145873395225287
47.64764764764765, 0.4580236087076743, 0.4584615471959943, 142.49712719946905, 19.152014978840167
47.74774774774775, 0.45530506650145897, 0.45573792443973804, 142.36094792867925, 19.158135382615686
47.84784784784785, 0.4525984450416127, 0.4530262747926197, 142.22541336457726, 19.164234662339425
47.94794794794795, 0.44990369059609037, 0.45032654293289787, 142.09052018300596, 19.170312873744795
48.048048048048045, 0.4472207496694128, 0.44763867501706, 141.95626511793307, 19.17637007193001
48.14814814814815, 0.44454956920287175, 0.4449626175448618, 141.8226449287397, 19.182406311666714
48.248248248248245, 0.44189009659065054, 0.44229831726795343, 141.68965639758656, 19.188421647424825
48.34834834834835, 0.43924227943705496, 0.4396457213556318, 141.55729632672902, 19.194416133397798
48.44844844844845, 0.4366060649718675, 0.4370047774263535, 141.42556151918657, 19.200389823684887
48.54854854854855, 0.4339814020767735, 0.4343754334385141, 141.29444884574295, 19.2063427716595
48.64864864864865, 0.4313682395420532, 0.43175763778440773, 141.16395518730687, 19.212275030512576
48.74874874874875, 0.4287665265481588, 0.42915133926427285, 141.03407745083453, 19.218186653102492
48.84884884884885, 0.4261762124954721, 0.42655648663405, 140.90481254763964, 19.224077692162357
48.94894894894895, 0.4235972472341064, 0.42397302921584507, 140.7761574226717, 19.229948200020193
49.04904904904905, 0.4210295811133889, 0.42140091702938254, 140.64810906082084, 19.235798228538663
49.149149149149146, 0.4184731647948331, 0.4188401002951643, 140.52066446308856, 19.241627829342825
49.24924924924925, 0.4159279493119743, 0.41629052961146684, 140.39382065484182, 19.247437053741322
49.349349349349346, 0.4133938854801812, 0.4137521555277851, 140.26757465048448, 19.25322595306838
49.44944944944945, 0.4108709252483264, 0.41122492952174633, 140.14192353436783, 19.258994577900523
49.54954954954955, 0.408359020655577, 0.4087088032451357, 140.01686439834452, 19.264742978661126
49.64964964964965, 0.40585812410491745, 0.4062037287215829, 139.8923943581414, 19.270471205461885
49.74974974974975, 0.4033681882876855, 0.40370965807995524, 139.7685105415381, 19.276179308218783
49.84984984984985, 0.40088916619858483, 0.40122654360739374, 139.64521009071882, 19.28186733662903
49.94994994994995, 0.39842101135275454, 0.398754338516208, 139.52249019627646, 19.287535339837504
50.050050050050054, 0.39596367755293627, 0.3962929961212904, 139.40034806073908, 19.29318336679453
50.150150150150154, 0.39351711895939656, 0.39384247008714957, 139.2787809095233, 19.298811466148432
50.25025025025025, 0.3910812892199487, 0.3914027145683388, 139.15778596568305, 19.304419686495525
50.350350350350354, 0.38865614312440394, 0.38897368394240284, 139.0373604979305, 19.310008075904694
50.450450450450454, 0.38624163577513254, 0.3865553329437626, 138.91750179656137, 19.31557668215576
50.550550550550554, 0.3838377224652994, 0.3841476166833688, 138.79820716992057, 19.321125552774443
50.650650650650654, 0.3814443589957531, 0.3817504902973784, 138.6794739432817, 19.326654735043878
50.750750750750754, 0.37906150225180274, 0.3793639079048273, 138.561299442958, 19.332164276163184
50.850850850850854, 0.37668910830482294, 0.37698782603833636, 138.44368104859885, 19.33765422272553
50.950950950950954, 0.37432713402810586, 0.3746222007240075, 138.32661614867666, 19.343124621162374
51.051051051051054, 0.3719755366526068, 0.3722669882842589, 138.21010215272526, 19.348575517621367
51.15115115115115, 0.369634268745063, 0.36992215027293407, 138.09413648818048, 19.35400695799748
51.251251251251254, 0.36730329014813645, 0.36758764129379623, 137.9787165918561, 19.359418988019538
51.351351351351354, 0.3649825627258432, 0.3652634146542161, 137.86383992493506, 19.36481165310201
51.451451451451454, 0.3626720404771119, 0.362949432228179, 137.74950397116336, 19.370184998358905
51.551551551551555, 0.36037168327865415, 0.3606456506057324, 137.6357062330104, 19.375539068643462
51.651651651651655, 0.35808144963438604, 0.35835202832970403, 137.5224442314911, 19.380873908550644
51.751751751751755, 0.35580129848084197, 0.356068524073886, 137.40971550561085, 19.38618956242295
51.851851851851855, 0.3535311888131214, 0.35379509703318995, 137.29751761289168, 19.391486074344957
51.951951951951955, 0.3512710806570669, 0.3515317059591757, 137.18584812964968, 19.396763488140422
52.052052052052055, 0.349020933382676, 0.34927831083525757, 137.07470465058057, 19.402021847376542
52.152152152152155, 0.3467807075460405, 0.3470348710170086, 136.96408478815925, 19.40726119537023
52.252252252252255, 0.3445503629424914, 0.34480134717870775, 136.8539861726113, 19.412481575188345
52.352352352352355, 0.34232986059022186, 0.34257769932565335, 136.74440645179504, 19.417683029648984
52.452452452452455, 0.3401191615515324, 0.34036388797082373, 136.63534329114435, 19.422865601322073
52.552552552552555, 0.33791822694155127, 0.3381598741220572, 136.52679437351054, 19.428029332531008
52.652652652652655, 0.3357270181617033, 0.33596561904527833, 136.4187573990635, 19.433174265353713
52.752752752752755, 0.33354549714557474, 0.33378108401049705, 136.3112300850116, 19.438300441625564
52.852852852852855, 0.3313736257342225, 0.3316062308999246, 136.20421016502456, 19.44340790294546
52.952952952952955, 0.3292113663173387, 0.329441021604175, 136.09769539052584, 19.448496690662246
53.053053053053056, 0.32705868145402067, 0.3272854183582252, 135.99168352920796, 19.453566845890343
53.153153153153156, 0.32491553387365385, 0.3251393837298784, 135.88617236467147, 19.458618409513573
53.253253253253256, 0.3227818866886445, 0.3230028804702503, 135.78115969857822, 19.463651422162407
53.353353353353356, 0.32065770320340714, 0.32087587158498887, 135.67664334658664, 19.468665924257007
53.453453453453456, 0.31854294700203933, 0.3187583203659908, 135.57262114239523, 19.473661955964367
53.553553553553556, 0.31643758190822224, 0.3166501903565513, 135.46909093520742, 19.47863955722524
53.653653653653656, 0.3143415719657809, 0.31455144534476626, 135.36605058885158, 19.483598767763468
53.753753753753756, 0.31225488150595165, 0.3124620493908027, 135.26349798497566, 19.48853962705202
53.853853853853856, 0.3101774750980925, 0.31038196674646384, 135.1614310186705, 19.493462174359696
53.953953953953956, 0.30810931756286397, 0.3083111619448518, 135.05984760193562, 19.498366448714027
54.054054054054056, 0.3060503739286113, 0.30624959975735194, 134.9587456607614, 19.50325248893258
54.154154154154156, 0.30400060941403345, 0.30419724518322394, 134.85812313419467, 19.50812033363293
54.254254254254256, 0.30195998961278525, 0.30215406350182955, 134.75797798231537, 19.512970021147215
54.354354354354356, 0.2999284803121919, 0.30012002022572554, 134.65830817855078, 19.51780158960447
54.454454454454456, 0.29790604754624045, 0.29809508111437455, 134.55911171192224, 19.522615076906582
54.55455455455456, 0.2958926574448995, 0.29607921206403753, 134.4603865782812, 19.527410520823036
54.65465465465466, 0.2938882764388552, 0.29407237925738167, 134.362130792217, 19.532187958862146
54.75475475475476, 0.2918928713053929, 0.2920745491970083, 134.26434238972556, 19.53694742824221
54.85485485485486, 0.2899064089978626, 0.29008568858083644, 134.16701941829072, 19.541688965998766
54.95495495495496, 0.2879288567089792, 0.2881057643483591, 134.07015994056587, 19.546412608944763
55.05505505505506, 0.2859601815853073, 0.28613474341076683, 133.97376201574775, 19.551118393873693
55.155155155155164, 0.2840003513174255, 0.2841725932087864, 133.87782373807718, 19.55580635713976
55.25525525525526, 0.2820493337669372, 0.28221928136012125, 133.78234321250625, 19.560476534923186
55.35535535535536, 0.28010709700036923, 0.280274775691494, 133.68731855690964, 19.565128963206128
55.45545545545546, 0.278173609279189, 0.278339044224042, 133.59274790126676, 19.569763677781772
55.55555555555556, 0.2762488388530518, 0.27641205494788035, 133.49862937320395, 19.574380714412925
55.65565565565566, 0.2743327545474486, 0.27449377646285583, 133.40496113908668, 19.578980108381195
55.75575575575576, 0.2724253252779478, 0.27258417744889024, 133.31174137005212, 19.583561894859642
55.85585585585586, 0.27052652018230794, 0.2706832268100322, 133.2189682512475, 19.58812610881144
55.95595595595596, 0.26863630853309317, 0.26879089359702185, 133.1266399763335, 19.592672785050766
56.056056056056065, 0.26675465965757533, 0.2669071469363112, 133.03475474244595, 19.597201958298584
56.15615615615616, 0.2648815434453894, 0.2650319564799234, 132.94331078212775, 19.60171366282896
56.256256256256265, 0.263016929839401, 0.2631652919542848, 132.8523063313041, 19.606207932823793
56.35635635635636, 0.2611607890003425, 0.2613071233061176, 132.76173963963822, 19.6106848022581
56.45645645645646, 0.25931309115779505, 0.2594574204873022, 132.67160895844694, 19.61514430503587
56.55655655655656, 0.25747380685066623, 0.25761615380469277, 132.58191256028806, 19.61958647476982
56.65665665665666, 0.2556429068784615, 0.2557832938504473, 132.4926487350307, 19.624011344825554
56.75675675675676, 0.2538203621938871, 0.2539588113472595, 132.40381578115554, 19.628418948419363
56.85685685685686, 0.25200614394864546, 0.2521426772157932, 132.31541200951145, 19.632809318575955
56.956956956956965, 0.2502002234909673, 0.25033486257211124, 132.22743574314768, 19.637182488130364
57.05705705705706, 0.24840257216006156, 0.24853533882563017, 132.13988531377905, 19.64153848976855
57.157157157157165, 0.24661316164474192, 0.24674407749780347, 132.0527590676051, 19.64587735596035
57.25725725725726, 0.24483196385404252, 0.24496105028237503, 131.96605536303792, 19.650199118985547
57.357357357357365, 0.2430589508187284, 0.2431862290903372, 131.87977256894234, 19.654503810954093
57.45745745745746, 0.24129409474108726, 0.2414195860214915, 131.79390906533467, 19.658791463797996
57.55755755755756, 0.23953736799159495, 0.23966109336230398, 131.70846324320044, 19.66306210927337
57.65765765765766, 0.23778874382894957, 0.23791072319417297, 131.6234335156281, 19.667315778841992
57.75775775775776, 0.23604819502607643, 0.23616844812949286, 131.53881829618538, 19.671552503901584
57.85785785785786, 0.23431569451395054, 0.23443424096096763, 131.45461600886054, 19.675772315680067
57.95795795795796, 0.23259121556441859, 0.23270807455920658, 131.3708250907925, 19.679975245206627
58.058058058058066, 0.23087473164272226, 0.2309899219482146, 131.28744398983372, 19.68416132333773
58.15815815815816, 0.22916621640701565, 0.22927975630171235, 131.20447116441267, 19.688330580758677
58.258258258258266, 0.22746564291659346, 0.22757755201130062, 131.12190509275513, 19.6924830478825
58.35835835835836, 0.22577298500497608, 0.22588328282221348, 131.03974425650108, 19.696618755029725
58.45845845845846, 0.22408821661756598, 0.22419692272616296, 130.95798714839506, 19.700737732344102
58.558558558558566, 0.2224113116940856, 0.22251844611625224, 130.87663227353352, 19.704840009778913
58.65865865865866, 0.22074224466396705, 0.22084782724368807, 130.7956781477756, 19.708925617114577
58.75875875875876, 0.2190809910931284, 0.21918503955579027, 130.71512329724925, 19.71299458396427
58.858858858858866, 0.21742752564484144, 0.21753005777714665, 130.63496625971632, 19.71704693975851
58.958958958958966, 0.21578182374154375, 0.21588285621096204, 130.555205583376, 19.721082713758747
59.05905905905906, 0.21414385992064222, 0.2142434103393818, 130.47583982540525, 19.72510193507394
59.15915915915916, 0.2125136092801471, 0.21261169543427366, 130.39686755383124, 19.729104632639363
59.25925925925927, 0.21089104708143808, 0.21098768693528663, 130.318287346897, 19.733090835223834
59.35935935935937, 0.20927614927131957, 0.20937135993443723, 130.24009779328895, 19.737060571427325
59.45945945945946, 0.20766889139299777, 0.20776269023395044, 130.16229749109615, 19.741013869692576
59.55955955955956, 0.20606924917291167, 0.2061616537720131, 130.08488504823353, 19.744950758300465
59.65965965965967, 0.20447719909633244, 0.2045682260938499, 130.00785908399806, 19.74887126535253
59.75975975975976, 0.2028927174408172, 0.20298238323455306, 129.93121822628333, 19.75277541880235
59.85985985985986, 0.2013157808511789, 0.2014041011938815, 129.85496111323624, 19.756663246436986
59.95995995995997, 0.1997463655156731, 0.19983335675675146, 129.77908639309524, 19.760534775878774
60.06006006006007, 0.19818444836747412, 0.19827012627406862, 129.70359272369183, 19.7643900345911
60.16016016016016, 0.19663000625931465, 0.19671438649487827, 129.62847877263403, 19.768229049876314
60.26026026026026, 0.19508301588463323, 0.19516611462143255, 129.55374321664894, 19.772051848883564
60.36036036036037, 0.19354345421703198, 0.19362528790451505, 129.4793847425245, 19.775858458597657
60.46046046046047, 0.19201129842239448, 0.19209188370297897, 129.40540204630642, 19.779648905848592
60.56056056056056, 0.19048652685123563, 0.19056587848880263, 129.33179383313174, 19.783423217313533
60.66066066066066, 0.18896911715176584, 0.1890472497441996, 129.25855881767473, 19.7871814195116
60.76076076076077, 0.18745904725706353, 0.18753597496586297, 129.18569572375796, 19.79092353880846
60.86086086086086, 0.18595629432441002, 0.18603203273079658, 129.1132032844742, 19.7946496014149
60.96096096096096, 0.18446083658297288, 0.18453540083311332, 129.04108024183643, 19.798359633391048
61.06106106106107, 0.18297265228494927, 0.18304605733974488, 128.9693253470171, 19.802053660643544
61.16116116116117, 0.18149172033681663, 0.18156397995393692, 128.8979373603325, 19.80573170892585
61.26126126126126, 0.18001801923660063, 0.18008914707844126, 128.82691505083503, 19.809393803842934
61.36136136136136, 0.1785515274586879, 0.1786215374353595, 128.75625719655736, 19.813039970848624
61.46146146146147, 0.17709222315489648, 0.17716113036536907, 128.68596258439237, 19.81667023524708
61.56156156156157, 0.17564008504494014, 0.17570790491836522, 128.61603000997448, 19.82028462219401
61.66166166166166, 0.17419509394924282, 0.1742618383264742, 128.54645827766626, 19.82388315669704
61.76176176176177, 0.17275722783915465, 0.172822910938343, 128.47724620043198, 19.827465863617327
61.86186186186187, 0.17132646650218578, 0.17139110158905868, 128.4083925998334, 19.83103276766956
61.96196196196196, 0.16990278935143566, 0.1699663897728348, 128.33989630637254, 19.83458389341587
62.06206206206206, 0.16848617599710605, 0.16854875506013328, 128.27175615903448, 19.83811926527341
62.16216216216217, 0.16707660628572818, 0.16713817703619807, 128.20397100445737, 19.841638907528264
62.26226226226227, 0.16567406015101302, 0.16573463556250528, 128.13653970040525, 19.845142844275745
62.36236236236236, 0.16427851775824623, 0.16433811064030504, 128.06946111603116, 19.84863109941595
62.46246246246246, 0.16288995909846424, 0.16294858216523886, 128.00273411190406, 19.85210369699583
62.56256256256257, 0.16150836475757188, 0.16156603056782973, 127.93635758322431, 19.855560660466782
62.66266266266267, 0.16013371484422437, 0.16019043583990666, 127.87033039711548, 19.85900201376313
62.76276276276276, 0.15876599031867206, 0.15882177881356452, 127.8046514725451, 19.862427779924776
62.86286286286287, 0.15740517150606245, 0.15746003968639577, 127.73931968957827, 19.86583798266312
62.96296296296297, 0.15605123962826706, 0.1561051995607308, 127.67433398347195, 19.8692326447347
63.06306306306306, 0.15470417532493005, 0.1547572389501367, 127.60969325360824, 19.872611789517048
63.16316316316316, 0.15336396011080472, 0.1534161392486058, 127.54539645315212, 19.875975439453406
63.26326326326327, 0.15203057499295344, 0.15208188134009598, 127.48144250408936, 19.87932361752918
63.36336336336337, 0.1507040011434466, 0.15075444627523307, 127.41783033856706, 19.882656346553755
63.46346346346346, 0.14938422000962007, 0.14943381538215797, 127.35455890566679, 19.885973649042302
63.56356356356356, 0.14807121324285166, 0.1481199701962859, 127.29162716704707, 19.88927554727714
63.66366366366367, 0.14676496264505204, 0.14681289240362982, 127.22903409361871, 19.892562063396742
63.76376376376377, 0.14546545020785356, 0.14551256388230924, 127.16677866797974, 19.895833219330548
63.86386386386386, 0.14417265797825124, 0.14421896656458402, 127.10485987608969, 19.899089036946354
63.96396396396397, 0.14288656774712089, 0.14293208211780656, 127.04327668797234, 19.902329538378087
64.06406406406407, 0.1416071620584408, 0.1416518929781585, 126.98202812024007, 19.905554744963787
64.16416416416416, 0.14033442338694044, 0.14037838150832369, 126.92111318514672, 19.908764678111016
64.26426426426426, 0.1390683341473145, 0.1391115300114421, 126.8605308913172, 19.911959359284353
64.36436436436438, 0.1378088767549599, 0.1378513207920044, 126.80028024746399, 19.915138809942327
64.46446446446447, 0.1365560340981457, 0.13659773662924501, 126.74036029127926, 19.918303051046763
64.56456456456456, 0.13530978904322857, 0.13535076028107568, 126.68077005915892, 19.921452103576907
64.66466466466467, 0.1340701244705818, 0.13411037452032823, 126.62150858845015, 19.92458598848611
64.76476476476478, 0.13283702341954615, 0.1328765622797844, 126.5625749262551, 19.92770472655926
64.86486486486487, 0.1316104690946949, 0.13164930665844438, 126.50396812981137, 19.930808338406628
64.96496496496496, 0.13039044478288767, 0.1304285908385352, 126.44568726145428, 19.933896844545455
65.06506506506507, 0.12917693390448376, 0.12921439813453037, 126.38773139179654, 19.936970265331986
65.16516516516516, 0.12796991997204568, 0.12800671195638177, 126.33009959707823, 19.940028621038103
65.26526526526527, 0.1267693866166642, 0.1268055158329581, 126.27279096085614, 19.94307193180246
65.36536536536536, 0.12557531758501414, 0.12561079340942335, 126.21580457381481, 19.946100217635987
65.46546546546547, 0.12438769674197736, 0.12442252845172021, 126.15913953406869, 19.949113498411382
65.56556556556556, 0.12320650806984988, 0.1232407048454547, 126.10279494708575, 19.95211179386567
65.66566566566567, 0.12203173565653501, 0.12206530657928724, 126.04676992454998, 19.955095123638007
65.76576576576578, 0.12086336370810334, 0.1208963177626011, 125.99106358557137, 19.95806350722945
65.86586586586587, 0.11970137654504454, 0.11973372262022938, 125.93567505632488, 19.961016964014984
65.96596596596596, 0.11854575855249738, 0.11857750541346539, 125.88060346647947, 19.963955513290205
66.06606606606607, 0.11739649428630033, 0.1174276506083759, 125.82584795680711, 19.966879174171815
66.16616616616618, 0.11625356839878366, 0.11628414275802537, 125.77140767385848, 19.969787965667244
66.26626626626627, 0.11511696565312235, 0.11514696652525548, 125.7172817709927, 19.972681906661194
66.36636636636636, 0.11398667085092007, 0.11401610667416953, 125.66346940606986, 19.97556101595109
66.46646646646647, 0.1128626688721837, 0.11289154807636441, 125.60996974276632, 19.978425312227042
66.56656656656658, 0.11174494482896752, 0.1117732757348813, 125.55678195563029, 19.981274813994816
66.66666666666667, 0.11063348388460563, 0.11066127475602638, 125.50390522413379, 19.98410953966647
66.76676676676676, 0.1095282713093454, 0.10955553035804379, 125.45133873450327, 19.986929507532455
66.86686686686687, 0.10842929286031266, 0.10845602727784065, 125.3990816738739, 19.98973473585334
66.96696696696698, 0.10733653394339492, 0.10736275107961643, 125.34713324318376, 19.99252524265748
67.06706706706707, 0.1062499802437746, 0.10627568717035199, 125.29549264747331, 19.995301045893235
67.16716716716716, 0.10516961756715759, 0.10519482104771528, 125.24415909832793, 19.998062163390653
67.26726726726727, 0.1040954290390589, 0.10412014109169347, 125.19313181355328, 20.00080861286594
67.36736736736736, 0.10302740254721801, 0.10305163091198404, 125.14241001129692, 20.003540412042533
67.46746746746747, 0.10196552426747109, 0.10198927418050514, 125.0919928658781, 20.006257579678426
67.56756756756758, 0.10090978012678962, 0.10093305893945193, 125.04187966497635, 20.008960131981144
67.66766766766767, 0.09986015762811895, 0.09988297260965656, 124.99206972315108, 20.011648084581694
67.76776776776777, 0.09881664246380116, 0.09883900079314775, 124.94256225640063, 20.014321455382643
67.86786786786787, 0.09777922027670387, 0.09780112905810956, 124.89335647924571, 20.01698026234734
67.96796796796798, 0.09674787757232643, 0.09676934380599854, 124.84445165347964, 20.01962452239261
68.06806806806807, 0.09572260100429635, 0.09574363165823227, 124.79584705168347, 20.02225425221407
68.16816816816817, 0.09470337730859799, 0.09472397922813774, 124.74754194931772, 20.024869468470943
68.26826826826826, 0.09369019326823524, 0.0937103732331048, 124.69953562670676, 20.027470187737535
68.36836836836838, 0.09268303575129326, 0.09270280046466968, 124.65182736929684, 20.03005642649802
68.46846846846847, 0.09168189173969911, 0.09170124781926021, 124.60441646954672, 20.032628201112214
68.56856856856857, 0.09068674831429853, 0.09070570230967803, 124.55730222671832, 20.035185527815738
68.66866866866867, 0.08969759254176111, 0.08971615091908633, 124.5104839387643, 20.03772842287081
68.76876876876878, 0.088714411687437, 0.08873258084464025, 124.4639609165822, 20.040256902297788
68.86886886886887, 0.08773719310755754, 0.08775497935757332, 124.41773247655057, 20.04277098202778
68.96896896896897, 0.08676592424068325, 0.08678333382313567, 124.37179794056892, 20.045270677886656
69.06906906906907, 0.08580059261383172, 0.08581763170036878, 124.326156636313, 20.04775600559374
69.16916916916917, 0.0848411858908201, 0.08485786057486432, 124.28080789993808, 20.05022698071918
69.26926926926927, 0.08388769175048895, 0.0839040080505727, 124.2357510686989, 20.052683618808825
69.36936936936938, 0.08294009802873344, 0.08295606188909103, 124.19098548984906, 20.055125935229732
69.46946946946947, 0.08199839260390862, 0.08201400990484876, 124.14651051387425, 20.057553945290678
69.56956956956957, 0.08106256345676638, 0.08107784001213104, 124.10232549767767, 20.05996766418368
69.66966966966967, 0.08013259866612182, 0.08014754021313338, 124.05842980432179, 20.062367106991335
69.76976976976978, 0.07920848639990612, 0.07922309859629284, 124.0148228026163, 20.064752288693374
69.86986986986987, 0.0782902149019532, 0.07830450334430655, 123.97150386656446, 20.06712322417236
69.96996996996997, 0.07737777250985163, 0.0773917427270485, 123.92847237613073, 20.069479928204572
70.07007007007007, 0.07647114765471302, 0.07648480510676589, 123.88572771776388, 20.071822415453962
70.17017017017018, 0.07557032885646328, 0.07558367893523753, 123.8432692837027, 20.074150700480242
70.27027027027027, 0.07467530471872635, 0.0746883527506867, 123.80109647122141, 20.076464797747676
70.37037037037037, 0.07378606393644004, 0.07379881518237655, 123.75920868375287, 20.078764721611986
70.47047047047047, 0.07290259528361022, 0.0729150549366546, 123.71760533059954, 20.08105048633088
70.57057057057058, 0.07202488762555231, 0.07203706081253033, 123.67628582684651, 20.083322106056144
70.67067067067067, 0.07115292992193814, 0.07116482170555291, 123.6352495933397, 20.085579594831668
70.77077077077077, 0.07028671121714912, 0.07029832659553487, 123.59449605675462, 20.087822966599692
70.87087087087087, 0.06942622061682921, 0.06943756452668666, 123.55402464896916, 20.090052235220366
70.97097097097098, 0.06857144732829108, 0.06858252464403519, 123.51383480797043, 20.092267414438993
71.07107107107107, 0.06772238065412219, 0.06773319618766081, 123.47392597771122, 20.094468517891205
71.17117117117117, 0.06687900997664355, 0.06688956847868993, 123.43429760776127, 20.096655559115582
71.27127127127127, 0.0660413247374683, 0.0660516308930234, 123.39494915279721, 20.098828551574666
71.37137137137137, 0.06520931448053523, 0.0652193729126139, 123.35588007364998, 20.100987508612985
71.47147147147147, 0.06438296884255763, 0.06439278411408506, 123.31708983707236, 20.103132443466357
71.57157157157158, 0.06356227753710494, 0.06357185414976368, 123.27857791535148, 20.10526336927745
71.67167167167167, 0.06274723031932973, 0.06275657272152285, 123.24034378616584, 20.10738029912251
71.77177177177177, 0.061937817075650776, 0.061946929654821375, 123.20238693328857, 20.109483245939714
71.87187187187187, 0.0611340277656042, 0.061142914850446206, 123.16470684612014, 20.11157222257575
71.97197197197198, 0.06033585242596201, 0.06034451828776684, 123.127303019714, 20.113647241782584
72.07207207207207, 0.05954328117453987, 0.05955173002773281, 123.0901749547999, 20.11570831621451
72.17217217217217, 0.058756304207955246, 0.05876454021046046, 123.0533221579011, 20.117755458430032
72.27227227227228, 0.057974911789981445, 0.05798293904273044, 123.01674414218414, 20.119788680901337
72.37237237237238, 0.057199094281716906, 0.05720691683034663, 122.98044042505123, 20.12180799598996
72.47247247247248, 0.05642884211511771, 0.056436463949732535, 122.94441053014468, 20.12381341596828
72.57257257257257, 0.055664145799514626, 0.05567157085491496, 122.90865398678179, 20.12580495301429
72.67267267267268, 0.054904995920970846, 0.054912228076826886, 122.87317032994744, 20.12778261921221
72.77277277277278, 0.05415138315566793, 0.05415842623880484, 122.83795910128336, 20.129746426539086
72.87287287287288, 0.05340329826763727, 0.05341015605401445, 122.8030198489651, 20.13169638686699
72.97297297297297, 0.05266073206425037, 0.05266740827411111, 122.76835212457813, 20.133632512007345
73.07307307307308, 0.051923675443567914, 0.051930173743945714, 122.73395548651989, 20.13555481366366
73.17317317317318, 0.05119211937913272, 0.051198443384053334, 122.6998294989577, 20.13746330344665
73.27327327327328, 0.050466054919468366, 0.05047220819011876, 122.66597373183129, 20.139357992874686
73.37337337337338, 0.049745473217080935, 0.04975145927162462, 122.6323877628265, 20.141238893343477
73.47347347347348, 0.049030365482763086, 0.04903618779129426, 122.59907117435856, 20.143106016173636
73.57357357357357, 0.04832072298804868, 0.04832638496848319, 122.56602355377197, 20.144959372608046
73.67367367367368, 0.047616537090289256, 0.04762204211261398, 122.53324449505214, 20.146798973785646
73.77377377377378, 0.046917799221630474, 0.04692315060866732, 122.50073359812494, 20.148624830752834
73.87387387387388, 0.04622450088867556, 0.04622970191686621, 122.4684904688702, 20.150436954463757
73.97397397397397, 0.045536633715201016, 0.04554168756667864, 122.43651472160273, 20.152235355765303
74.07407407407409, 0.04485418934930549, 0.04485909916870841, 122.40480597378402, 20.154020045430215
74.17417417417418, 0.04417715952809426, 0.04418192840579999, 122.37336384976203, 20.155791034134285
74.27427427427428, 0.04350553606652309, 0.0435101670341494, 122.3421879801648, 20.157548332460475
74.37437437437437, 0.042839310854581626, 0.04284380688331554, 122.31127800177191, 20.15929195090007
74.47447447447448, 0.04217847584258241, 0.04218283986857567, 122.28063355792298, 20.161021899853832
74.57457457457458, 0.041523022981279765, 0.041527258042737346, 122.2502543001256, 20.162738189636134
74.67467467467468, 0.040872944406803946, 0.04087705343410627, 122.22013988316213, 20.164440830463104
74.77477477477477, 0.04022823228036701, 0.04023221818600738, 122.19028996936427, 20.16612983246329
74.87487487487488, 0.039588878832595854, 0.03959274451756631, 122.16070422745345, 20.16780520567497
74.97497497497498, 0.038954876363007124, 0.03895862472367465, 122.13138233257271, 20.169466960046382
75.07507507507508, 0.038326217299955015, 0.03832985111125216, 122.10232396726674, 20.171115105437206
75.17517517517518, 0.03770289419030451, 0.037706416009536815, 122.07352882135989, 20.172749651618574
75.27527527527528, 0.03708489954564335, 0.03708831193149517, 122.04499658958461, 20.174370608270294
75.37537537537538, 0.03647222600564743, 0.03647553140114572, 122.01672697418327, 20.175977984984318
75.47547547547548, 0.035864866290424235, 0.03586806700317195, 121.98871968420079, 20.177571791264096
75.57557557557558, 0.03526281302216585, 0.03526591156669609, 121.96097443652408, 20.179152036522122
75.67567567567568, 0.0346660589782084, 0.03466905790306384, 121.93349095453898, 20.180718730083996
75.77577577577577, 0.03407459701063291, 0.03407749888835844, 121.90626896862861, 20.182271881187475
75.87587587587588, 0.033488420016406464, 0.03349122749489072, 121.87930821657035, 20.18381149898174
75.97597597597598, 0.032907521209693306, 0.03291023652068351, 121.85260844377089, 20.185337592526555
76.07607607607608, 0.032331893680755376, 0.032334519024493524, 121.826169402797, 20.18685017079501
76.17617617617617, 0.031761530656096035, 0.031764068068853464, 121.79999085386214, 20.18834924267207
76.27627627627629, 0.031196425201766263, 0.031198877014128844, 121.77407256499134, 20.189834816955855
76.37637637637638, 0.030636570674931984, 0.030638939069266048, 121.74841431179873, 20.1913069023564
76.47647647647648, 0.030081960426536578, 0.0300842475863261, 121.72301587788668, 20.19276550749695
76.57657657657657, 0.029532587925612638, 0.02953479593453628, 121.69787705516495, 20.194210640914477
76.67667667667668, 0.028988446639201356, 0.028990577623436573, 121.67299764336991, 20.195642311058702
76.77677677677679, 0.028449530139465627, 0.02845158619322574, 121.64837745074716, 20.19706052629304
76.87687687687688, 0.02791583212750853, 0.027917815191954663, 121.62401629434615, 20.198465294894376
76.97697697697699, 0.027387346322124966, 0.02738925828400317, 121.59991399944026, 20.199856625053798
77.07707707707708, 0.026864066489615864, 0.026865909222585197, 121.57607040038043, 20.201234524876117
77.17717717717719, 0.02634598637091331, 0.026347761922784166, 121.55248534078969, 20.20259900237988
77.27727727727728, 0.02583309985966994, 0.025834810279737306, 121.52915867309287, 20.20395006549845
77.37737737737739, 0.02532540122036471, 0.025327047950610148, 121.50609025922805, 20.20528772207938
77.47747747747748, 0.024822884240820187, 0.024824469197096397, 121.48327997109163, 20.206611979884425
77.57757757757759, 0.024325543114346634, 0.024327068019264732, 121.46072769037364, 20.207922846590165
77.67767767767768, 0.023833372004063748, 0.02383483857965444, 121.4384333090237, 20.20922032978622
77.77777777777779, 0.023346365156063236, 0.02334777508950945, 121.4163967293974, 20.210504436976976
77.87787787787788, 0.022864516872732766, 0.022865871831768008, 121.39461786413311, 20.21177517558498
77.97797797797797, 0.022387821558764693, 0.022389123162912798, 121.37309664045452, 20.213032552919994
78.0780780780781, 0.021916273640723485, 0.02191752347694328, 121.35183299083795, 20.214276576253415
78.17817817817819, 0.021449867617046425, 0.021451067236708334, 121.33082685991525, 20.21550725276606
78.27827827827828, 0.020988598068677953, 0.02098974899608187, 121.31007820791757, 20.21672458952673
78.37837837837837, 0.02053245962763242, 0.020533563353466264, 121.28958700429122, 20.217928593542506
78.4784784784785, 0.020081446990470927, 0.020082504974134174, 121.26935323111705, 20.219119271735597
78.57857857857859, 0.019635554942057695, 0.019636568615413002, 121.24937688848739, 20.220296630911626
78.67867867867868, 0.01919477825285849, 0.01919574901652362, 121.22965797251351, 20.22146067789734
78.77877877877879, 0.01875911182224854, 0.01876004104697748, 121.21019650952543, 20.22261141935027
78.87887887887888, 0.018328550636190512, 0.018329439661643646, 121.1909925388041, 20.223748861818
78.97897897897899, 0.0179030897277666, 0.017903939864506706, 121.17204611407509, 20.22487301178498
79.07907907907908, 0.017482724174099115, 0.017483536705508756, 121.15335730213258, 20.22598387567684
79.17917917917919, 0.01706744917622515, 0.017068225356244717, 121.13492619139858, 20.227081459760715
79.27927927927928, 0.016657259912385026, 0.0166580009682263, 121.11675287894546, 20.22816577033033
79.37937937937939, 0.016252151688430604, 0.01625285881991711, 121.0988374819586, 20.229236813514987
79.47947947947948, 0.015852119845199616, 0.015852794222419312, 121.08118013543421, 20.230294595398735
79.57957957957959, 0.015457159783663198, 0.015457802546419623, 121.063780991084, 20.231339121987517
79.67967967967968, 0.015067266973311177, 0.015067879235067711, 121.04664021832681, 20.2323703991957
79.77977977977979, 0.014682436948085973, 0.01468301980505018, 121.02975801844528, 20.233388432845977
79.8798798798799, 0.01430266529666775, 0.014303219816793028, 121.01313459368305, 20.23439322869845
79.97997997997999, 0.013927947672344142, 0.013928474899595726, 120.99677017091872, 20.235384792425386
80.08008008008008, 0.013558279813267722, 0.0135587807565964, 120.9806650283903, 20.236363129592235
80.18018018018017, 0.013193657497211258, 0.013194133142371922, 120.96481943070248, 20.23732824570801
80.2802802802803, 0.012834076572782044, 0.012834527878391634, 120.94923367366512, 20.238280146190526
80.38038038038039, 0.012479532948887003, 0.012479960856785297, 120.93390810897449, 20.239218836368785
80.48048048048048, 0.012130022599713288, 0.012130428028206781, 120.91884308665296, 20.24014432149262
80.58058058058057, 0.011785541562539227, 0.011785925407168557, 120.90403898034896, 20.241056606728463
80.6806806806807, 0.011446085940735557, 0.011446449061467483, 120.88949622056572, 20.241955697161853
80.78078078078079, 0.011111651900669586, 0.011111995123074633, 120.87521526075436, 20.242841597794815
80.88088088088088, 0.010782235670159861, 0.010782559793419612, 120.86119656352248, 20.243714313544423
80.98098098098099, 0.010457833526710893, 0.010458139342890325, 120.84744065098555, 20.244573849247647
81.08108108108108, 0.010138441795544299, 0.010138730114859376, 120.83394809751873, 20.245420209660534
81.18118118118119, 0.009824056888077524, 0.009824328499893245, 120.82071946967973, 20.24625339945311
81.28128128128128, 0.009514675275901623, 0.009514930948614804, 120.80775539659675, 20.247073423214335
81.38138138138139, 0.009210293525732436, 0.00921053393577764, 120.79505659662905, 20.24788028545156
81.48148148148148, 0.008910908227392912, 0.008911134044030662, 120.78262375914093, 20.24867399058847
81.58158158158159, 0.0086165160466177, 0.008616727902037382, 120.77045763925179, 20.249454542966514
81.6816816816817, 0.008327113671404446, 0.008327312237753853, 120.75855912869423, 20.250221946842647
81.78178178178179, 0.008042697893769669, 0.008042883802051039, 120.74692906397871, 20.250976206393233
81.88188188188188, 0.007763265552911433, 0.007763439421812861, 120.73556835975863, 20.251717325711322
81.98198198198199, 0.007488813562776037, 0.007488975972266673, 120.72447809020191, 20.2524453088044
82.0820820820821, 0.007219338888740058, 0.007219490401980828, 120.71365929879339, 20.253160159599247
82.18218218218219, 0.006954838558962645, 0.0069549797206949655, 120.70311309093096, 20.25386188193959
82.28228228228228, 0.006695309660194457, 0.006695441003182344, 120.69284076172114, 20.25455047958313
82.38238238238237, 0.006440749342420823, 0.006440871385060788, 120.68284363120087, 20.255225956205386
82.4824824824825, 0.006191154819631318, 0.006191268062072404, 120.67312302370014, 20.25588831540014
82.58258258258259, 0.0059465233664368, 0.005946628293354161, 120.66368039686658, 20.25653756067647
82.68268268268268, 0.005706852321916939, 0.0057069493987048706, 120.65451755827212, 20.257173695453826
82.78278278278279, 0.00547213908365843, 0.005472228762120708, 120.64563607243832, 20.257796723075575
82.8828828828829, 0.005242381112181924, 0.005242463829170168, 120.63703770113412, 20.258406646798946
82.98298298298299, 0.005017575937685159, 0.005017652102095747, 120.62872453195496, 20.25900346979193
83.08308308308308, 0.0047977211532019325, 0.004797791144654066, 120.62069877003489, 20.259587195138185
83.18318318318319, 0.004582814407173814, 0.00458287858737138, 120.61296251188026, 20.260157825842327
83.28328328328328, 0.004372853413428701, 0.004372912120947169, 120.60551808722083, 20.260715364821916
83.38338338338339, 0.00416783592508769, 0.0041678895310930325, 120.59836860949606, 20.26125981489489
83.48348348348348, 0.003967759782449824, 0.003967808630232294, 120.59151660715644, 20.26179117881096
83.58358358358359, 0.003772622878716729, 0.0037726673063887264, 120.5849650033633, 20.262309459229158
83.68368368368368, 0.0035824231802533634, 0.003582463504161386, 120.57871716259925, 20.262814658717037
83.78378378378379, 0.0033971587273352332, 0.0033971952242828735, 120.57277690888132, 20.26330677975032
83.8838838838839, 0.003216827607005269, 0.003216860539655771, 120.5671478643166, 20.263785824727325
83.98398398398399, 0.0030414279695740367, 0.003041457595154989, 120.56183444067979, 20.26425179594857
84.08408408408408, 0.0028709580281493048, 0.002870984600414131, 120.55684136557018, 20.26470469562617
84.18418418418419, 0.002705416064129316, 0.002705439819542513, 120.552173381884, 20.265144525889397
84.2842842842843, 0.0025448004245219764, 0.002544821590032525, 120.54783639792377, 20.26557128876582
84.38438438438439, 0.002389109517855602, 0.002389128312106571, 120.54383638840113, 20.265984986198397
84.48448448448448, 0.0022383418154000726, 0.0022383584499789002, 120.5401795839622, 20.26638562004261
84.58458458458459, 0.002092495871148945, 0.0020925105348790873, 120.53687384029938, 20.266773192043257
84.6846846846847, 0.0019515702952018423, 0.0019515831624647023, 120.53392695590365, 20.267147703863408
84.78478478478479, 0.0018155637647820552, 0.0018155750002230946, 120.53134807807757, 20.267509157064975
84.88488488488488, 0.0016844750237484528, 0.0016844847851410908, 120.52914741731927, 20.26785755311196
84.98498498498499, 0.0015583028849426666, 0.0015583113186556207, 120.5273358855898, 20.26819289337419
85.08508508508508, 0.0014370462324490318, 0.001437053478672803, 120.52592676205687, 20.26851517911109
85.18518518518519, 0.0013207040139922217, 0.001320710206016188, 120.52493332972051, 20.268824411494723
85.28528528528528, 0.00120927526502116, 0.0012092805183356366, 120.52437238634575, 20.26912059157232
85.38538538538539, 0.0011027590849056054, 0.0011027635027644827, 120.52426173438035, 20.2694037202956
85.48548548548548, 0.0010011546448047094, 0.0010011583304648129, 120.5246230740519, 20.269673798497674
85.58558558558559, 0.0009044611927885272, 0.0009044642426181673, 120.5254802344629, 20.26993082690391
85.6856856856857, 0.000812678057043126, 0.0008126805620382381, 120.52686190567348, 20.270174806115865
85.78578578578579, 0.0007258046463079354, 0.0007258066845144566, 120.52880029156043, 20.27040573661989
85.88588588588588, 0.0006438404622643119, 0.0006438420856754231, 120.5313344220574, 20.27062361876783
85.98598598598599, 0.000566785069770303, 0.0005667863508868761, 120.53451075442028, 20.270828452777145
86.0860860860861, 0.0004946381407732416, 0.0004946391393619205, 120.53838538087147, 20.271020238722706
86.18618618618619, 0.00042739944275799007, 0.00042740020382795943, 120.54302675243815, 20.271198976528428
86.28628628628628, 0.00036506883643306405, 0.00036506940339813487, 120.54851934957551, 20.271364665956877
86.38638638638639, 0.00030764628846422545, 0.0003076467033801438, 120.5549684391039, 20.271517306596838
86.4864864864865, 0.00025513188586633034, 0.00025513218357337876, 120.56251032682913, 20.271656897840632
86.58658658658659, 0.00020752584719254744, 0.0002075260464713679, 120.57132271263758, 20.271783438865004
86.68668668668668, 0.00016482851902213395, 0.0001648286507542226, 120.58164531762012, 20.27189692860111
86.78678678678679, 0.00012704042097488443, 0.0001270405042603211, 120.59381296645485, 20.271997365696244
86.8868868868869, 9.416225947831161e-05, 9.416230744475834e-05, 120.60831109181088, 20.272084748457115
86.98698698698699, 6.619496476648263e-05, 6.619499037312064e-05, 120.62588223279809, 20.272159074776734
87.08708708708708, 4.313976404931135e-05, 4.3139775879839e-05, 120.64775431877733, 20.272220341997006
87.18718718718719, 2.4998275461261714e-05, 2.499827988280183e-05, 120.67616940162358, 20.272268546716433
87.28728728728728, 1.1772705082813055e-05, 1.1772706384104176e-05, 120.71595600534752, 20.272303684399258
87.38738738738739, 3.466280775121424e-06, 3.466280962654325e-06, 120.78121238741525, 20.272325748511786
87.4874874874875, 8.472279227026639e-08, 8.472281299947891e-08, 120.98054944315066, 20.272334727591318
87.58758758758759, nan, nan, nan, nan
87.68768768768768, nan, nan, nan, nan
87.78778778778779, 0.0, 0.0, 0.0, 9.345867017425795e-301
87.8878878878879, 6.519857115e-314, 0.0, 0.0, 0.0
87.98798798798799, 0.0, 0.0, 0.0, inf
88.08808808808809, 4.752775e-317, 0.0, 0.0, 0.0
88.18818818818819, 0.0, 0.0, 0.0, 3.8951906580211016e-264
88.2882882882883, 0.0, 8.7786e-320, 1.48539705e-316, 0.0
88.38838838838839, 1.7372e-319, 0.0, 3.05567394e-315, 2.7813847572215855e-303
88.48848848848849, 3.40396e-319, 4.6812e-319, 2.2705355e-315, 2.4071089885580974e+212
88.58858858858859, 6e-323, -4.152200776433381e+146, 6.6326e-319, 7.80894451314348e-306
88.6886886886887, 8.777e-320, 0.0, 8.48798316e-315, 6.810234788349249e-139
88.78878878878879, 3.0679642833e-314, 9.20429075e-314, 3.2055e-320, 0.0
88.88888888888889, 0.0, 0.0, 0.0, 0.0
88.988988988989, 3.0679642833e-314, 9.20429075e-314, 3.2055e-320, 0.0
89.0890890890891, 0.0, 0.0, 0.0, 0.0
89.1891891891892, 0.0, 0.0, 0.0, 0.0
89.2892892892893, 0.0, 0.0, 0.0, 0.0
89.3893893893894, 1.61075263676e-313, 2.0846e-319, 0.0, 0.0
89.48948948948949, 0.0, 0.0, 0.0, 0.0
89.5895895895896, 7.66e-322, 0.0, 0.0, 0.0
89.6896896896897, 0.0, 0.0, 0.0, 0.0
89.7897897897898, 6e-323, 4.631324298223314e-306, 8.70018274e-316, 3.4584595e-317
89.88988988988989, 3.657e-320, 7.3144e-319, 3.05567394e-315, -inf
89.98998998999, 6.674279064232271e-128, 4.793781957e-315, 5.432309226e-315, -2.6835230630169084e+160
90.0900900900901, 3.2623769492096627e-277, 1.9391601700460276e-07, 3.8859403884818795e-273, 1.0270459628271918e-305
90.1901901901902, 7.31e-321, 3.657e-320, 0.0, -1.2554203470774477e+64
90.29029029029029, 3.6433220745e-314, 1.1888414253e-313, 8.4559936636891e-310, 0.0
90.3903903903904, 0.0, 0.0, 0.0, 0.0
90.4904904904905, 3.643321686e-314, 1.1888414253e-313, 8.4559936636891e-310, 0.0
90.5905905905906, 0.0, 0.0, 0.0, 0.0
90.69069069069069, 0.0, 0.0, 0.0, 0.0
90.7907907907908, 0.0, 0.0, 0.0, 0.0
90.8908908908909, 8.0536402933e-314, 6.519857115e-314, 0.0, 0.0
90.990990990991, 0.0, 0.0, 0.0, 0.0
91.09109109109109, -5.314906153745228e-230, 7.26e-322, 0.0, 0.0
91.1911911911912, 0.0, 0.0, 0.0, 0.0
91.2912912912913, 3.35661361058725e-277, 0.0, 1.018724405e-315, 1.4853970557013598e-307
91.3913913913914, 0.0, 1.7372e-319, 0.0, 3.0556739397014467e-306
91.4914914914915, 2.3968105e-316, 3.7331e-319, 5.43232088e-315, 2.2705354975976494e-306
91.5915915915916, 2.074284804653392e+199, 6e-323, -4.8184317740884224e+150, 6.63260763190086e-310
91.69169169169169, 6.7292e-319, 8.777e-320, 0.0, 8.487983163861089e-306
91.7917917917918, 5.868597899904061e-152, 3.83514187e-315, 1.78020983485808e-309, 2.100809831609922e-306
91.8918918918919, 0.0, 0.0, 0.0, 0.0
91.991991991992, 0.0, 3.83514187e-315, 1.78020983485808e-309, 2.100809831609922e-306
92.09209209209209, 0.0, 0.0, 0.0, 0.0
92.19219219219221, 0.0, 0.0, 0.0, 0.0
92.2922922922923, 0.0, 0.0, 0.0, 0.0
92.3923923923924, 0.0, 1.61075263676e-313, 2.41910661e-315, 0.0
92.49249249249249, 0.0, 0.0, 0.0, 0.0
92.5925925925926, 0.0, 7.26e-322, 0.0, 0.0
92.6926926926927, 0.0, 0.0, 0.0, 0.0
92.7927927927928, 0.0, 6e-323, 5.374431863055412e-302, 8.700182745329132e-307
92.89289289289289, 0.0, 3.657e-320, 8.48798316e-315, 3.055673938989992e-306
92.992992992993, -1.4523104677123944e+301, 6.674279064232271e-128, 5.562956261729e-311, 5.432309226135905e-306
93.0930930930931, -2.3124798831345278e+147, 3.2623769492096627e-277, 0.0022503032684326172, 3.8859403884818797e-264
93.1931931931932, 8.8504e-319, 7.31e-321, 4.2439916e-316, 0.0
93.2932932932933, -0.0, 2.7803516e-314, 2.55897074584284e-310, 1.1126075504754533e-300
93.3933933933934, 0.0, 0.0, 0.0, 0.0
93.4934934934935, 0.0, 2.780351405e-314, 2.55897074584284e-310, 1.1126075504754533e-300
93.5935935935936, 0.0, 0.0, 0.0, 0.0
93.6936936936937, 0.0, 0.0, 0.0, 0.0
93.7937937937938, 0.0, 0.0, 0.0, 0.0
93.89389389389389, 0.0, 8.0536402933e-314, 7.56598449279274e-310, 5.63234836e-316
93.99399399399401, 0.0, 0.0, 0.0, 0.0
94.0940940940941, 0.0, -2.7642952214335516e-258, 0.0, 0.0
94.1941941941942, 0.0, 0.0, 0.0, 0.0
94.29429429429429, 0.0, 3.35661361058725e-277, 0.0, 1.0187244069014151e-306
94.39439439439441, 1.28e-320, 0.0, 2.015896e-315, 1.976262583e-315
94.4944944944945, 2.63317e-319, 2.3968105e-316, 2.71938734e-315, 5.432320881658319e-306
94.5945945945946, 1.9566e-319, 2.074284804653392e+199, 6.63125e-319, -4.818431774088423e+159
94.69469469469469, 6e-323, 6.7292e-319, 1.01855798e-315, 9.881313e-317
94.7947947947948, 7.3144e-319, 5.8686012111444104e-152, 4.450499973302e-311, 1.780209834858082e-300
94.8948948948949, 1.81036e-319, 0.0, 0.0, 0.0
94.994994994995, 0.0, 0.0, 4.450499973302e-311, 1.780209834858082e-300
95.0950950950951, 1.81036e-319, 0.0, 0.0, 0.0
95.1951951951952, 0.0, 0.0, 0.0, 0.0
95.2952952952953, 0.0, 0.0, 0.0, 0.0
95.3953953953954, 0.0, 0.0, 1.8692019252016e-309, 2.4191066099475822e-306
95.4954954954955, 0.0, 0.0, 0.0, 0.0
95.5955955955956, 0.0, 0.0, 7.6013082923e-313, 0.0
95.6956956956957, 0.0, 0.0, 0.0, 0.0
95.7957957957958, 0.0, 0.0, 6.63273e-319, 5.374431863055412e-293
95.8958958958959, 7.4974e-320, 0.0, 4.2439916e-316, 8.487983164330452e-306
95.995995995996, 2.63317e-319, -1.4523104677123944e+301, 7.745183829924053e-124, 5.562956261729407e-302
96.09609609609609, 4.6812e-319, -2.3124798831345278e+147, 3.7858334886754005e-273, 2250303.268432617
96.19619619619621, 3.3486423497779714e-277, 8.8504e-319, 8.4879836e-317, 4.24399158430206e-307
96.2962962962963, 0.0, -5.52083424454131e-152, 3.2264659665081e-310, 2.5589707458428407e-301
96.3963963963964, 9.5877043644e-314, 0.0, 0.0, 0.0
96.49649649649649, 0.0, 0.0, 3.22646574101995e-310, 2.5589707458428407e-301
96.59659659659661, 9.5877043644e-314, 0.0, 0.0, 0.0
96.6966966966967, 0.0, 0.0, 0.0, 0.0
96.7967967967968, 0.0, 0.0, 0.0, 0.0
96.8968968968969, 0.0, 0.0, 9.3458670174258e-310, 7.565984492792735e-301
96.996996996997, 0.0, 0.0, 0.0, 0.0
97.0970970970971, 0.0, 0.0, -1.0758408316413e-310, 8.41575131781636e-309
97.1971971971972, 0.0, 0.0, 0.0, 0.0
97.2972972972973, 0.0, 0.0, 3.895190658021102e-273, 0.0
97.3973973973974, 8.7786e-320, 1.28e-320, 0.0, 2.0158960015158218e-306
97.4974974974975, 0.0, 2.63317e-319, 2.78138475722e-312, 3.44086590932654e-306
97.5975975975976, 4.6812e-319, 1.9566e-319, 2.4071089885580976e+203, 6.63123773608464e-310
97.6976976976977, -4.152200776433381e+146, 6e-323, 7.80894451e-315, 1.0185579796830933e-306
97.7977977977978, 0.0, 7.3144e-319, 6.81023354728135e-148, 4.4504999733021455e-302
97.8978978978979, 1.5340652322e-313, 1.81036e-319, 0.0, 0.0
97.99799799799801, 0.0, 0.0, 0.0, 4.4504999733021455e-302
98.0980980980981, 1.5340652322e-313, 1.81036e-319, 0.0, 0.0
98.1981981981982, 0.0, 0.0, 0.0, 0.0
98.29829829829829, 0.0, 0.0, 0.0, 0.0
98.39839839839841, 0.0, 0.0, 0.0, 1.8692019252015996e-300
98.4984984984985, 2.0846e-319, 0.0, 0.0, 0.0
98.5985985985986, 0.0, 0.0, 0.0, 2.0706163886079168e+225
98.69869869869869, 0.0, 0.0, 0.0, 0.0
98.79879879879881, 0.0, 0.0, 0.0, 6.6327342609259e-310
98.8988988988989, 4.631324298223314e-306, 7.4974e-320, 0.0, 4.243991581930545e-307
98.998998998999, 7.3144e-319, 2.63317e-319, -1.68533731393345e+305, 7.745183829924053e-115
99.0990990990991, 4.793781957e-315, 4.6812e-319, -2.683523063016908e+151, 3.7858334886754003e-264
99.1991991991992, 1.9391601700460276e-07, 3.3486423497779714e-277, 1.0270459627e-314, 8.487983345677247e-308
99.2992992992993, 3.657e-320, 0.0, -7.22947573429368e+218, 3.226465966508099e-301
99.3993993993994, 2.2051490643e-314, 9.5877043644e-314, 0.0, 0.0
99.4994994994995, 0.0, 0.0, 0.0, 3.2264657410199394e-301
99.5995995995996, 2.2051490643e-314, 9.5877043644e-314, 0.0, 0.0
99.6996996996997, 0.0, 0.0, 0.0, 0.0
99.79979979979981, 0.0, 0.0, 0.0, 0.0
99.8998998998999, 0.0, 0.0, 0.0, 9.345867017425795e-301
100.0, 6.519857115e-314, 0.0, 0.0, 0.0
