Initial conditions: Te0=5.0, Ti0=5.0, rho0=1000.0, Rh0=10.0
t (ps), Te (keV), Ti (keV), rho (g/cm^3), Rh (um)
0.0  5.0  5.0  1000.0  10.0
0.05005005005005005  4.9952702735575825  4.997986801507217  992.0154442310228  10.026766417272814
0.1001001001001001  4.991442048030518  4.994969115297807  984.1496547787849  10.053417080626653
0.15015015015015015  4.987801065344413  4.991622313445448  976.4001266558255  10.079953053355856
0.2002002002002002  4.9841540469274985  4.98812899606124  968.7644321310154  10.106375350966447
0.2502502502502503  4.980448120392878  4.984538958291822  961.2402119086865  10.132684962824227
0.3003003003003003  4.976668642821542  4.980865847559228  953.825171124525  10.158882858310589
0.3503503503503504  4.972811529531198  4.9771133433942  946.5170766372987  10.184969988832615
0.4004004004004004  4.968875575089652  4.973282423729482  939.3137549988312  10.210947288636664
0.45045045045045046  4.9648603965885645  4.969373311422509  932.213090443439  10.236815675339072
0.5005005005005005  4.960765854489808  4.965386022568099  925.2130229717407  10.262576050365373
0.5505505505505506  4.956591886862762  4.961320523608322  918.311546608302  10.288229299327533
0.6006006006006006  4.952338463135657  4.95717677547678  911.50670794158  10.313776292311667
0.6506506506506506  4.94800557030581  4.952954746384534  904.7966034190251  10.339217884547317
0.7007007007007008  4.943593212322749  4.948654411359063  898.1793768714895  10.364554917118546
0.7507507507507507  4.939101410933803  4.9442757541573  891.65322021831  10.389788216406467
0.8008008008008008  4.934530191670413  4.939818781237514  885.2163779106153  10.414918592992569
0.8508508508508509  4.929879541844515  4.935283557415422  878.8671309906302  10.439946846038154
0.9009009009009009  4.925149587442974  4.930670041215293  872.6038053168683  10.464873760821577
0.950950950950951  4.9203403687034015  4.925978297420328  866.4247690423568  10.489700109432494
1.001001001001001  4.915451966727718  4.921208376750293  860.3284305786938  10.514426651288076
1.0510510510510511  4.910484473886612  4.91636034414875  854.3132376161741  10.539054133346525
1.1011011011011012  4.905437995007028  4.911434277802265  848.3776760582781  10.56358329035559
1.1511511511511512  4.900312651089936  4.906430268451452  842.5202727992308  10.588014843881941
1.2012012012012012  4.895108572076746  4.901348416231036  836.7395802181186  10.612349507227979
1.2512512512512513  4.889825902794418  4.896188837175041  831.0341928426795  10.636587979932349
1.3013013013013013  4.88446480099615  4.890951659974741  825.4027385145724  10.66073095056453
1.3513513513513515  4.879025436580548  4.885637024108194  819.843874263202  10.684779098034053
1.4014014014014016  4.873507993798602  4.880245081231289  814.3562900324096  10.708733090290174
1.4514514514514514  4.867912670020832  4.874775995747527  808.9387062175568  10.732593584982515
1.5015015015015014  4.8622396772008205  4.869229944884596  803.5898771680177  10.756361228445538
1.5515515515515517  4.8564892402990685  4.8636071169369535  798.3085832994125  10.780036658069086
1.6016016016016017  4.850661597852176  4.8579077118208795  793.0936321123523  10.803620501930403
1.6516516516516517  4.844757004745241  4.852131943897529  787.9438672036733  10.827113375936536
1.7017017017017018  4.838775724917098  4.84628003578821  782.8581463115239  10.850515890790525
1.751751751751752  4.832718034912985  4.840352225217449  777.8353584324196  10.873828646557628
1.8018018018018018  4.8265840919079785  4.834348888266544  772.8744174836376  10.897052234500073
1.851851851851852  4.820374369183793  4.828270124459875  767.9742609593528  10.920187237457398
1.901901901901902  4.814089106116137  4.822116280142278  763.133850793621  10.943234229708231
1.951951951951952  4.807728664149065  4.815887609603184  758.3521720359012  10.96619377728927
2.002002002002002  4.801293353316699  4.809584439761196  753.6282319838602  10.989066438275517
2.052052052052052  4.794783528724527  4.803207078421192  748.9610598340809  11.011852762858721
2.1021021021021022  4.788199548706742  4.796755853887635  744.3497060291473  11.034553293545798
2.1521521521521523  4.781541787809527  4.7902311024528625  739.7932417097904  11.057168565318763
2.2022022022022023  4.774810631022789  4.783633173535102  735.2907580148344  11.079699105853631
2.2522522522522523  4.768006476140359  4.776962428027328  730.8413661516394  11.10214543545327
2.3023023023023024  4.76112973201039  4.770219238411154  726.4441957099682  11.12450806763428
2.3523523523523524  4.754180817669924  4.76340398847999  722.0983939866809  11.146787509396626
2.4024024024024024  4.747160163402862  4.7565170744227006  717.8031265043662  11.16898426089649
2.452452452452453  4.740068211076857  4.749558905174544  713.5575778134723  11.19109881517741
2.5025025025025025  4.732905414340491  4.742529902512628  709.3609521404401  11.213131657988296
2.552552552552553  4.725672235286569  4.735430496805491  705.2124650404099  11.23508327068903
2.6026026026026026  4.718369147332693  4.728261130745409  701.111350540863  11.256954127746225
2.6526526526526526  4.71099671525565  4.721022181369502  697.0568590417494  11.278744697415354
2.702702702702703  4.7035553931592355  4.71371415137866  693.0482549593553  11.300455442498025
2.7527527527527527  4.696045621665318  4.706337577401665  689.084818584147  11.322086819783467
2.802802802802803  4.688467983027538  4.6988928810265955  685.1658447977904  11.343639280442659
2.852852852852853  4.680822971391403  4.6913805878665515  681.2906427003419  11.365113270170166
2.9029029029029028  4.673111150139652  4.6838011769292605  677.4585352606086  11.38650922929078
2.9529529529529532  4.665333060922907  4.676155167338929  673.6688590426558  11.407827592852998
3.003003003003003  4.657489264483121  4.668443078981329  669.9209638595651  11.429068790744788
3.0530530530530533  4.6495803281261  4.660665444148854  666.2142124454609  11.45023324780642
3.1031031031031033  4.641606829223938  4.652822803722573  662.5479800494148  11.47132138397332
3.1531531531531534  4.6335693541475065  4.644915708523848  658.9216545735027  11.492333614204572
3.2032032032032034  4.625468498190812  4.6369447177363465  655.3346353865787  11.513270348937176
3.2532532532532534  4.617304865278882  4.628910398457857  651.7863328846618  11.534131994270387
3.3033033033033035  4.609079068727546  4.620813326364942  648.2761692831936  11.55491895159715
3.3533533533533535  4.600791730898142  4.612654085369728  644.80357811081  11.57563161778542
3.4034034034034035  4.592443484185688  4.604433269602709  641.3680063806613  11.596270384391778
3.4534534534534536  4.5840349303199694  4.596151514966866  637.9689092784741  11.616835639708842
3.503503503503504  4.575566746103422  4.587809398892077  634.605751005967  11.637327768381766
3.5535535535535536  4.567039588947258  4.579407534561733  631.2780073936207  11.657747150406468
3.6036036036036037  4.558454100852401  4.570946564358443  627.9851639931886  11.678094161869899
3.6536536536536537  4.5498109620795715  4.562427108161755  624.7267159705456  11.698369174984647
3.703703703703704  4.541110835363856  4.553849816392704  621.5021678368703  11.718572558190653
3.753753753753754  4.532354403755777  4.545215333507683  618.3110333693517  11.738704676178623
3.803803803803804  4.5235423521116225  4.536524315256094  615.1528353346225  11.758765889995896
3.853853853853854  4.514675373903086  4.527777423371907  612.0271064333677  11.778756556661286
3.903903903903904  4.505754166377718  4.518975324259401  608.9333852006986  11.798677030824706
3.9539539539539543  4.49677943368166  4.510118692784872  605.8712208941604  11.818527662756189
4.004004004004004  4.4877518845956965  4.501208209076652  602.8401698068213  11.838308799852559
4.054054054054054  4.478672233408134  4.49224455923023  599.8397964342184  11.858020786159019
4.104104104104104  4.469541200241646  4.4832284345832445  596.869673359216  11.877663962408967
4.1541541541541545  4.460359510093971  4.474160531074453  593.9293803927733  11.897238666361897
4.2042042042042045  4.451127893151665  4.465041549546575  591.0185049417761  11.916745232656424
4.2542542542542545  4.441847085090157  4.4558721960495475  588.1366421645246  11.93618399275927
4.3043043043043046  4.432517826743547  4.446653180513237  585.2833946258266  11.955555275078527
4.354354354354355  4.423140862215532  4.437385213964706  582.4583696179708  11.974859406038622
4.404404404404405  4.413716943127821  4.428069014786434  579.6611851857028  11.9940967076628
4.454454454454455  4.404246804603118  4.418705326167493  576.8914667921542  12.01326749892732
4.504504504504505  4.394731101521041  4.409294966140585  574.1488406505616  12.03237209851015
4.554554554554555  4.38517075306302  4.39983850983415  571.4329425497651  12.051410821061108
4.604604604604605  4.3755664639056935  4.390336745006993  568.743414332472  12.070383978747047
4.654654654654655  4.365918955021399  4.380790449672481  566.0799040842006  12.089291881135193
4.704704704704705  4.35622905180743  4.3712003064728036  563.4420658581795  12.108134835306826
4.754754754754755  4.346497475981822  4.361567102983249  560.8295595543165  12.126913145911429
4.804804804804805  4.336725009291717  4.351891573441096  558.2420508840568  12.145627115172202
4.854854854854855  4.326912417110363  4.3421744719691535  555.679211168669  12.164277042970543
4.904904904904906  4.31706047168169  4.332416549751041  553.1407172592216  12.182863226875764
4.954954954954955  4.307169944981664  4.322618561499878  550.6262514251811  12.201385962189146
5.005005005005005  4.297241610489285  4.312781263305817  548.1355012358442  12.219845541990637
5.055055055055055  4.2872762425339435  4.302905412745714  545.6681596269987  12.238242257107512
5.105105105105106  4.277274615843544  4.292991769068555  543.2239239710125  12.25657639650542
5.155155155155156  4.267237505380972  4.28304109331706  540.8024969529571  12.274848246915685
5.205205205205205  4.257165685543879  4.273054147167058  538.4035859696479  12.293058093070107
5.255255255255255  4.247059931183405  4.263031694393311  536.0269041807754  12.311206217280738
5.305305305305305  4.236921016857272  4.252974498784872  533.6721689766861  12.32929290007363
5.355355355355356  4.226749716598666  4.242883323427337  531.3391014494449  12.34731842040837
5.405405405405406  4.2165468065919525  4.232758930863075  529.027428001447  12.365283055007794
5.455455455455455  4.206313112806307  4.2226020334768775  526.7368791601692  12.383187078829387
5.505505505505505  4.196049336140648  4.212413463448203  524.4671897240848  12.401030765013012
5.555555555555555  4.1857562717922745  4.202193960467133  522.2180988112857  12.418814384862404
5.605605605605606  4.175434686514648  4.191944289816894  519.9893497038994  12.436538207905725
5.655655655655656  4.165085350420256  4.181665211254185  517.7806897008245  12.454202501954756
5.705705705705706  4.154709034963131  4.171357480571326  515.591870099801  12.471807533108814
5.7557557557557555  4.144306503659903  4.1610218582503755  513.4226460931648  12.489353565796712
5.8058058058058055  4.133878520946109  4.150659100486062  511.2727767294665  12.506840862789446
5.855855855855856  4.123425847664413  4.140269963219134  509.1420248200667  12.524269685237126
5.9059059059059065  4.112949242782367  4.129855200175016  507.03015682476195  12.54164029271446
5.9559559559559565  4.102449462454386  4.1194155634046234  504.9369428131642  12.5589529432336
6.006006006006006  4.091927259843399  4.108951802233551  502.86215673750013  12.576207893118804
6.056056056056057  4.081383385934446  4.098464663918036  500.80557544147007  12.593405397437339
6.106106106106107  4.0708185893289395  4.087954893690484  498.7669791005831  12.610545709811964
6.156156156156157  4.060233615613127  4.077423233797809  496.74615162919  12.627629082233199
6.206206206206207  4.04962920681573  4.066870421655971  494.7428797164969  12.644655765435408
6.256256256256257  4.03900610212616  4.056297192293833  492.7569541031255  12.66162600839876
6.306306306306307  4.028365037658499  4.045704277897837  490.7881693011038  12.678540058458594
6.356356356356357  4.0177067080119215  4.035092443711858  488.83632211185517  12.695398161932973
6.406406406406407  4.007031833171252  4.02446242210222  486.90121124732644  12.71220056426075
6.456456456456457  3.996341216406601  4.013814857764084  484.982639611828  12.728947509023428
6.506506506506507  3.9856355177987184  4.003150526774273  483.08041277788294  12.745639238612172
6.556556556556557  3.9749154453094224  3.9924701505495572  481.1943392545314  12.762275994096173
6.606606606606607  3.9641817433329942  3.981774406750579  479.32423036613176  12.77885801527331
6.656656656656657  3.953435087274479  3.971064031741696  477.4699001897321  12.795385540695872
6.706706706706707  3.942676185807252  3.9603397205753734  475.6311655627914  12.811858807658826
6.756756756756757  3.931905730821797  3.9496021756611275  473.807845983312  12.828278052241261
6.806806806806807  3.9211244126071745  3.9388520916104586  471.9997635998975  12.844643509304904
6.856856856856857  3.9103329154758484  3.928090159400678  470.2067431279025  12.860955412527055
6.906906906906907  3.8995319186835404  3.91731706519024  468.42861182348344  12.877213994406624
6.956956956956957  3.8887220944849474  3.906533488352106  466.6652002985615  12.893419485879363
7.007007007007008  3.8779041116989847  3.895740105007606  464.9163407506041  12.909572117141932
7.057057057057057  3.8670786380360367  3.8849375902656273  463.18186582210967  12.925672118174305
7.107107107107107  3.8562463263699858  3.874126605144308  461.46161471538426  12.941719715853605
7.157157157157157  3.8454078337210857  3.863307814625701  459.75542478086476  12.957715137932087
7.207207207207207  3.834563803450703  3.852481871723074  458.06313868931335  12.973658609613716
7.257257257257258  3.8237148760039337  3.8416494268787917  456.3846002585133  12.989550355553614
7.307307307307307  3.812861688482239  3.83081112807295  454.71965430482754  13.00539059991141
7.357357357357358  3.802004862854936  3.81996761093643  453.06815095019175  13.02117956427198
7.407407407407408  3.791145026398585  3.809119515507075  451.42993839354733  13.036917471148566
7.457457457457458  3.7802827876400666  3.798267467258893  449.8048708023117  13.052604540110778
7.507507507507508  3.7694187575872533  3.7874120935774784  448.19280155389885  13.068240991117513
7.557557557557558  3.758553536748064  3.776554011274464  446.593587502631  13.083827042378676
7.607607607607608  3.7476877193966307  3.765693831158746  445.00708755228214  13.099362911077035
7.657657657657658  3.736821899696493  3.754832161677499  443.4331608986245  13.114848814232076
7.707707707707708  3.7259566590863615  3.743969593400451  441.87167155844264  13.130284966404867
7.757757757757758  3.7150925930219345  3.7331067139013188  440.3224818265578  13.14567158303071
7.807807807807808  3.7042303285392566  3.722244049918057  438.7854585063207  13.161008877199599
7.857857857857859  3.6933703442287253  3.711382264989036  437.2604696518392  13.176297061609597
7.907907907907909  3.6825132413720256  3.700521928550637  435.7473805431924  13.191536355051834
7.957957957957959  3.671659541236703  3.689663579262738  434.24606940224317  13.20672695715628
8.008008008008009  3.6608097504444377  3.678807734063912  432.75641881918807  13.22186906262301
8.058058058058059  3.649964478891114  3.667955013104074  431.27828774380464  13.236962905781018
8.108108108108109  3.639124257224354  3.6571059652822826  429.8115527582429  13.252008694631064
8.158158158158159  3.62828958626792  3.6462611122482373  428.35609713052173  13.267006627753942
8.208208208208209  3.617460983415835  3.63542099189881  426.9118003923073  13.281956911907022
8.258258258258259  3.606638961521803  3.624586130725098  425.47854396887533  13.296859752281106
8.308308308308309  3.59582402939935  3.6137570469486895  424.05621074366337  13.31171535317428
8.358358358358359  3.5850166884455184  3.6029342493997283  422.64468553568105  13.326523917769755
8.408408408408409  3.5742174308259234  3.5921182472118973  421.24385415464633  13.34128564867281
8.458458458458459  3.5634267326698588  3.581309546611197  419.8536045091622  13.3560007472628
8.508508508508509  3.552645070694925  3.5705086423696217  418.47382568836315  13.37066941421645
8.558558558558559  3.541872918693002  3.559716018483656  417.10440825639876  13.385291849328105
8.608608608608609  3.5311107393552623  3.5489321563596006  415.7452442092052  13.39986825152682
8.65865865865866  3.520358988302059  3.5381575308337014  414.3962269535923  13.41439881888019
8.70870870870871  3.509618116316991  3.5273926080244236  413.0572512798  13.428883748602134
8.75875875875876  3.498888566095201  3.516637847990301  411.72821339346734  13.443323237023824
8.80880880880881  3.488170773531774  3.5058937050003296  410.40901074112793  13.457717479694015
8.85885885885886  3.4774651677850077  3.4951606259646573  409.0995421428404  13.472066671287248
8.90890890890891  3.4667721716080995  3.4844390506269285  407.7997077201775  13.486371005640093
8.95895895895896  3.4560922007776926  3.4737294120186504  406.5094088813529  13.500630675748024
9.00900900900901  3.4454256642543095  3.463032136366592  405.22854829433976  13.514845873772105
9.05905905905906  3.4347729649629013  3.4523476440354854  403.9570297589116  13.529016791140506
9.10910910910911  3.4241344983484545  3.4416763480585426  402.69475842108864  13.54314361837583
9.15915915915916  3.4135106535293107  3.431018655242367  401.44164047877274  13.557226545242482
9.20920920920921  3.4029018111428053  3.4203749640942727  400.1975837191599  13.571265760472244
9.259259259259261  3.3923083454716094  3.409745666832066  398.9624970195494  13.585261452029197
9.30930930930931  3.3817306262033346  3.3991311510333273  397.7362899462962  13.599213807326665
9.35935935935936  3.3711690151417977  3.3885317965543007  396.51887350313416  13.613123012821976
9.40940940940941  3.3606238535964676  3.3779479902812537  395.31015981693315  13.62698925416535
9.45945945945946  3.350095489320134  3.3673800999860504  394.11006201859016  13.640812716220985
9.50950950950951  3.3395843028729195  3.356828447967297  392.91849438468506  13.654593583043308
9.55955955955956  3.3290905950173637  3.3462934222410894  391.73537224895927  13.66833203789471
9.60960960960961  3.3186147146367877  3.3357753504799503  390.5606120038822  13.682028263238752
9.65965965965966  3.3081569758784624  3.325274582621474  389.3941309817908  13.69568244094034
9.70970970970971  3.2977177032120455  3.3147914591314067  388.23584583665115  13.709294755880068
9.759759759759762  3.2872972033546644  3.3043263036963837  387.08567696533686  13.722865386084084
9.809809809809812  3.276895748411242  3.2938794042955224  385.9435528851574  13.736394493100823
9.85985985985986  3.266513652509447  3.2834510911297468  384.8093909054099  13.749882264794662
9.90990990990991  3.256151245209992  3.273041712556534  383.68310405626454  13.76332889872798
9.95995995995996  3.2458087891806064  3.2626515525021214  382.5646205618765  13.776734561704728
10.01001001001001  3.235486556055526  3.2522809031243574  381.4538663839993  13.790099425709764
10.06006006006006  3.2251848174591777  3.2419300549880137  380.35076660034144  13.803423666875634
10.11011011011011  3.214903843114784  3.2315992947186465  379.2552468790282  13.816707460308013
10.16016016016016  3.20464389512185  3.221288895411924  378.1672344965229  13.829950979657543
10.210210210210212  3.1944052336011795  3.2109991276229706  377.0866570562117  13.843154398278376
10.260260260260262  3.1841881117685653  3.200730251202047  376.0134434617697  13.856317888390826
10.310310310310312  3.1739927780399215  3.19048252564932  374.9475229856999  13.869441621878263
10.360360360360362  3.1638194634616874  3.1802562083578505  373.8888263117065  13.882525769363465
10.41041041041041  3.153668387055939  3.1700515610800735  372.8372846633464  13.895570500968905
10.46046046046046  3.143539777924927  3.159868828732152  371.79282939775896  13.908575987827886
10.51051051051051  3.133433868510261  3.1497082346116887  370.75539371785095  13.921542397726883
10.56056056056056  3.1233508746293124  3.1395700063561454  369.7249118211424  13.93446989713683
10.61061061061061  3.1132910006221595  3.1294543802663592  368.7013172738547  13.947358655569005
10.66066066066066  3.1032544260932635  3.119361549260152  367.6845529439691  13.960208820104533
10.710710710710712  3.093241386269522  3.109291768149103  366.6745436772227  13.973020584249298
10.760760760760762  3.0832520626862947  3.0992452317764774  365.67122991547114  13.985794103885574
10.810810810810812  3.0732866450170393  3.0892221421892985  364.67454960093073  13.998529541488532
10.860860860860862  3.063345319295339  3.0792226909802833  363.6844412410333  14.011227060131603
10.91091091091091  3.0534282692246655  3.069247069372283  362.7008435298418  14.023886822685752
10.96096096096096  3.0435356700016465  3.0592954600518976  361.7236963393582  14.03650899081181
11.01101101101101  3.0336676867301007  3.0493680533348306  360.75293970353283  14.049093725990733
11.06106106106106  3.0238244651158284  3.039465040243598  359.7885149349481  14.061641188355905
11.11111111111111  3.0140061813018053  3.0295865995230216  358.8303594446094  14.074151549503311
11.161161161161163  3.004212964699023  3.019732853245886  357.878428183584  14.086624933681502
11.211211211211213  2.9944449969425633  3.0099040091153686  356.9326500823762  14.09906153823659
11.261261261261263  2.9847024021938506  3.000100204295043  355.99297611239035  14.11146150062592
11.311311311311313  2.9749853108492377  2.9903215724715553  355.05935521662764  14.123824965401612
11.361361361361363  2.9652938789392556  2.980568274200607  354.131726520367  14.136152104614249
11.411411411411413  2.9556282424500706  2.970840480507928  353.21003051223255  14.148443086893497
11.461461461461461  2.945988483229742  2.9611383426370073  352.2942183804922  14.160698053872762
11.511511511511511  2.936374774066176  2.9514619421710586  351.3842372044756  14.172917158876698
11.561561561561561  2.9267872135671387  2.9418114339686885  350.4800328764331  14.185100559683779
11.611611611611611  2.9172259113431216  2.9321869353107917  349.5815557579568  14.197248402035466
11.661661661661663  2.907690969609273  2.922588557536073  348.6887576378549  14.209360828608297
11.711711711711713  2.8981825053984362  2.9130164327547297  347.8015817524807  14.221438007771466
11.761761761761763  2.888700612299165  2.90347067110877  346.91997943556294  14.233480085550902
11.811811811811813  2.8792453840504457  2.8939513814439013  346.04390163646093  14.245487209573719
11.861861861861863  2.8698169118082557  2.8844586664295204  345.1732993926879  14.257459528575566
11.911911911911913  2.8604152857911385  2.874992623689384  344.30812415232265  14.269397190756681
11.961961961961963  2.8510405942057173  2.8655533450000035  343.44832789955217  14.281300343626265
12.012012012012011  2.841692920523526  2.8561409170254053  342.5938632912287  14.29316913380589
12.062062062062061  2.8323723450479887  2.8467554252711764  341.74468327940684  14.305003707525064
12.112112112112113  2.8230789374272245  2.83739695435624  340.9007416033208  14.316804209959619
12.162162162162163  2.813812767270371  2.828065595844974  340.0619888035794  14.328570796912132
12.212212212212213  2.804573876353144  2.8187614165528454  339.2283896669637  14.340303580277274
12.262262262262263  2.7953623256279845  2.809484527791769  338.3998874087048  14.352002740940161
12.312312312312313  2.7861781972525206  2.8002349554191905  337.57644357804213  14.363668402792516
12.362362362362363  2.7770215515663996  2.7910127504240796  336.7580172292921  14.375300698288973
12.412412412412413  2.7678924433122036  2.78181798721274  335.9445593903176  14.386899786449835
12.462462462462463  2.7587909006238656  2.7726507386222066  335.13602891507776  14.398465802050078
12.512512512512513  2.7497169795634253  2.7635110816749924  334.33236759467604  14.409998937262554
12.562562562562562  2.7406706628630797  2.7543990241611245  333.5335810326734  14.421499173061454
12.612612612612613  2.731652085819673  2.7453146210974886  332.73957975423923  14.432966807088174
12.662662662662663  2.7226612650678415  2.736257902074556  331.9503381717973  14.444401925689537
12.712712712712714  2.713698200282518  2.7272289396226705  331.1658162011962  14.455804664124601
12.762762762762764  2.7047629307142196  2.718227762312357  330.3859735544854  14.467175159105544
12.812812812812814  2.6958554827134984  2.709254398564023  329.61077427870083  14.47851353348759
12.862862862862864  2.6869758828711645  2.7003088818305714  328.84017628925426  14.489819931679696
12.912912912912914  2.678124155059071  2.691391244597541  328.07413735773036  14.501094499175831
12.962962962962964  2.6693003138851163  2.6825015113565467  327.3126215142068  14.512337361249026
13.013013013013014  2.660504374059658  2.6736397069683275  326.55559060387344  14.523548651053462
13.063063063063064  2.6517363461091903  2.6648058529879424  325.8030070017063  14.53472850092391
13.113113113113114  2.6429962391424118  2.655999968336607  325.0548333878673  14.545877042684314
13.163163163163164  2.6342840596026105  2.6472220685154215  324.3110328932451  14.556994407419225
13.213213213213214  2.625599821842536  2.6384721576994226  323.5715689123901  14.568080725766041
13.263263263263264  2.616943537898126  2.629750234055901  322.83640546627294  14.579136127310383
13.313313313313314  2.608315198482152  2.621056313815357  322.1055068153247  14.590160741223347
13.363363363363364  2.599714786133838  2.612390416200771  321.37883758393764  14.601154696106642
13.413413413413414  2.591142305114639  2.603752534090653  320.6563621309843  14.612118122232095
13.463463463463464  2.582597757386152  2.595142657699679  319.9380463327816  14.623051145071392
13.513513513513514  2.574081126269872  2.586560790588406  319.2238545812534  14.63395389626438
13.563563563563564  2.565592402359425  2.578006926982044  318.5137563333268  14.644826489306432
13.613613613613614  2.557131570444477  2.569481057751073  317.8077138183355  14.65566906536054
13.663663663663664  2.548698618704782  2.5609831734825774  317.10570375646057  14.66648171233611
13.713713713713714  2.5402935276696494  2.5525132603607887  316.40768494204343  14.677264585211322
13.763763763763764  2.531916277404836  2.544071303484966  315.7136227496665  14.688017815222125
13.813813813813814  2.523566846434991  2.5356572856481545  315.0234882359014  14.69874151346985
13.863863863863864  2.5152452056784607  2.527271197878513  314.33724923277856  14.709435802701199
13.913913913913914  2.5069513152577536  2.518913031188505  313.6548744474419  14.720100804041431
13.963963963963964  2.498685182140681  2.5105827279873547  312.97633258435167  14.730736638924201
14.014014014014016  2.49044675929381  2.5022802808786913  312.30159259910096  14.741343428376942
14.064064064064066  2.482236019799706  2.4940056609474204  311.63062513708326  14.751921287491458
14.114114114114114  2.4740529300398437  2.48575884060222  310.96340008134234  14.762470334915578
14.164164164164164  2.4658974519914283  2.4775397895698275  310.299885439951  14.772990697161742
14.214214214214214  2.457769548998449  2.4693484786042386  309.64005277035636  14.78348248746232
14.264264264264265  2.4496691827301835  2.4611848739485884  308.98387281619205  14.793945822916326
14.314314314314315  2.4415963082958276  2.4530489335322523  308.33131178271077  14.804380839326894
14.364364364364365  2.4335509061416145  2.4449406363585484  307.6823552149728  14.814787595271259
14.414414414414415  2.425532925778927  2.436859911734325  307.03695952378837  14.82516626723675
14.464464464464465  2.417542317747339  2.4288067394846107  306.3951023337972  14.835516946887674
14.514514514514516  2.4095790279452745  2.420781082877531  305.75675473948854  14.84583975277661
14.564564564564566  2.4016430187063067  2.4127828940210674  305.1218906424301  14.856134792472325
14.614614614614615  2.3937342448517995  2.4048121258704604  304.4904830994033  14.866402177592864
14.664664664664665  2.3858526635552857  2.396868734697149  303.86250826287625  14.876642007654604
14.714714714714717  2.377998215554299  2.3889526635593783  303.2379334147558  14.886854418815851
14.764764764764765  2.3701708209147165  2.3810638930465897  302.6167326861066  14.897039519806748
14.814814814814817  2.362370462770421  2.373202340232051  301.99888136625987  14.907197415254492
14.864864864864865  2.3545970757581323  2.3653679616763115  301.3843529233814  14.91732821770781
14.914914914914917  2.34685060654392  2.3575607063170545  300.77312277273825  14.927432031990637
14.964964964964965  2.3391309992094262  2.3497805201783795  300.1651658852774  14.937508965356361
15.015015015015017  2.3314381905166037  2.342027344934491  299.56045507151475  14.947559134638038
15.065065065065065  2.3237721218306917  2.334301127521482  298.9589664064974  14.9575826433405
15.115115115115117  2.316132731951877  2.3266018109688402  298.36067524098075  14.967579598562779
15.165165165165165  2.3085199516847026  2.3189293290256545  297.76555399134645  14.977550120631689
15.215215215215215  2.300933743559026  2.3112836432010364  297.17358777990256  14.987494274881529
15.265265265265267  2.293374031537687  2.303664655764775  296.58474268099695  14.997412210384002
15.315315315315315  2.2858407478654126  2.29607232581833  295.9989986038602  15.007304016264927
15.365365365365367  2.278333828861161  2.288506596087326  295.4163333398302  15.017169791181555
15.415415415415415  2.2708532033363906  2.280967388889458  294.83672032193516  15.027009653785733
15.465465465465467  2.2633988220796004  2.2734546542418506  294.2601425031608  15.036823680766348
15.515515515515515  2.2559706062494285  2.265968313020837  293.6865724914675  15.046611995134331
15.565565565565567  2.248568487943395  2.258508294717465  293.11598720086783  15.056374701359802
15.615615615615615  2.2411924040580438  2.251074532253966  292.5483655226253  15.066111895512485
15.665665665665667  2.23384224863121  2.2436669940300944  291.9836851457305  15.075823679106435
15.715715715715717  2.226517970360607  2.2362855893522617  291.4219241096252  15.085510153102595
15.765765765765765  2.219219525883302  2.2289302213339903  290.86306087365125  15.095171416685384
15.815815815815817  2.2119468205794526  2.2216008381832504  290.30707343445295  15.10480757161932
15.865865865865866  2.2046997845491934  2.2142973625168034  289.7539400852548  15.114418718749633
15.915915915915917  2.1974783446948774  2.2070197279719297  289.2036406589911  15.124004952169363
15.965965965965966  2.1902824312442015  2.199767868134039  288.65615588332753  15.13356636225069
16.016016016016017  2.1831119702913195  2.19254171305019  288.1114659117673  15.143103042622698
16.066066066066064  2.1759668734891857  2.185341178234979  287.5695465692025  15.152615106959894
16.116116116116117  2.1688470752489315  2.178166172289824  287.0303763957143  15.16210265672934
16.166166166166168  2.1617525075347905  2.1710166252301826  286.4939376012295  15.17156577726189
16.216216216216218  2.154683066517106  2.1638924865212634  285.96021006783604  15.181004564780036
16.266266266266268  2.147638694822865  2.1567936575640334  285.4291738071793  15.190419115323982
16.316316316316318  2.140619302199678  2.149720062317519  284.900807898411  15.199809529875024
16.366366366366368  2.133624817070792  2.1426716297416872  284.3750946559622  15.209175894122668
16.416416416416418  2.1266551657525223  2.1356482831878636  283.8520156969751  15.218518297472775
16.466466466466468  2.119710264072393  2.1286499366962395  283.3315505310021  15.227836839990182
16.516516516516518  2.1127900435444307  2.1216765241145303  282.8136832240269  15.237131599869183
16.566566566566568  2.1058944109966076  2.114727956835805  282.2983924632985  15.246402681959525
16.616616616616618  2.099023288268751  2.1078041560180067  281.78566017749324  15.255650175626181
16.666666666666668  2.0921765951784677  2.100905038057966  281.27546775841085  15.264874173232728
16.716716716716718  2.0853542522715625  2.094030526413088  280.7677977527744  15.274074761793615
16.766766766766768  2.078556180389451  2.08718054313179  280.26263288093133  15.28325202789547
16.816816816816818  2.0717822902545753  2.080354999681335  279.7599535656485  15.292406069606196
16.866866866866868  2.0650324998557053  2.0735538163717626  279.2597425148308  15.301536974303016
16.916916916916918  2.0583067278565266  2.0667769139411867  278.7619825935924  15.310644828628682
16.966966966966968  2.0516049102311715  2.0600241916658266  278.2666564446093  15.319729720705205
17.017017017017018  2.044926942281305  2.053295588397268  277.773746983153  15.328791737857438
17.067067067067065  2.038272745514557  2.0465910157106384  277.283237111237  15.337830967650794
17.117117117117118  2.0316422384103583  2.039910390820221  276.79511022100326  15.346847495501402
17.167167167167168  2.025035337659107  2.033253632475405  276.3093498630433  15.355841406317843
17.217217217217218  2.0184519565485592  2.0266206526856387  275.8259387551216  15.364812789610465
17.26726726726727  2.0118920146218264  2.02001136810558  275.34486088607173  15.373761728634186
17.31731731731732  2.005355429453387  2.0134256929292014  274.8661001081  15.38268830787147
17.36736736736737  1.9988421154339027  2.0068635439151254  274.38964055606243  15.391592610932527
17.41741741741742  1.9923519908968605  2.000324834802974  273.91546594992064  15.40047472270544
17.46746746746747  1.9858849696835228  1.9938094825230628  273.4435606476015  15.409334726100045
17.51751751751752  1.9794409646103428  1.9873174047089965  272.973909168377  15.418172703525034
17.56756756756757  1.9730198924399187  1.980848516286289  272.5064954102429  15.426988739318844
17.61761761761762  1.9666216685368367  1.9744027311572894  272.0413046656806  15.43578291345019
17.66766766766767  1.9602462081651937  1.967979964800029  271.57832135047863  15.444555308639996
17.71771771771772  1.9538934266469492  1.9615801321624606  271.11753024707804  15.453306006441851
17.76776776776777  1.9475632393615354  1.9552031475557734  270.65891654248065  15.462035087127873
17.81781781781782  1.9412555616719895  1.9488489254479051  270.2024653174033  15.470742631308173
17.86786786786787  1.9349703086576646  1.9425173806619953  269.7481617964233  15.479428719105577
17.91791791791792  1.9287073952166833  1.9362084276837839  269.29599177073993  15.488093428814826
17.96796796796797  1.922466736667176  1.929921981042039  268.8459403399755  15.496736840981255
18.01801801801802  1.9162482481453456  1.9236579549276884  268.39799317183207  15.505359034317388
18.06806806806807  1.910051844677395  1.9174162644129042  267.9521360444357  15.513960087079274
18.11811811811812  1.903877441319763  1.9111968238963426  267.50835498299176  15.522540076773662
18.16816816816817  1.8977249531517355  1.9049995471850047  267.06663625259006  15.53109908017345
18.21821821821822  1.8915942952088742  1.898824348232364  266.626966293327  15.539637173456665
18.26826826826827  1.8854853824047821  1.892671143589982  266.1893308051491  15.548154434983807
18.31831831831832  1.8793981297403664  1.8865398469080252  265.75371663538215  15.556650939614979
18.36836836836837  1.8733324521627974  1.8804303726417961  265.3201105065774  15.565126762540027
18.41841841841842  1.8672882648774418  1.874342635377854  264.8884991590299  15.573581978845437
18.46846846846847  1.861265484377907  1.8682765499903404  264.4588689758817  15.582016664628599
18.518518518518523  1.8552640255005803  1.862232030992377  264.03120712671586  15.590430893596213
18.56856856856857  1.849283803755669  1.8562089930493706  263.6055006625162  15.598824739756308
18.61861861861862  1.8433247349988957  1.8502073510764214  263.1817366731524  15.607198276918885
18.66866866866867  1.8373867353496198  1.8442270201704647  262.759902310357  15.615551578636653
18.71871871871872  1.831469720565716  1.8382679150921897  262.33998496313467  15.62388471775259
18.76876876876877  1.8255736066971937  1.8323299508077386  261.92197207435595  15.632197766873013
18.81881881881882  1.8196983095693289  1.8264130436502592  261.5058512164231  15.640490798037959
18.86886886886887  1.8138437453552951  1.8205171090135548  261.09161005192084  15.64876388305784
18.91891891891892  1.808009830398193  1.8146420620688715  260.6792363458454  15.657017093408818
18.96896896896897  1.8021964810472453  1.8087878184246686  260.26871797686175  15.665250500136496
19.01901901901902  1.7964036137427561  1.8029542937844114  259.86004293146414  15.673464173905872
19.069069069069073  1.7906311464473477  1.79714140419935  259.4531992843413  15.68165818486753
19.11911911911912  1.7848789959073408  1.7913490655848379  259.0481752359482  15.689832602913668
19.16916916916917  1.7791470789723651  1.7855771939533924  258.64495909440177  15.697987497554752
19.21921921921922  1.7734353128867422  1.7798257054661626  258.2435392714836  15.706122937892236
19.26926926926927  1.767743615031222  1.7740945163873096  257.8439042861828  15.714238992642748
19.31931931931932  1.762071902849797  1.7683835452960528  257.4460426126063  15.72233573039069
19.36936936936937  1.7564200939999564  1.762692708545464  257.04994299221124  15.73041321906961
19.41941941941942  1.7507881062616761  1.7570219230130824  256.65559424468574  15.738471526276351
19.46946946946947  1.7451758575409875  1.7513711059930446  256.26298527536454  15.746510719258715
19.519519519519523  1.7395832658782588  1.7457401749458037  255.87210509243823  15.754530864886892
19.56956956956957  1.7340102526144543  1.740129046469758  255.48294257879485  15.76253203015469
19.619619619619623  1.728456735511299  1.7345376385357487  255.09548698777525  15.770514281090417
19.66966966966967  1.7229226335644583  1.7289658689237932  254.7097275963394  15.778477683518842
19.71971971971972  1.7174078661607832  1.7234136554967987  254.32565376579444  15.78642230292778
19.76976976976977  1.71191235290379  1.7178809162572488  253.9432549543707  15.794348204440455
19.81981981981982  1.706436010748943  1.7123675741645206  253.56252048632984  15.802255453346467
19.86986986986987  1.7009787605269162  1.7068735461653446  253.18344007772956  15.810144113892745
19.91991991991992  1.6955405218989505  1.7013987516768885  252.80600342983323  15.818014250218535
19.969969969969974  1.690121214661975  1.6959431103920701  252.43020033430074  15.825865926113513
20.02002002002002  1.6847207590876934  1.6905065419996617  252.05602066583268  15.833699205034591
20.070070070070074  1.6793390824360102  1.6850889610290631  251.6834542144561  15.84151415048956
20.12012012012012  1.6739761029261386  1.6796902895367998  251.3124910982527  15.84931082509299
20.170170170170174  1.6686317425402424  1.6743104469727346  250.9431214336775  15.857089291320351
20.22022022022022  1.6633059235866354  1.6689493529002202  250.57533542405332  15.86484961130561
20.27027027027027  1.6579985679220066  1.663606927861154  250.2091233492894  15.872591846864793
20.32032032032032  1.6527095901141915  1.658283100980521  249.84447547550246  15.880316059703237
20.37037037037037  1.647438913921701  1.6529777916374424  249.48138227285415  15.888022310916062
20.420420420420424  1.6421864598135474  1.6476909233459447  249.11983425057986  15.895710661366461
20.47047047047047  1.636952151036799  1.6424224173937092  248.7598219870272  15.903381171617955
20.520520520520524  1.6317359173918649  1.6371721891501845  248.40133611386912  15.911033901972047
20.57057057057057  1.6265376809766146  1.6319401620075498  248.04436737571766  15.918668912325996
20.620620620620624  1.6213573667043055  1.6267262571383885  247.68890657951707  15.926286262294054
20.67067067067067  1.6161948952344993  1.6215304006113347  247.33494459306513  15.933886011213305
20.720720720720724  1.6110501930525323  1.616352513040812  246.98247237841957  15.941468218058331
20.77077077077077  1.6059231849845923  1.6111925172745112  246.63148096658392  15.949032941505903
20.82082082082082  1.600813793059488  1.6060503395963315  246.2819614419348  15.956580239975596
20.87087087087087  1.595721942447665  1.6009259035590881  245.93390498566345  15.964110171517143
20.92092092092092  1.5906475573735317  1.5958191342293002  245.58730284587597  15.971622793887994
20.970970970970974  1.5855905650913356  1.5907299543071627  245.24214631782073  15.97911816460374
21.02102102102102  1.5805508906266077  1.5856582891513746  244.89842679105513  15.986596340817249
21.071071071071074  1.5755284597244754  1.5806040639618637  244.55613572300044  15.99405737938643
21.12112112112112  1.5705231989138442  1.575567203809522  244.21526461949676  16.001501336924544
21.171171171171174  1.5655350348731565  1.5705476341144868  243.87580506696798  16.008928269717114
21.22122122122122  1.5605638945318945  1.5655452805760748  243.53774872593286  16.016338233738686
21.27127127127127  1.5556097048449293  1.5605600695897468  243.2010872865458  16.023731284770143
21.32132132132132  1.5506723932757087  1.5555919275182823  242.86581252681802  16.031107478244586
21.37137137137137  1.5457518878187673  1.550640780659754  242.53191631489383  16.03846686924132
21.421421421421424  1.5408481166357555  1.5457065557652643  242.19939057224536  16.045809512583393
21.47147147147147  1.535961008201128  1.5407891798317084  241.86822728840446  16.053135462798586
21.521521521521525  1.5310904907959195  1.535888580764688  241.53841847827636  16.060444774235002
21.57157157157157  1.5262364925957936  1.5310046872632161  241.20995618956383  16.067737501040988
21.621621621621625  1.5213989432846828  1.5261374267065946  240.882832638836  16.075013696796518
21.67167167167167  1.516577772284086  1.5212867274732151  240.55704006221563  16.082273414917672
21.721721721721725  1.5117729092971213  1.5164525182280952  240.2325707612558  16.089516708532372
21.77177177177177  1.5069842843211985  1.511634727970086  239.9094170836014  16.096743630533876
21.82182182182182  1.5022118277150227  1.5068332862815361  239.58757132070124  16.103954233863888
21.871871871871875  1.497455469997083  1.5020481225774567  239.26702601542212  16.11114857066121
21.92192192192192  1.492715142017515  1.4972791667458853  238.94777369969523  16.118326692987836
21.971971971971975  1.4879907749102335  1.4925263489695286  238.6298069675879  16.125488652626686
22.02202202202202  1.4832823000929327  1.4877895997257613  238.31311847530367  16.13263450108165
22.072072072072075  1.4785896497400688  1.4830688496438353  237.99770079765565  16.13976428998554
22.12212212212212  1.473912755745077  1.4783640298181842  237.68354674298175  16.146878070204934
22.172172172172175  1.469251550444008  1.4736750715899567  237.37064913355653  16.153975892464366
22.22222222222222  1.464605966498963  1.4690019065822117  237.0590008409641  16.16105780724578
22.272272272272275  1.4599759368664578  1.4643444667094627  236.74859479569696  16.16812386476125
22.322322322322325  1.4553613947491315  1.4597026843466343  236.43942389890077  16.175174115211753
22.37237237237237  1.4507622736752261  1.4550764920510004  236.13148116762426  16.182208608361268
22.422422422422425  1.4461785074866853  1.450465822603825  235.8247597130684  16.189227393600557
22.47247247247247  1.4416100303017574  1.4458706091411915  235.51925267224405  16.19623052014756
22.522522522522525  1.437056776531518  1.4412907850961947  235.21495323816893  16.203218036958837
22.57257257257257  1.4325186809448203  1.436726284161225  234.91185458790466  16.21018999294761
22.622622622622625  1.4279956786189192  1.4321770403166387  234.60994993726254  16.21714643681802
22.67267267267267  1.423487704799386  1.4276429879121157  234.30923269602334  16.224087416594845
22.722722722722725  1.4189946950902659  1.4231240615562228  234.00969625723636  16.23101298026189
22.772772772772772  1.4145165853902573  1.418620196153481  233.71133406793774  16.237923175547703
22.822822822822825  1.410053311892709  1.4141313269043638  233.41413962915033  16.24481804992557
22.872872872872875  1.4056048110856219  1.409657389305299  233.1181064958836  16.25169765061354
22.922922922922922  1.4011710194373095  1.4051983194084416  232.82322806776375  16.25856202522128
22.972972972972975  1.3967518740711102  1.4007540532640819  232.52949803843592  16.265411220361614
23.023023023023022  1.3923473123680667  1.3963245272489975  232.23691013092207  16.272245282468138
23.073073073073076  1.3879572719418232  1.3919096780871982  231.94545808090214  16.2790642578469
23.123123123123122  1.3835816906963518  1.3875094428022208  231.65513567516288  16.2858681925576
23.173173173173176  1.3792205068259529  1.3831237587171272  231.3659367515979  16.29265713241358
23.223223223223222  1.3748736589445292  1.3787525632821307  231.0778551562172  16.299431123118012
23.273273273273276  1.370541086546651  1.3743957934598012  230.79088458981923  16.30619021074962
23.323323323323326  1.36622272835033  1.3700533879348393  230.50501915910388  16.312934440016864
23.373373373373376  1.361918523821652  1.3657252850811066  230.2202528696537  16.319663855864064
23.423423423423426  1.3576284127265366  1.3614114235593133  229.9365797749966  16.326378502999205
23.473473473473472  1.353352335130739  1.3571117423170218  229.65399397660593  16.33307842589394
23.523523523523526  1.3490902313998479  1.3528261805886423  229.37248962390032  16.33976366878358
23.573573573573572  1.3448420408442325  1.348554678990624  229.09206077737838  16.346434276112824
23.623623623623626  1.3406077035961603  1.3442971780043205  228.81270159821435  16.353090291918324
23.673673673673672  1.336387161443476  1.3400536173021946  228.5344064324629  16.359731759554432
23.723723723723726  1.3321803556005287  1.3358239375494028  228.25716958591465  16.36635872242643
23.773773773773776  1.327987227552269  1.3316080797215797  227.98098540935277  16.372971223712895
23.823823823823826  1.3238077190542479  1.327405985104839  227.7058482985532  16.379569306365674
23.873873873873876  1.3196417721326166  1.3232175952957697  227.4317526942844  16.38615301310989
23.923923923923926  1.3154893320992798  1.3190428485036056  227.15869285690331  16.392722387208515
23.973973973973976  1.3113503404679312  1.3148816882381174  226.8866633959323  16.399277470666057
24.024024024024023  1.3072247402783925  1.3107340567797543  226.61565887202676  16.405818305578677
24.074074074074076  1.30311247507553  1.3065998964319159  226.34567387330821  16.412344933875257
24.124124124124123  1.299013488710102  1.3024791497651986  226.07670303025273  16.41885739726692
24.174174174174176  1.294927725338756  1.2983717596173958  225.80874101569083  16.425355737247
24.224224224224226  1.2908551285408065  1.2942776697565688  225.54178248959673  16.43183999528286
24.274274274274276  1.286795640696413  1.2901968253478693  225.27582206021845  16.438310212950878
24.324324324324326  1.2827492080794554  1.2861291691301282  225.01085460243465  16.44476643083062
24.374374374374376  1.2787157756202379  1.2820746453476912  224.74687493036978  16.45120868964203
24.424424424424426  1.2746952885166158  1.2780331985408833  224.48387789810621  16.457637029895622
24.474474474474476  1.2706876922339965  1.2740047735460094  224.2218583996841  16.464051491892448
24.524524524524526  1.2666929325053387  1.2699893154953532  223.9608113691016  16.470452115724125
24.574574574574573  1.262710955741757  1.265986768783007  223.70073165074072  16.47683894173464
24.624624624624627  1.2587417082950894  1.2619970789222137  223.4416142320784  16.483212009690945
24.674674674674673  1.254785136621458  1.2580201921334124  223.18345419207205  16.489571358966906
24.724724724724727  1.2508411876102064  1.2540560545157553  222.92624659735648  16.495917028913265
24.774774774774777  1.2469098084253476  1.2501046124464468  222.6699865522782  16.502249058679347
24.824824824824827  1.2429909465055666  1.2461658125807418  222.4146691988952  16.50856748721302
24.874874874874877  1.2390845495504965  1.2422396018349027  222.16028971149277  16.51487235328078
24.924924924924927  1.2351905650638508  1.2383259268186395  221.90684311394912  16.52116369613553
24.974974974974977  1.2313089415341933  1.2344247353019526  221.6543247517483  16.527441553790677
25.025025025025027  1.2274396274378605  1.2305359749764895  221.40272989339886  16.533705964477537
25.075075075075077  1.2235825715205413  1.2266595938053417  221.1520538429954  16.539956966233756
25.125125125125123  1.219737722797279  1.2227955400230486  220.9022919402188  16.546194596903323
25.175175175175177  1.215905030552469  1.2189437621355943  220.65343956033593  16.552418894136547
25.225225225225227  1.2120844441003709  1.2151042086583113  220.40549203637104  16.558629895682373
25.275275275275277  1.2082759129393492  1.2112768282846822  220.15844470923093  16.564827639200114
25.325325325325327  1.2044793873681423  1.2074615705607867  219.9122931279783  16.571012161507312
25.375375375375377  1.2006948176781194  1.2036583850013056  219.66703278733337  16.57718349956558
25.425425425425427  1.1969221544245243  1.1998672213863686  219.42265921582222  16.58334169014955
25.475475475475477  1.1931613484264767  1.1960880297615573  219.17916797577686  16.58948676984686
25.525525525525527  1.1894123507669696  1.1923207604379036  218.93655466333496  16.59561877505818
25.575575575575574  1.1856751126848257  1.1885653639495988  218.69481488746865  16.601737742077592
25.625625625625627  1.1819495846797092  1.1848217907036744  218.453944096271  16.607843707758523
25.675675675675677  1.1782357192129522  1.1810899920371674  218.2139381011761  16.613936707504127
25.725725725725727  1.1745334682942672  1.1773699192725053  217.9747926085491  16.62001677706297
25.775775775775777  1.170842784186985  1.1736615239935506  217.73650335657035  16.626083952004254
25.825825825825827  1.167163619408057  1.1699647580456038  217.49906611523545  16.632138267717842
25.875875875875877  1.163495926728053  1.1662795735354008  217.2624766863552  16.63817975941424
25.925925925925927  1.159839659171162  1.162605922831114  217.02673090355572  16.6442084621246
25.975975975975977  1.1561947696123331  1.158943757471657  216.7918244443918  16.650224411438437
26.026026026026027  1.1525612116628954  1.155293030564398  216.5577532433844  16.656227641881884
26.076076076076077  1.1489389391327143  1.1516536953290122  216.32451324118034  16.6622181879026
26.126126126126128  1.1453279060042663  1.1480257050272906  216.09210037246086  16.668196083917234
26.176176176176178  1.141728066509409  1.1444090131709856  215.86051060174555  16.674161364170832
26.226226226226228  1.1381393751293796  1.1408035735218085  215.62973992339224  16.680114062736862
26.276276276276278  1.1345617865947963  1.1372093400914316  215.39978436159728  16.686054213517206
26.326326326326328  1.130995255188001  1.1336262669510495  215.17063986968418  16.69198185065108
26.376376376376378  1.1274397356130734  1.1300543084688643  214.9423024556957  16.697897008005096
26.426426426426428  1.1238951837337119  1.126493419511506  214.71476828891156  16.70379971874073
26.476476476476478  1.1203615551149015  1.1229435550459517  214.48803348932884  16.709690016169134
26.526526526526528  1.116838805558413  1.119404670285701  214.262094204965  16.715567933437253
26.576576576576578  1.1133268911028038  1.115876720690777  214.03694661185784  16.721433503527834
26.626626626626628  1.1098257680234178  1.112359661967724  213.81258691406555  16.727286759259407
26.676676676676678  1.106335392843339  1.1088534497295335  213.58901130957778  16.733127733426713
26.726726726726728  1.1028557223609683  1.1053580386395594  213.36621590450366  16.738956459154178
26.776776776776778  1.0993867135348354  1.101873385987492  213.144197071521  16.744772968419404
26.826826826826828  1.0959283235941295  1.0983994482579966  212.9229511059226  16.750577293469973
26.876876876876878  1.0924805100053536  1.094936182165824  212.70247432937398  16.756369466396027
26.926926926926928  1.0890432304723285  1.091483544655813  212.4827630899136  16.76214951913031
26.976976976976978  1.085616442936189  1.0880414929028892  212.2638137619527  16.767917483448137
27.027027027027028  1.0822001055753874  1.084609984312066  212.04562274627546  16.773673390967392
27.077077077077078  1.0787941740227907  1.0811889775800212  211.8281863044878  16.779417273848914
27.127127127127128  1.0753986079610458  1.0777784301792004  211.611500951367  16.785149163136644
27.177177177177178  1.0720133662045634  1.0743783002338643  211.39556316229533  16.790869089995336
27.227227227227228  1.068638407539785  1.0709885461995583  211.1803694232465  16.79657708549909
27.27727727727728  1.065273690964911  1.0676091267716643  210.9659162450467  16.802273180571007
27.32732732732733  1.0619191756898976  1.0642400008854003  210.75220016337448  16.807957405983206
27.37737737737738  1.0585748211364603  1.0608811277158225  210.5392177387609  16.81362979235681
27.42742742742743  1.0552405880394808  1.0575324648189972  210.32696548871823  16.819290370458372
27.47747747747748  1.0519164368119074  1.0541939708915287  210.11543998849854  16.824939170759816
27.52752752752753  1.0486023272759666  1.0508656062241821  209.90463788765655  16.830576223366126
27.577577577577582  1.0452982200344643  1.0475473303875746  209.69455582554752  16.836201558384378
27.62762762762763  1.0420040759327316  1.0442391031402314  209.48519046448325  16.841815205778936
27.67767767767768  1.0387198560586264  1.0409408844285866  209.27653848973182  16.847417195371452
27.72772772772773  1.0354455194446677  1.0376526360832108  209.0685965592251  16.853007557063602
27.77777777777778  1.03218102758568  1.0343743184839966  208.86136140243502  16.858586320399183
27.82782782782783  1.0289263423429726  1.031105892107245  208.65482977450287  16.86415351476729
27.87787787787788  1.0256814252430206  1.0278473180433556  208.44899844088985  16.869709169470248
27.92792792792793  1.0224462380065935  1.0245985576062437  208.24386418895793  16.875253313672367
27.97797797797798  1.0192207425487532  1.0213595723333369  208.03942382796976  16.880785976399913
28.028028028028032  1.0160049007028682  1.0181303236320964  207.83567413957385  16.88630718676468
28.07807807807808  1.0127986748499507  1.0149107735860647  207.63261199071417  16.89181697345421
28.128128128128132  1.0096020274583122  1.0117008843652606  207.43023425103982  16.89731536510466
28.17817817817818  1.006414921169172  1.0085006183358267  207.22853780826367  16.9028023902315
28.22822822822823  1.003237318813478  1.0053099380815733  207.02751957118062  16.90827807721585
28.27827827827828  1.000069183500977  1.0021288062642277  206.82717646579354  16.91374245432248
28.32832832832833  0.9969104796811712  0.998957183958692  206.62750538916384  16.919195549914107
28.37837837837838  0.9937611702649943  0.9957950351693955  206.42850333461232  16.924637391870032
28.42842842842843  0.990621219051783  0.9926423230221552  206.23016728615107  16.930068008076336
28.478478478478483  0.9874905900508572  0.9894990108286817  206.0324942479934  16.935487426288844
28.52852852852853  0.9843692474815183  0.9863650620865784  205.83548124455402  16.94089567413315
28.578578578578583  0.981257155513694  0.9832404405755973  205.6391253081643  16.946292779161308
28.62862862862863  0.9781542778253047  0.9801251105219216  205.4434234581076  16.951678768948636
28.678678678678683  0.9750605796485787  0.9770190358386922  205.24837279754183  16.95705367064623
28.72872872872873  0.9719760258382482  0.9739221808429809  205.0539704220005  16.962417511403405
28.77877877877878  0.9689005814395596  0.9708345100449761  204.86021344629623  16.967770318243495
28.82882882882883  0.965834211688276  0.9677559881479846  204.66709900452082  16.973112118063828
28.87887887887888  0.9627768816180089  0.9646865801537821  204.47462422930974  16.978442937734354
28.92892892892893  0.9597285562329619  0.961626251316267  204.282786260964  16.983762804054244
28.97897897897898  0.9566892015872689  0.958574966851875  204.09158230444714  16.989071743480885
29.029029029029033  0.9536587834976331  0.9555326922849782  203.9010095614032  16.994369782453138
29.07907907907908  0.9506372679542939  0.9524993933376203  203.7110652518589  16.999656947288127
29.129129129129133  0.9476246211210266  0.9494750359295188  203.5217466142233  17.004933264181258
29.17917917917918  0.9446208096731846  0.9464595854413578  203.3330508774609  17.01019875933994
29.22922922922923  0.9416258003332919  0.9434530077268871  203.14497529932083  17.015453458799865
29.279279279279283  0.9386395596987295  0.9404552694884494  202.95751718052188  17.020697388356833
29.32932932932933  0.9356620547355772  0.9374663372007388  202.77067382409982  17.025930573762132
29.37937937937938  0.932693252593438  0.9344861775143541  202.58444255065075  17.03115304064927
29.429429429429433  0.9297331206054389  0.9315147572558007  202.39882069833104  17.03636481453398
29.479479479479483  0.9267816261642087  0.9285520430424831  202.21380558826687  17.041565920982972
29.52952952952953  0.9238387369572397  0.9255980020133472  202.02939459019808  17.046756385293687
29.57957957957958  0.9209044208741182  0.9226526015408932  201.84558509660425  17.051936232620516
29.629629629629633  0.9179786459521211  0.919715809062288  201.66237450753107  17.057105488048848
29.679679679679683  0.9150613804093253  0.916787592182148  201.47976023982469  17.062264176549988
29.72972972972973  0.9121525926446062  0.9138679186725358  201.29773972713173  17.067412322981177
29.77977977977978  0.9092522494801355  0.9109567573266888  201.1163103612249  17.0725499523768
29.829829829829833  0.9063603202985061  0.9080540759493646  200.93546963012113  17.07767708926288
29.87987987987988  0.903476773994021  0.905159842837789  200.7552150163003  17.082793758162243
29.92992992992993  0.9006015794652519  0.9022740265423852  200.57554401314923  17.087899983512887
29.979979979979984  0.8977347057746172  0.8993965957892596  200.39645413028913  17.092995789641556
30.030030030030034  0.8948761221483819  0.8965275194802029  200.21794289357575  17.098081200763737
30.08008008008008  0.892025797976656  0.8936667666926884  200.04000784509938  17.10315624098365
30.13013013013013  0.8891837026815994  0.8908143058614082  199.86264648253814  17.108220934598872
30.180180180180184  0.8863498059761483  0.887970106384985  199.68585637821218  17.113275305502352
30.230230230230234  0.8835240777647183  0.885134138009322  199.509635133391  17.118319377411922
30.28028028028028  0.8807064880708271  0.8823063703781494  199.33398034498998  17.123353174037568
30.33033033033033  0.877897007080147  0.8794867733003754  199.15888962538065  17.128376718981908
30.380380380380384  0.8750956051405042  0.8766753167500874  198.9843606023906  17.13339003574024
30.43043043043043  0.8723022527618811  0.8738719708665514  198.81039091930353  17.138393147700487
30.48048048048048  0.8695169202598516  0.871076705578067  198.6369781891612  17.14338607837631
30.530530530530534  0.8667395782131556  0.8682894910846704  198.46412005340736  17.14836885110798
30.580580580580584  0.8639701978029094  0.8655102982159776  198.29181422536203  17.153341488840663
30.63063063063063  0.8612087501034822  0.8627390976831121  198.12005839933792  17.158304014587966
30.68068068068068  0.858455206344817  0.8599758603554336  197.94885028426057  17.16325645126042
30.730730730730734  0.8557095379124305  0.8572205572605389  197.77818760366824  17.16819882166553
30.780780780780784  0.8529717163474152  0.8544731595842625  197.6080680957119  17.173131148507736
30.83083083083083  0.8502417132304786  0.8517336383651247  197.43848948768039  17.178053454520676
30.880880880880884  0.8475195001586028  0.8490019644328234  197.26944949087215  17.182965762493794
30.930930930930934  0.8448050492867409  0.8462781098356175  197.1009459196016  17.18786809465459
30.98098098098098  0.8420983327331625  0.8435620462733993  196.93297656055836  17.19276047334678
31.03103103103103  0.8393993227681322  0.8408537455948687  196.76553921425878  17.197642920815102
31.081081081081084  0.836707991813911  0.8381531797975336  196.59863169504564  17.20251545920532
31.131131131131134  0.8340243124447562  0.8354603210277104  196.43225183108854  17.207378110564246
31.18118118118118  0.8313482572329105  0.8327751415841298  196.2663974555471  17.212230896886332
31.23123123123123  0.828679797817376  0.8300976139397525  196.10106635314165  17.217073840395557
31.281281281281284  0.8260189078780305  0.8274277106720993  195.93625643079451  17.22190696264519
31.331331331331334  0.8233655604440341  0.8247654045263039  195.7719655631985  17.22673028533249
31.38138138138138  0.8207197286842127  0.8221106683965944  195.60819163816552  17.231543830059493
31.431431431431434  0.8180813859070608  0.8194634753262969  195.4449325566269  17.23634761833301
31.481481481481485  0.8154505055607413  0.816823798507834  195.2821862326332  17.24114167156459
31.53153153153153  0.8128270612330835  0.814191611282724  195.1199505933542  17.24592601107057
31.58158158158158  0.8102110264918866  0.8115668860557412  194.9582235078514  17.250700658455678
31.631631631631635  0.8076023752712685  0.8089495969218338  194.79700295939512  17.255465634684942
31.681681681681685  0.8050010815684573  0.8063397176044959  194.63628691022862  17.26022096081204
31.73173173173173  0.8024071195106924  0.8037372219106718  194.4760733314081  17.26496665781864
31.78178178178178  0.7998204633634253  0.8011420837865004  194.31636020645962  17.26970274659465
31.831831831831835  0.7972410875303182  0.7985542773173157  194.1571455313789  17.274429247938258
31.881881881881885  0.794668966553246  0.795973776727646  193.99842731463144  17.279146182555895
31.93193193193193  0.7921040748333262  0.7934005557368038  193.84020352570533  17.283853571342615
31.981981981981985  0.7895463872075098  0.7908345888907976  193.68247220144573  17.28855143480264
32.032032032032035  0.7869958786657472  0.7882758509089889  193.5252313938946  17.293239793333584
32.08208208208208  0.7844525242591822  0.7857243164720263  193.36847915336014  17.29791866731874
32.13213213213213  0.7819162991738287  0.7831799603920314  193.21221354200398  17.30258807705301
32.18218218218219  0.7793871787305668  0.7806427576125976  193.0564326338407  17.307248042742916
32.232232232232235  0.7768651383851478  0.7781126832087906  192.90113451473832  17.311898584506608
32.28228228228228  0.7743501531295092  0.7755897123501301  192.7463172476451  17.31653972256607
32.332332332332335  0.7718421983743557  0.7730738203551618  192.5919789238519  17.32117147696375
32.38238238238239  0.7693412502321583  0.7705649827089571  192.43811767942995  17.325793867471724
32.432432432432435  0.7668472845684288  0.7680631750044491  192.28473164012584  17.33040691389627
32.48248248248248  0.7643602773734482  0.7655683729654189  192.13181894295295  17.335010635958536
32.532532532532535  0.7618802047622658  0.7630805524464949  191.97937773619122  17.339605053294537
32.58258258258258  0.7594070429746995  0.7605996894331539  191.82740617938717  17.34419018545514
32.632632632632635  0.7569407681545275  0.7581257598812796  191.67590242281366  17.348766052021404
32.68268268268268  0.7544813564073917  0.7556587397592364  191.5248646128566  17.35333267257431
32.732732732732735  0.7520287845758742  0.7531986056110426  191.3742909641139  17.35789006629003
32.78278278278278  0.7495830293235102  0.7507453338908111  191.22417967418855  17.362438252418244
32.832832832832835  0.7471440674326467  0.7482989011791733  191.07452895139588  17.36697725012662
32.88288288288289  0.7447118758044415  0.7458592841832802  190.92533701476378  17.371507078500787
32.932932932932935  0.7422864314588663  0.7434264597368037  190.77660209403265  17.37602775654437
32.98298298298298  0.7398677115874208  0.7410004045812195  190.62832242093162  17.38053930322868
33.033033033033036  0.7374556937445788  0.73858109457155  190.48049619749875  17.385041737673305
33.08308308308309  0.7350503551485863  0.7361685075771952  190.33312171178395  17.38953507848661
33.133133133133136  0.7326516733338768  0.7337626207752145  190.18619722988845  17.39401934438109
33.18318318318318  0.7302596259568418  0.7313634114561277  190.03972102810505  17.3984945539902
33.233233233233236  0.7278741907958318  0.7289708570239174  189.89369139291824  17.402960725868326
33.28328328328329  0.7254953457511579  0.7265849349960287  189.7481066210043  17.407417878490804
33.333333333333336  0.723123068845089  0.7242056230033688  189.60296501923105  17.411866030253915
33.38338338338338  0.7207573366011051  0.721832899315478  189.45826484798374  17.4163051998026
33.433433433433436  0.7183981280616296  0.7194667415386636  189.314004461657  17.420735405218075
33.48348348348349  0.7160454214677137  0.7171071276918841  189.17018219255007  17.425156664689187
33.533533533533536  0.7136991951436903  0.7147540359200909  189.0267963818014  17.429568996333558
33.58358358358358  0.711359427521851  0.712407444486235  188.88384538025156  17.43397241819258
33.633633633633636  0.7090260971424446  0.7100673317712665  188.74132754844317  17.438366948231433
33.68368368368368  0.7066991826536787  0.7077336762741347  188.59924125662093  17.44275260433905
33.733733733733736  0.704378663036357  0.7054064555780127  188.45758484364208  17.44712940456904
33.78378378378379  0.7020645171187523  0.703085648582824  188.31635670571276  17.451497366619467
33.833833833833836  0.6997567238566379  0.7007712342165654  188.17555524516703  17.4558565081331
33.88388388388388  0.697455262363029  0.6984631912984236  188.03517886502584  17.460206846729353
33.933933933933936  0.6951601118614212  0.6961614987539793  187.8952259775511  17.464548399954115
33.98398398398399  0.6928712516857891  0.6938661356152066  187.75569500424544  17.468881185279745
34.034034034034036  0.6905886612805879  0.6915770810204744  187.6165843758523  17.473205220105093
34.08408408408408  0.6883123196438371  0.6892943142109185  187.4778925042963  17.47752052192221
34.13413413413413  0.6860422062394234  0.687017814536382  187.33961782864867  17.481827108043237
34.18418418418419  0.6837783010314354  0.6847475614556402  187.20175881685736  17.48612499559011
34.234234234234236  0.6815205837949267  0.6824835345319124  187.06431393102025  17.490414201700922
34.28428428428428  0.6792690344067903  0.6802257134347545  186.92728164204067  17.494694743442835
34.334334334334336  0.6770236328457596  0.6779740779400599  186.79066042962756  17.49896663781206
34.38438438438439  0.6747843591924093  0.6757286079300607  186.65444878229536  17.50322990173389
34.434434434434436  0.6725511935181697  0.6734892831561778  186.5186451801761  17.50748455216622
34.48448448448448  0.6703241159551525  0.6712560833882193  186.383248105833  17.511730606034416
34.53453453453454  0.6681031069836901  0.6690289890287962  186.2482560887915  17.515968079963045
34.58458458458458  0.6658881470580378  0.6668079803135224  186.1136676475721  17.520196990625077
34.63463463463464  0.6636792167316371  0.6645930375786798  185.97948130908975  17.52441735462503
34.68468468468469  0.6614762966571163  0.6623841412612175  185.84569560865413  17.528629188498954
34.73473473473474  0.6592793675862917  0.660181271898754  185.7123090899694  17.53283250871445
34.78478478478478  0.657088410284186  0.6579844100473623  185.57932029694405  17.537027331720576
34.83483483483484  0.654903405342433  0.6557935361031518  185.44672775591573  17.541213674056195
34.88488488488489  0.6527243340049744  0.6536086310917837  185.31453005430654  17.545391551870555
34.93493493493494  0.6505511773694217  0.651429675904828  185.1827257645455  17.549560981387014
34.98498498498498  0.6483839166284974  0.6492566515306256  185.05131346706779  17.55372197876281
35.03503503503504  0.6462225330700353  0.6470895390542885  184.92029175031504  17.557874560089115
35.08508508508509  0.6440670080769808  0.6449283196576989  184.78965921073532  17.562018741390993
35.13513513513514  0.6419173231208493  0.6427729746093312  184.6594144519802  17.566154538632382
35.18518518518518  0.6397734594301148  0.6406234847482177  184.52955604421297  17.57028196796758
35.23523523523524  0.6376353988478826  0.6384798318186075  184.4000826293536  17.574401045090788
35.28528528528529  0.6355031231007698  0.6363419973322413  184.27099283136295  17.578511785790596
35.33533533533534  0.6333766140075172  0.6342099628929817  184.14228528184162  17.582614205791767
35.38538538538538  0.6312558534789895  0.6320837101968143  184.01395862003005  17.58670832075523
35.43543543543544  0.629140823518176  0.6299632210318465  183.88601149280856  17.590794146278096
35.48548548548549  0.6270315062201909  0.6278484772783094  183.75844255469713  17.594871697893645
35.53553553553554  0.62492788325834  0.6257394607307537  183.63125043501327  17.59894099127691
35.585585585585584  0.6228299370368332  0.6236361534968474  183.50443381153488  17.60300204178358
35.63563563563564  0.6207376499426013  0.6215385377385318  183.37799136268848  17.607054864749273
35.685685685685684  0.6186510043681429  0.6194465956799255  183.2519217690089  17.611099475480405
35.73573573573574  0.6165699827926593  0.6173603096353933  183.12622371832444  17.61513588922174
35.78578578578579  0.6144945677820558  0.6152796620095474  183.00089590575678  17.619164121156377
35.83583583583584  0.6124247419889417  0.6132046352972479  182.87593703372104  17.623184186405762
35.885885885885884  0.6103604881480786  0.6111352116001875  182.75134578907904  17.62719610017442
35.93593593593594  0.6083017890844835  0.6090713734875862  182.62712088381667  17.631199877492257
35.98598598598599  0.6062486277120855  0.6070131038534544  182.50326104829807  17.635195533257296
36.03603603603604  0.6042009870294657  0.6049603854640386  182.37976500987725  17.639183082371172
36.086086086086084  0.6021588501218426  0.6029132011689007  182.2566315028741  17.643162539675934
36.13613613613614  0.6001222001610733  0.6008715339009186  182.13385926857427  17.647133919954058
36.18618618618619  0.5980910204056543  0.5988353666762877  182.01144705522944  17.651097237928425
36.23623623623624  0.5960652936747826  0.5968046828104172  181.88939360358944  17.6550525083551
36.286286286286284  0.5940450028357992  0.5947794657178354  181.7676976603112  17.658999745937358
36.33633633633634  0.5920301317744756  0.5927596985138818  181.64635800464913  17.66293896515454
36.38638638638639  0.5900206639523639  0.5907453646069228  181.52537340877083  17.66687018051651
36.43643643643644  0.5880165829063867  0.588736447493265  181.40474265149973  17.670793406475536
36.486486486486484  0.5860178722488388  0.5867329307571565  181.28446451831525  17.67470865742628
36.53653653653654  0.5840245156673861  0.5847347980707865  181.16453780135268  17.678615947705826
36.58658658658659  0.5820364972352106  0.5827420327759214  181.04496129450877  17.682515291625286
36.63663663663664  0.580053801907025  0.5807546172148084  180.92573378561391  17.686406703520408
36.68668668668669  0.5780764131965925  0.5787725358630588  180.80685409308384  17.69029019751468
36.73673673673674  0.5761043153545611  0.5767957723918868  180.68832103155088  17.69416578774146
36.786786786786784  0.5741374927328862  0.57482431052546  180.57013342189373  17.69803348827917
36.83683683683684  0.5721759297848318  0.5728581340409  180.45229009123778  17.70189331315126
36.88688688688689  0.5702196092322117  0.5708972284813099  180.33478986717762  17.7057452763653
36.93693693693694  0.5682685149679189  0.5689415784428635  180.21763158692664  17.709589391851097
36.986986986986985  0.5663226315396914  0.5669911680573125  180.10081409568977  17.71342567347173
37.037037037037045  0.5643819429988752  0.5650459820680164  179.98433624303433  17.717254135048055
37.08708708708709  0.562446434125859  0.5631060046196713  179.86819688377847  17.721074790352343
37.13713713713714  0.5605160913599851  0.5611712183052439  179.75239487707628  17.724887653113992
37.187187187187185  0.5585908984214714  0.5592416086530555  179.6369290907244  17.728692736992638
37.23723723723724  0.5566708402401548  0.557317160100221  179.52179839729735  17.732490055602288
37.28728728728729  0.5547559018554498  0.5553978571200808  179.40700167522988  17.736279622504554
37.33733733733734  0.552846067395806  0.5534836851752896  179.2925378058878  17.740061451228154
37.387387387387385  0.5509413221356311  0.5515746287968435  179.1784056794714  17.743835555229634
37.43743743743744  0.5490416512258471  0.5496706727696217  179.06460419137204  17.747601947917577
37.48748748748749  0.5471470398023388  0.5477718020311073  178.95113224248365  17.75136064265058
37.53753753753754  0.5452574730089912  0.5458780016118676  178.8379887375411  17.755111652748525
37.58758758758759  0.543372936034533  0.5439892566231588  178.72517258622676  17.758854991485084
37.63763763763764  0.5414934142363726  0.5421055522152651  178.61268270688902  17.76259067206249
37.68768768768769  0.5396188929928524  0.5402268736272035  178.50051802210584  17.76631870764163
37.73773773773774  0.5377493577430789  0.5383532061715393  178.38867745979934  17.770039111334498
37.78778778778779  0.535884793886223  0.5364845352368773  178.27715994878415  17.773751896234465
37.83783783783784  0.5340251870222233  0.5346208462819086  178.1659644294087  17.777457075343897
37.887887887887885  0.5321705227647148  0.5327621248400356  178.05508984528475  17.781154661630424
37.93793793793794  0.5303207867900749  0.5309083565181612  177.944535145456  17.784844668012177
37.98798798798799  0.5284759650145582  0.5290595266738065  177.83429927794006  17.78852710740167
38.03803803803804  0.5266360432688795  0.5272156210082833  177.72438120159234  17.79220199262519
38.088088088088085  0.5248010073760909  0.5253766254247363  177.61477988326664  17.795869336442095
38.138138138138146  0.5229708432955048  0.5235425257658013  177.50549429256833  17.799529151580455
38.18818818818819  0.5211455370516517  0.5217133079431031  177.39652340444445  17.80318145071945
38.23823823823824  0.5193250747342787  0.5198889579372544  177.2878661991834  17.806826246489386
38.288288288288285  0.5175094424983516  0.5180694617978557  177.17952166241528  17.810463551471702
38.33833833833834  0.5156986265646891  0.5162548054355685  177.07148877601378  17.814093378261344
38.38838838838839  0.5138926132192263  0.5144449748635276  176.96376652865933  17.81771573939434
38.43843843843844  0.512091388812214  0.5126399564582074  176.8563539272532  17.821330647269477
38.48848848848849  0.5102949397596471  0.5108397364931713  176.74924997651675  17.824938114288262
38.53853853853854  0.5085032525427506  0.5090443013068922  176.64245368633448  17.828538152804533
38.58858858858859  0.5067163137079795  0.5072536373027512  176.53596407175388  17.83213077512449
38.63863863863864  0.504934109867019  0.5054677309490385  176.42978015298547  17.83571599350666
38.68868868868869  0.5031566275950224  0.5036865687195333  176.32390094836114  17.839293820210695
38.73873873873874  0.5013838534070637  0.5019101370797542  176.2183254727046  17.842864267508645
38.78878878878879  0.4996157742406669  0.5001384227687129  176.11305277072165  17.846427347453695
38.83883883883884  0.4978523769283161  0.49837141249090783  176.00808188049868  17.84998307213298
38.88888888888889  0.4960936483645349  0.49660909301388256  175.9034118450644  17.8535314535875
38.93893893893894  0.4943395755058867  0.4948514511682276  175.79904171238982  17.857072503812145
38.988988988988986  0.4925901453709738  0.49309847384757827  175.69497053538814  17.86060623475565
39.03903903903905  0.4908453450075598  0.4913501479704383  175.59119736882667  17.864132658342232
39.08908908908909  0.48910516133506443  0.4896064602972888  175.4877212545328  17.867651786574918
39.13913913913914  0.4873695816756845  0.487867398047313  175.3845412712808  17.871163631186974
39.189189189189186  0.4856385932676223  0.486132948333169  175.28165648907054  17.874668203961377
39.23923923923925  0.48391218340881736  0.484403098327887  175.179065982628  17.8781655166365
39.28928928928929  0.48219033945694695  0.48267783526487085  175.0767688314052  17.881655580906088
39.33933933933934  0.480473048829425  0.48095714643789556  174.97476411958004  17.885138408419273
39.38938938938939  0.47876029900340233  0.4792410192011092  174.87305093605661  17.88861401078058
39.43943943943944  0.4770520772425023  0.47752944077103754  174.7716283541067  17.89208239969378
39.48948948948949  0.47534837121448026  0.47582239867411064  174.6704954773855  17.895543586636713
39.53953953953954  0.4736491686013514  0.4741198804641807  174.5696514108862  17.89899758306653
39.58958958958959  0.47195445708034955  0.47242187370872496  174.4690952595214  17.902444400429754
39.63963963963964  0.4702642243873543  0.4707283660348026  174.36882613284837  17.90588405012885
39.68968968968969  0.46857845831652306  0.4690393451287877  174.26884314504167  17.909316543522444
39.73973973973974  0.4668971467199255  0.4673547987361046  174.169145414866  17.912741891925503
39.78978978978979  0.46522027739771155  0.4656747144021256  174.06973204987779  17.91616010672261
39.83983983983984  0.4635478383394315  0.46399908004338697  173.97060218121842  17.919571199118494
39.88988988988989  0.4618798175730921  0.46232788359127613  173.87175494189293  17.922975180293772
39.93993993993995  0.460216203160779  0.4606611129822802  173.77318946616455  17.92637206140927
39.98998998998999  0.4585569832185478  0.45899875620562036  173.6749048924463  17.929761853585315
40.04004004004004  0.4569021459159497  0.4573408013027341  173.57690036325786  17.933144567902023
40.09009009009009  0.45525167947555994  0.4556872363667581  173.47917502518337  17.936520215399597
40.14014014014015  0.45360557217250397  0.4540380495420118  173.38172802882855  17.93988880707865
40.190190190190194  0.4519638122477958  0.4523932290862346  173.28455852781244  17.943250353907843
40.24024024024024  0.4503263878640692  0.4507527634019542  173.18766567823405  17.946604866827954
40.29029029029029  0.44869328757453747  0.44911664069417934  173.0910486438894  17.949952356712068
40.34034034034035  0.44706449981877094  0.44748484933665983  172.99470659058483  17.953292834408916
40.390390390390394  0.4454400130815449  0.4458573777553697  172.89863868787933  17.95662631072956
40.44044044044044  0.44381981589210756  0.4442342144281768  172.8028441090389  17.959952796447734
40.490490490490494  0.44220389682344996  0.44261534788451407  172.70732203099126  17.96327230230015
40.54054054054054  0.44059224449157575  0.4410007667050507  172.6120716342802  17.966584838986837
40.590590590590594  0.438984847554769  0.43939045952136124  172.5170921030201  17.96989041717146
40.64064064064064  0.4373816954675051  0.43778441453317346  172.42238263684067  17.973189047399316
40.690690690690694  0.4357827768518434  0.4361826205487012  172.3279424249764  17.976480740275264
40.74074074074074  0.43418808043849605  0.43458506638224637  172.23377066118536  17.979765506361286
40.790790790790794  0.43259759517577223  0.43299174078375435  172.13986654544593  17.98304335616485
40.84084084084085  0.43101131006568727  0.43140263254279054  172.0462292813191  17.98631430015706
40.890890890890894  0.4294292141639937  0.4298177304877242  171.95285807591495  17.98957834877286
40.94094094094094  0.42785129658021026  0.42823702348491227  171.85975213985924  17.992835512411293
40.990990990990994  0.42627754647765365  0.42666050043788306  171.76691068725998  17.99608580143577
41.04104104104105  0.42470795284751245  0.42508815057230087  171.67433293826534  17.999329226156096
41.091091091091094  0.4231425042232295  0.42351996379642953  171.5820181223065  18.002565796805808
41.14114114114114  0.4215811901997814  0.4219559287788224  171.48996546064006  18.005795523664478
41.19119119119119  0.42002399995667566  0.42039603481560595  171.3981741832544  18.009018416939274
41.24124124124125  0.41847092269724534  0.4188402712740979  171.30664352379864  18.012234486800487
41.291291291291294  0.4169219476467525  0.4172886275944298  171.2153727195711  18.015443743381628
41.34134134134134  0.4153770640504897  0.4157410932911682  171.1243610115079  18.01864619677952
41.391391391391394  0.4138362619353224  0.41419765717962426  171.03360764366613  18.021841857058156
41.44144144144145  0.41229953117058515  0.41265830832925987  170.9431118638332  18.025030734244154
41.491491491491495  0.4107668610765521  0.4111230364610001  170.8528729237738  18.02821283832489
41.54154154154154  0.4092382414184062  0.40959183093750084  170.76289007855885  18.031388179253554
41.591591591591595  0.4077136620526148  0.4080646811219684  170.67316258678696  18.034556766947457
41.64164164164164  0.4061931127252133  0.4065415765705316  170.58368971018743  18.03771861129094
41.691691691691695  0.40467658218738817  0.40502250787753774  170.49447071195576  18.040873722147374
41.74174174174174  0.40316406085276074  0.4035074641336083  170.40550486166214  18.044022109323727
41.791791791791795  0.40165553854455716  0.40199643507967187  170.3167914310478  18.047163782600936
41.84184184184184  0.40015100511736296  0.40048941051177794  170.22832969515576  18.050298751725744
41.891891891891895  0.39865045045505026  0.3989863802825288  170.14011893230423  18.053427026410898
41.94194194194195  0.3971538645509944  0.39748733422629096  170.0521584243243  18.056548616333494
41.991991991991995  0.39566123735887926  0.3959922622969062  169.96444745605996  18.0596635311385
42.04204204204204  0.3941725588519473  0.3945011545123225  169.8769853155386  18.062771780437547
42.092092092092095  0.3926878190474351  0.3930140009314732  169.78977129402944  18.065873373808554
42.14214214214215  0.3912070079879027  0.3915307916710862  169.70280468596332  18.068968320796312
42.192192192192195  0.3897301159206394  0.39005151673910493  169.61608478948307  18.07205663090854
42.24224224224224  0.3882571333675279  0.38857616596952055  169.52961090664542  18.075138313614485
42.292292292292295  0.3867880503746007  0.38710472971665  169.44338234101448  18.078213378362058
42.34234234234235  0.38532285725924525  0.3856371981628879  169.3573984000176  18.081281834561068
42.392392392392395  0.3838615443902945  0.3841735615218113  169.27165839422582  18.084343691588362
42.44244244244244  0.38240410218901616  0.38271381003678046  169.1861616373369  18.087398958787936
42.492492492492495  0.38095052085135617  0.38125793427702487  169.1009074469814  18.090447645465357
42.54254254254254  0.3795007909461028  0.3798059244989144  169.01589514294213  18.093489760900148
42.592592592592595  0.3780549029861911  0.37835777110313323  168.93112404840593  18.096525314337107
42.64264264264264  0.37661284751385843  0.3769134645434539  168.84659348969817  18.099554314988165
42.692692692692695  0.3751746151119126  0.3754729953143653  168.76230279623522  18.102576772032698
42.74274274274274  0.373740196421977  0.3740363539269752  168.67825130029044  18.105592694619386
42.792792792792795  0.3723095821268096  0.3726035309315749  168.5944383371889  18.10860209186467
42.84284284284285  0.3708827629289274  0.37117451694500786  168.5108632455469  18.111604972850923
42.892892892892895  0.36945972958363166  0.3697493026073725  168.42752536686075  18.11460134662961
42.94294294294294  0.36804047288785097  0.36832787859611266  168.3444240456243  18.117591222220412
42.992992992992995  0.36662498364699536  0.36691023565692354  168.26155862922633  18.12057460861197
43.04304304304305  0.3652132524437024  0.3654963648216111  168.17892846732843  18.12355151476657
43.093093093093096  0.36380527034743504  0.3640862567380641  168.09653291371234  18.126521949606296
43.14314314314314  0.3624010282763879  0.36267990227205066  168.01437132458977  18.129485922025705
43.193193193193196  0.3610005171843172  0.36127729233053035  167.93244305907746  18.132443440888277
43.24324324324325  0.3596037280601619  0.359878417861637  167.85074747918108  18.135394515026523
43.293293293293296  0.358210651927663  0.3584832698546598  167.7692839497788  18.13833915324213
43.34334334334334  0.3568212798449849  0.3570918393400263  167.6880518386053  18.141277364306088
43.393393393393396  0.3554356029110754  0.35570411738254015  167.60705051623447  18.144209156958816
43.44344344344345  0.35405361260034357  0.35432009474609977  167.52627935603033  18.147134539911008
43.493493493493496  0.3526752999021408  0.3529397627543512  167.44573773421578  18.15005352184194
43.54354354354354  0.35130065605432315  0.3515631125562747  167.36542502978367  18.15296611140116
43.593593593593596  0.34992967233320316  0.35019013533596544  167.2853406245013  18.155872317208146
43.64364364364364  0.3485623400534964  0.34882082231229034  167.20548390289423  18.15877214785245
43.693693693693696  0.34719865056826665  0.34745516473854354  167.12585425222994  18.16166561189383
43.74374374374375  0.3458385952688728  0.3460931539021033  167.0464510625015  18.164552717862367
43.793793793793796  0.34448216558491507  0.3447347811240891  166.96727372641132  18.167433474258598
43.84384384384384  0.3431293527741028  0.343380037993768  166.8883216404394  18.170307889546383
43.893893893893896  0.3417801484232788  0.3420289158082828  166.80959420224016  18.17317597217034
43.94394394394395  0.34043454405995904  0.3406814060063328  166.73109081263152  18.17603773054257
43.993993993993996  0.33909253123330474  0.33933750007728813  166.65281087516  18.17889317304557
44.04404404404404  0.3377541015264484  0.3379971895470112  166.57475379602067  18.181742308032778
44.094094094094096  0.3364192465562312  0.3366604659777474  166.49691898404208  18.18458514382873
44.14414414414415  0.33508795797293944  0.33532732096801493  166.4193058506708  18.18742168872914
44.194194194194196  0.3337602274600423  0.33399774615249583  166.34191380995645  18.19025195100104
44.24424424424424  0.3324360469074763  0.33267173305254194  166.2647422796375  18.193075938875477
44.294294294294296  0.33111540802511547  0.3313492734085479  166.18779067867527  18.195893660564153
44.34434434434435  0.3297983025944331  0.330030358962996  166.11105842883708  18.198705124248765
44.394394394394396  0.32848472245960186  0.3287149814677787  166.03454495462643  18.201510338081512
44.44444444444444  0.32717465950041036  0.3274031327071764  165.95824968309745  18.204309310186332
44.4944944944945  0.32586810563219687  0.32609480449757694  165.88217204384108  18.207102048659042
44.54454454454455  0.32456505280578385  0.32478998868719755  165.80631146897093  18.209888561567443
44.5945945945946  0.32326549300741103  0.3234886771558039  165.7306673931096  18.21266885695142
44.64464464464465  0.3219694179986162  0.32219086208888553  165.65523925396164  18.21544294281925
44.6946946946947  0.32067681984289215  0.32089653542148733  165.58002649111054  18.218210827155442
44.74474474474474  0.3193876906577783  0.3196056890994946  165.505028546564  18.220972517917204
44.7947947947948  0.3181020225181362  0.31831831518136544  165.4302448649587  18.22372802303315
44.84484484484485  0.3168198075274571  0.31703440576252573  165.35567489338473  18.22647735040444
44.8948948948949  0.3155410378174547  0.31575395297545056  165.28131808137286  18.229220507904916
44.94494494494494  0.3142657055476572  0.31447694898974354  165.20717388088096  18.231957503381174
44.994994994995  0.3129938029050009  0.3132033860122185  165.13324174628104  18.234688344652696
45.04504504504505  0.3117253224411857  0.31193325595596455  165.05952113464164  18.23741303951009
45.0950950950951  0.31046025647568054  0.3106665510250969  164.98601150519238  18.24013159571848
45.14514514514514  0.30919859719939113  0.30940326361283826  164.91271231940212  18.24284402101705
45.1951951951952  0.30794033698386747  0.3081433859981732  164.83962304123642  18.245550323117417
45.24524524524525  0.3066854682358398  0.30688691048808786  164.76674313701776  18.248250509704572
45.2952952952953  0.3054339833973316  0.3056338294171389  164.69407207541252  18.25094458843697
45.34534534534534  0.30418587494577365  0.3043841351470249  164.62160932741835  18.253632566946624
45.3953953953954  0.3029411353941173  0.30313782006615586  164.54935436635145  18.256314452839224
45.44544544544545  0.30169975715663727  0.3018948767289266  164.47730666811842  18.25899025369237
45.4954954954955  0.3004617327394341  0.3006552976572551  164.40546571080014  18.261659977058315
45.545545545545544  0.29922705481569345  0.29941907526199113  164.3338309744798  18.264323630465125
45.5955955955956  0.29799571600423724  0.29818620207294183  164.2624019416997  18.266981221413694
45.64564564564565  0.29676770895531274  0.29695667064932935  164.1911780972668  18.269632757379046
45.6956956956957  0.29554302635045615  0.29573047357961835  164.1201589282407  18.272278245810426
45.74574574574575  0.29432166090235795  0.2945076034813464  164.0493439239214  18.274917694131414
45.7957957957958  0.29310360535472785  0.29328805300095306  163.97873257583703  18.277551109740013
45.845845845845844  0.29188885229051276  0.29207181501320917  163.9083243780257  18.280178500006752
45.8958958958959  0.2906773943085504  0.29085888243692026  163.83811882675204  18.282799872276623
45.94594594594595  0.2894692243665996  0.2896492478773449  163.76811541996864  18.285415233872808
45.995995995996  0.2882643352657925  0.2884429041628316  163.69831365809452  18.28802459209134
46.046046046046044  0.28706271982939524  0.28723984415832443  163.62871304372842  18.290627954203103
46.096096096096105  0.2858643709022332  0.2860400607656512  163.5593130816373  18.293225327453932
46.14614614614615  0.2846692813501155  0.28484354692381136  163.4901132787448  18.29581671906469
46.1961961961962  0.2834774440592588  0.2836502956092631  163.42111314411977  18.298402136231367
46.246246246246244  0.28228885221281136  0.2824602995622057  163.35231218910928  18.300981586124205
46.2962962962963  0.2811034993300499  0.2812735512475392  163.28370992734781  18.30355507588762
46.34634634634635  0.2799213781731208  0.2800900439356361  163.21530587417567  18.306122612644234
46.3963963963964  0.27874248190993556  0.27890977055214633  163.14709954723455  18.308684203490806
46.446446446446444  0.2775668037583092  0.2777327240296058  163.07909046627046  18.31123985549958
46.4964964964965  0.27639433698754046  0.2765588973055915  163.01127815312353  18.313789575718392
46.54654654654655  0.2752250748983949  0.2753882833425179  162.9436621317191  18.31633337117074
46.5965965965966  0.27405900973207026  0.27422087622052477  162.87624192813905  18.318871248855316
46.64664664664665  0.2728961351188498  0.2730566686838153  162.80901707042844  18.32140321574735
46.6966966966967  0.27173644418195875  0.271895654040217  162.74198708872697  18.323929278797696
46.74674674674675  0.27057993003154  0.2707378256659855  162.67515151522178  18.326449444933225
46.7967967967968  0.2694265857602789  0.26958317700992895  162.60850988413748  18.32896372105688
46.84684684684685  0.2682764055278768  0.26843170050853266  162.5420617317084  18.331472114047877
46.8968968968969  0.2671293822579982  0.267283389889075  162.4758065962063  18.333974630761553
46.946946946946944  0.2659855092941431  0.2661382385132739  162.40974401790308  18.33647127802962
46.996996996997005  0.26484478004944983  0.26499623972728037  162.34387353906666  18.338962062660215
47.04704704704705  0.2637071879755487  0.263857386892577  162.27819470395133  18.341446991437998
47.0970970970971  0.26257272653761626  0.26272167341141967  162.21270705883146  18.3439260711239
47.147147147147145  0.2614413892686413  0.2615890926708271  162.14741015190455  18.346399308455855
47.197197197197205  0.260313169737763  0.26045963807493006  162.08230353333605  18.348866710148474
47.24724724724725  0.2591880615546942  0.25933330304021573  162.01738675524442  18.35132828289318
47.2972972972973  0.25806605837338714  0.25821008099154713  161.9526593716878  18.353784033358302
47.347347347347345  0.2569471534444706  0.25708996581116295  161.88812093873455  18.356233968188608
47.3973973973974  0.25583134044452116  0.25597295100605194  161.82377101430518  18.358678094006436
47.44744744744745  0.25471861305669075  0.2548590301286563  161.75960915823785  18.361116417411218
47.4974974974975  0.2536089649108324  0.2537481968367254  161.69563493228966  18.36354894497953
47.54754754754755  0.2525023896489742  0.25264044482735404  161.63184790011545  18.365975683265223
47.5975975975976  0.2513988811657538  0.2515357675977217  161.56824762731415  18.368396638799126
47.64764764764765  0.25029843320165474  0.25043415884925674  161.50483368132618  18.37081181808978
47.6976976976977  0.24920103947789646  0.24933561235330556  161.4416056314559  18.373221227623294
47.74774774774775  0.24810669379759484  0.24824012185033328  161.37856304888575  18.375624873863256
47.7977977977978  0.24701538999150038  0.24714768110364255  161.31570550665504  18.378022763250915
47.84784784784785  0.245927121802363  0.24605828401599766  161.25303257967533  18.380414902205075
47.8978978978979  0.24484188305539514  0.2449719244571473  161.19054384468603  18.382801297122423
47.94794794794795  0.24375966764503934  0.243888596276971  161.12823888024815  18.38518195437759
47.997997997998  0.24268046944597763  0.24280829339518148  161.06611726675442  18.387556880323082
48.048048048048045  0.2416042823489285  0.24173100976492604  161.00417858641285  18.389926081289442
48.098098098098106  0.24053110059343089  0.24065673903913215  160.9424224232607  18.392289563585138
48.14814814814815  0.23946091831132452  0.23958547502770597  160.8808483631249  18.39464733349687
48.1981981981982  0.2383937294297515  0.23851721179450217  160.8194559936073  18.39699939728968
48.248248248248245  0.23732952806429625  0.2374519432631957  160.75824490410244  18.399345761206856
48.298298298298306  0.23626830837069893  0.23638966336564107  160.6972146857788  18.401686431470065
48.34834834834835  0.23521006454605542  0.2353303660404534  160.63636493157065  18.404021414279438
48.3983983983984  0.23415478995408062  0.23427404610895167  160.5756952362061  18.406350715813407
48.44844844844845  0.23310247887531887  0.23322069752191213  160.51520519612657  18.408674342229233
48.4984984984985  0.23205312554884036  0.23217031431936544  160.4548944095244  18.410992299662777
48.54854854854855  0.23100672410049294  0.23112289070245684  160.39476247634562  18.41330459422847
48.5985985985986  0.22996326867535766  0.23007842090077554  160.33480899828447  18.41561123201937
48.64864864864865  0.22892275389786754  0.229036898705626  160.27503357852748  18.417912219109553
48.6986986986987  0.2278851740181371  0.22799831833596218  160.21543582222822  18.420207561549656
48.74874874874875  0.22685052326438707  0.22696267408089874  160.1560153363113  18.42249726536871
48.7987987987988  0.2258187959999521  0.22592996014044875  160.09677172938515  18.424781336574966
48.84884884884885  0.22478998662173996  0.2249001707285231  160.03770461179832  18.427059781155382
48.8988988988989  0.2237640891924994  0.22387330042226733  159.97881359491382  18.429332605082198
48.94894894894895  0.22274109806188297  0.22284934357206632  159.92009829233496  18.43159981430181
48.99899899899901  0.22172100772661785  0.2218282944343792  159.86155831962913  18.433861414737237
49.04904904904905  0.220703812593169  0.22081014739720417  159.80319329385955  18.436117412292443
49.0990990990991  0.21968950708883656  0.21979489687453715  159.74500283380456  18.4383678128503
49.149149149149146  0.2186780857039217  0.21878253723911179  159.68698655901616  18.440612622281147
49.19919919919921  0.21766954292888233  0.21777306292264584  159.62914409122314  18.44285184643006
49.24924924924925  0.21666387325098838  0.21676646842117755  159.57147505440565  18.44508549111615
49.2992992992993  0.21566107119680575  0.21576274822729472  159.5139790738468  18.447313562141204
49.349349349349346  0.21466113131537262  0.21476189685697322  159.4566557765082  18.449536065286257
49.39939939939941  0.21366404816620513  0.2137639088391055  159.39950479015067  18.4517530063196
49.44944944944945  0.21266981633428433  0.21276877872858466  159.34252574443298  18.453964390986787
49.4994994994995  0.21167843043769233  0.21177650111297078  159.28571827147164  18.456170225005522
49.54954954954955  0.2106898851102631  0.2107870705973452  159.2290820045692  18.45837051407725
49.5995995995996  0.20970417500777658  0.2098004818097173  159.1726165786679  18.46056526388301
49.64964964964965  0.20872129482676252  0.20881672932749393  159.11632162825927  18.462754480102543
49.6996996996997  0.20774123927735294  0.2078358077836327  159.06019679040222  18.46493816838672
49.74974974974975  0.20676400306914938  0.20685771192190341  159.00424170629464  18.467116334343206
49.7997997997998  0.20578958094848254  0.20588243645119864  158.94845601713075  18.46928898357427
49.84984984984985  0.20481796768380522  0.2049099761026457  158.89283936572488  18.471456121661973
49.89989989989991  0.20384915806569273  0.20394032562960687  158.83739139651155  18.473617754168146
49.94994994994995  0.2028831469068434  0.20297347980768018  158.78211175554557  18.475773886634418
50.0  0.2019199290420776  0.2020094334346983  158.72700009050197  18.47792452458219
