Initial conditions: Te0=800.0, Ti0=1200.0, rho0=1000.0, Rh0=0.1
t (ps), Te (keV), Ti (keV), rho (g/cm^3), Rh (um)
0.0, 800.0, 1200.0, 1000.0, 0.1
0.1001001001001001, 5.308374896914004, 409.23690160160953, 55.09974484362914, 0.263024870061656
0.2002002002002002, 4.254954071672526, 310.9836734808996, 28.85848949581957, 0.32640467087274017
0.3003003003003003, 3.7244276376110093, 261.4126811439264, 19.71406454443766, 0.3707019686999865
0.4004004004004004, 3.3836577899353886, 229.50570668039535, 15.048638827036308, 0.40569891165796146
0.5005005005005005, 3.138368024602015, 206.50342377029273, 12.213315789899012, 0.43501092769080024
0.6006006006006006, 2.9495856854907196, 188.78357151405373, 10.305266096193947, 0.4604250720920445
0.7007007007007008, 2.79772302466478, 174.52352833019006, 8.932162333566286, 0.48297120389292597
0.8008008008008008, 2.671655192297591, 162.6866324256027, 7.895892317220932, 0.5033032303599879
0.9009009009009009, 2.5645070247087687, 152.63121086857888, 7.085551241296551, 0.5218652563792477
1.001001001001001, 2.471757421127203, 143.9346099822078, 6.43418294196387, 0.5389742493234545
1.1011011011011012, 2.3902880431482205, 136.30483447840197, 5.898956315320546, 0.5548652454753312
1.2012012012012012, 2.3178651740374456, 129.53238037199588, 5.451188489796817, 0.5697178967125578
1.3013013013013013, 2.2528385626074057, 123.46223456761373, 5.07094275937541, 0.583672957438568
1.4014014014014016, 2.193957873876357, 117.97674197153975, 4.74392798286435, 0.5968429901393406
1.5015015015015014, 2.140254705990921, 112.98466091399202, 4.459630026554121, 0.6093195841048434
1.6016016016016017, 2.090965423094397, 108.4139199602153, 4.210139696296222, 0.6211783760222894
1.7017017017017018, 2.045477993497502, 104.20668068058525, 3.9893923085656233, 0.6324826320597505
1.8018018018018018, 2.00329512649336, 100.31587651711905, 3.792658688992749, 0.6432858684242257
1.901901901901902, 1.9640076832094586, 96.70273582002555, 3.616196258694116, 0.6536338028710531
2.002002002002002, 1.9272754747132976, 93.33497203134067, 3.4570041909312303, 0.663565834281371
2.1021021021021022, 1.892812732792234, 90.18543650075003, 3.3126479965990154, 0.6731161838517372
2.2022022022022023, 1.8603775359306634, 87.23110141396579, 3.1811317876358958, 0.6823147852621925
2.3023023023023024, 1.8297631176697682, 84.4522789131459, 3.060803506696938, 0.6911879903551355
2.4024024024024024, 1.8007918121208495, 81.83201659730831, 2.9502839148106355, 0.6997591314806648
2.5025025025025025, 1.7733097589229514, 79.35562133355002, 2.848412364947136, 0.7080489776923532
2.6026026026026026, 1.7471829493482625, 77.01028096873513, 2.754205003066519, 0.7160761070403326
2.702702702702703, 1.7222940566353118, 74.78476282237307, 2.666822360736917, 0.7238572108584014
2.802802802802803, 1.6985398421971512, 72.66916880395169, 2.5855437524588036, 0.7314073473174119
2.9029029029029028, 1.6758289999486682, 70.6547354274209, 2.5097469132162287, 0.7387401535871438
3.003003003003003, 1.6540804901292097, 68.73367008551435, 2.4388917372776633, 0.7458680234097094
3.1031031031031033, 1.6332220608256456, 66.89901518320971, 2.372507110370886, 0.7528022579421665
3.2032032032032034, 1.6131891379869356, 65.14453533995761, 2.3101802248968637, 0.7595531935522231
3.3033033033033035, 1.59392395033111, 63.46462270172793, 2.2515478065145227, 0.7661303115979783
3.4034034034034035, 1.5753741341884493, 61.854216919633835, 2.196288865176576, 0.7725423330063143
3.503503503503504, 1.5574912352043135, 60.30873650597651, 2.1441187152924877, 0.7787972993566878
3.6036036036036037, 1.5402314055480364, 58.82402155883617, 2.094784023393399, 0.7849026424398236
3.703703703703704, 1.523554882779654, 57.39628370120827, 2.0480585276521985, 0.7908652474412844
3.803803803803804, 1.5074253762933296, 56.02206384823972, 2.0037394960409554, 0.7966915068807162
3.903903903903904, 1.4918098693986135, 54.6981969659637, 1.9616448197333698, 0.8023873659652302
4.004004004004004, 1.4766780399630723, 53.42177945370395, 1.9216103881595241, 0.8079583658720737
4.104104104104104, 1.4620020725298244, 52.19014183322907, 1.8834879270247453, 0.813409680184346
4.2042042042042045, 1.4477563693996853, 51.00082476671612, 1.8471431317554314, 0.8187461474878786
4.3043043043043046, 1.433917334994522, 49.85155802110049, 1.8124540588821847, 0.8239723003792572
4.404404404404405, 1.420463162974065, 48.74024181293888, 1.7793097245718508, 0.8290923916224294
4.504504504504505, 1.407373677932684, 47.66493054359496, 1.7476089012613756, 0.8341104172266076
4.604604604604605, 1.394630176834796, 46.62381844981925, 1.717259071859149, 0.8390301371031853
4.704704704704705, 1.382215269886657, 45.61522654103677, 1.6881754956190624, 0.8438550942130524
4.804804804804805, 1.3701128027516085, 44.637591441724645, 1.660280419021383, 0.8485886310045145
4.904904904904906, 1.3583077302009212, 43.68945528075579, 1.6335023715136685, 0.8532339045852826
5.005005005005005, 1.346785976719153, 42.76945617301201, 1.6077755166974788, 0.857793901312158
5.105105105105106, 1.3355344281766184, 41.876320538784896, 1.5830391305970584, 0.8622714484575256
5.205205205205205, 1.3245408186232606, 41.00885584093335, 1.559237116301409, 0.8666692255442958
5.305305305305305, 1.3137936327745536, 40.16594362850849, 1.5363175496259869, 0.8709897754185318
5.405405405405406, 1.3032820862451704, 39.3465338232094, 1.514232307628905, 0.8752355132957244
5.505505505505505, 1.2929960540707792, 38.549639524626784, 1.4929367342005135, 0.8794087351174473
5.605605605605606, 1.2829260138763288, 37.77433185077768, 1.4723893166278015, 0.8835116260611892
5.705705705705706, 1.2730630010162134, 37.019735733402825, 1.4525514217294981, 0.8875462674354015
5.8058058058058055, 1.2633985839010524, 36.28502603236939, 1.4333870555368435, 0.891514643128223
5.9059059059059065, 1.2539248085878785, 35.56942365980311, 1.4148626290623898, 0.8954186462284346
6.006006006006006, 1.2446341451564988, 34.87219232387794, 1.3969467618005742, 0.8992600845738877
6.106106106106107, 1.235519508370813, 34.192635684706254, 1.3796101118530004, 0.9030406855724171
6.206206206206207, 1.226574193448789, 33.53009450570848, 1.3628252085216122, 0.9067621012115561
6.306306306306307, 1.2177918445377014, 32.883943982777424, 1.3465662981914712, 0.9104259127959848
6.406406406406407, 1.2091664458862441, 32.25359160297298, 1.3308092201031747, 0.9140336346910269
6.506506506506507, 1.2006922950783796, 31.638474913784613, 1.3155312802240766, 0.9175867183547246
6.606606606606607, 1.1923639830673876, 31.038059602316277, 1.3007111429662204, 0.9210865558055027
6.706706706706707, 1.184176373070082, 30.451837691310203, 1.2863287307637983, 0.9245344829205328
6.806806806806807, 1.1761245871810286, 29.8793258604277, 1.2723651318235596, 0.9279317825352238
6.906906906906907, 1.1682039802197615, 29.32006389701356, 1.2588025156765534, 0.9312796873363566
7.007007007007008, 1.1604101392591832, 28.773613307857595, 1.2456240582749307, 0.9345793824513912
7.107107107107107, 1.1527388620969152, 28.239556029183415, 1.2328138727904359, 0.9378320078911992
7.207207207207207, 1.145186145588026, 27.71749312441083, 1.2203569414186972, 0.9410386610653239
7.307307307307307, 1.1377481625989199, 27.207043681781663, 1.208239057364152, 0.9442003989047677
7.407407407407408, 1.1304212728899865, 26.70784381023816, 1.196446772746315, 0.9473182397858291
7.507507507507508, 1.1232020044663515, 26.2195456923147, 1.1849673496205457, 0.9503931653863867
7.607607607607608, 1.1160870346507625, 25.74181657938598, 1.1737887094127952, 0.9534261227075713
7.707707707707708, 1.1090731857057845, 25.27433798903955, 1.16289939226267, 0.9564180256554603
7.807807807807808, 1.1021574256394702, 24.816804933232827, 1.1522885184980938, 0.9593697565824013
7.907907907907909, 1.095336846659328, 24.36892517311717, 1.141945751631164, 0.962282167806587
8.008008008008009, 1.0886086695431032, 23.930418525729657, 1.1318612645552064, 0.9651560830207867
8.108108108108109, 1.0819702323614269, 23.501016255577532, 1.1220257096867576, 0.9679922985363946
8.208208208208209, 1.0754189858485197, 23.08046048628875, 1.1124301905135552, 0.9707915844960685
8.308308308308309, 1.068952480086413, 22.66850349705087, 1.1030662288487907, 0.9735546863932903
8.408408408408409, 1.0625683606775116, 22.264907373112752, 1.093925747175997, 0.9762823257476821
8.508508508508509, 1.0562643785002381, 21.86944341531787, 1.0850010416805882, 0.9789752013742602
8.608608608608609, 1.05003837297218, 21.481891769123276, 1.0762847642350368, 0.9816339901555564
8.70870870870871, 1.0438882656641812, 21.10204091708298, 1.067769899338168, 0.9842593481544103
8.80880880880881, 1.0378120525073373, 20.729687186185807, 1.0594497420387041, 0.9868519117078625
8.90890890890891, 1.0318078070782148, 20.36463452954764, 1.0513178871289008, 0.9894122978441611
9.00900900900901, 1.0258736840070992, 20.006694075758258, 1.0433682093697165, 0.9919411052909956
9.10910910910911, 1.0200079016135564, 19.65568380963134, 1.0355948489435525, 0.994438915186243
9.20920920920921, 1.0142087463364893, 19.31142829849139, 1.027992199060577, 0.9969062916604174
9.30930930930931, 1.0084745625385299, 18.973758217149093, 1.0205548859740994, 0.9993437829632703
9.40940940940941, 1.0028037493856758, 18.642510239028763, 1.0132777632312209, 1.0017519216490287
9.50950950950951, 0.9971947725764232, 18.31752671696348, 1.0061558982220613, 1.0041312253018686
9.60960960960961, 0.99164615035243, 17.998655411563707, 0.9991845604380671, 1.0064821971708613
9.70970970970971, 0.986156449583073, 17.685749317414338, 0.9923592136197361, 1.0088053265437162
9.809809809809812, 0.9807242887365969, 17.378666251208614, 0.9856754993696017, 1.011101089760605
9.90990990990991, 0.9753483227840106, 17.07726883035297, 0.9791292350505747, 1.0133699502007714
10.01001001001001, 0.9700272527141539, 16.78142417943326, 0.9727164020920368, 1.0156123589915895
10.11011011011011, 0.9647598319615968, 16.491003725925598, 0.9664331376484239, 1.017828755483726
10.210210210210212, 0.9595448536607527, 16.20588311462494, 0.9602757304259245, 1.0200195674288326
10.310310310310312, 0.9543811428617724, 15.925941952426038, 0.954240610534593, 1.0221852116170138
10.41041041041041, 0.9492675650016639, 15.651063575029275, 0.9483243404865345, 1.024326094454379
10.51051051051051, 0.9442030146618919, 15.38113502114985, 0.9425236133714505, 1.0264426119807428
10.61061061061061, 0.9391864199014939, 15.116046821197703, 0.9368352447266338, 1.0285351503996865
10.710710710710712, 0.9342167489375847, 14.855692846404848, 0.9312561666441278, 1.0306040864410986
10.810810810810812, 0.9292929981420072, 14.599970197153594, 0.9257834231204772, 1.0326497876361793
10.91091091091091, 0.9244141890893872, 14.348779085739563, 0.9204141653435312, 1.0346726126010597
11.01101101101101, 0.9195793766496839, 14.102022711117346, 0.9151456468883542, 1.0366729113393407
11.11111111111111, 0.9147876395605263, 13.859607056877072, 0.9099752161787913, 1.038651025784096
11.211211211211213, 0.9100380755841647, 13.621440891047946, 0.9049003159333495, 1.0406072897599314
11.311311311311313, 0.9053298133028104, 13.387435603766036, 0.8999184773041703, 1.0425420294011292
11.411411411411413, 0.9006620095446864, 13.157505133937583, 0.8950273169217615, 1.0444555633265509
11.511511511511511, 0.8960338396903211, 12.931565862754264, 0.8902245328042715, 1.0463482029237834
11.611611611611611, 0.8914444985220354, 12.70953653348646, 0.8855079012759675, 1.04822025254602
11.711711711711713, 0.8868932065819605, 12.491338159120684, 0.8808752735864199, 1.050072009745337
11.811811811811813, 0.8823792015385848, 12.276893864401258, 0.8763245702631178, 1.0519037657170291
11.911911911911913, 0.8779017336600963, 12.066128916654106, 0.8718537817388463, 1.0537158051795086
12.012012012012011, 0.8734600758678975, 11.858970597825016, 0.8674609639384325, 1.055508406718655
12.112112112112113, 0.8690535252075335, 11.655348126472077, 0.8631442354502165, 1.057281842991857
12.212212212212213, 0.8646813941047797, 11.45519263034025, 0.8589017762554796, 1.059036380791838
12.312312312312313, 0.8603430069462428, 11.258437030410455, 0.8547318236808074, 1.060772281376371
12.412412412412413, 0.8560377053563831, 11.065016011256622, 0.8506326712320609, 1.0624898005273729
12.512512512512513, 0.8517648498301836, 10.874865920530059, 0.8466026651649535, 1.064189188835903
12.612612612612613, 0.8475238111490477, 10.687924738295703, 0.8426402031790472, 1.0658706917792784
12.712712712712714, 0.8433139714021899, 10.504132025845138, 0.8387437325844718, 1.0675345498575795
12.812812812812814, 0.8391347316039904, 10.323428861202197, 0.8349117481264042, 1.0691809987654777
12.912912912912914, 0.8349855094005554, 10.14575778912286, 0.8311427901887749, 1.0708102695304402
13.013013013013014, 0.8308657314449139, 9.971062774086226, 0.8274354430563831, 1.072422588648653
13.113113113113114, 0.8267748340108267, 9.799289152796174, 0.8237883332559666, 1.0740181782156468
13.213213213213214, 0.822712268351116, 9.630383587164616, 0.8202001279721055, 1.0755972560519795
13.313313313313314, 0.8186774998527061, 9.464294021050804, 0.8166695335338625, 1.0771600358247602
13.413413413413414, 0.8146700033340799, 9.300969639953866, 0.8131952939684933, 1.0787067271651078
13.513513513513514, 0.8106892629469901, 9.140360830969861, 0.8097761896189094, 1.0802375357812637
13.613613613613614, 0.8067347752455204, 8.982419157293082, 0.8064110362370834, 1.0817526635218464
13.713713713713714, 0.802806048051062, 8.827097243889934, 0.8030986813997173, 1.0832523087367958
13.813813813813814, 0.7989025987553249, 8.674348836491454, 0.7998380060972285, 1.0847366660684108
13.913913913913914, 0.7950239518349256, 8.524128827978082, 0.7966279253650617, 1.086205926355998
14.014014014014016, 0.7911696408549487, 8.37639306922616, 0.7934673825262738, 1.0876602772458144
14.114114114114114, 0.7873392248673606, 8.231098378539464, 0.7903553494957326, 1.0890999031264335
14.214214214214214, 0.7835322659267485, 8.088202542379424, 0.7872908264876555, 1.0905249851406225
14.314314314314315, 0.7797483158068336, 7.947664330538193, 0.7842728421998458, 1.0919357011371191
14.414414414414415, 0.7759869424117664, 7.809443354833643, 0.7813004498271644, 1.0933322261056808
14.514514514514516, 0.7722477398534857, 7.673500133782979, 0.778372728904918, 1.0947147319365471
14.614614614614615, 0.7685302978045894, 7.539796036304852, 0.7754887833038641, 1.0960833876356002
14.714714714714717, 0.7648342160743451, 7.408293257334251, 0.7726477405488635, 1.0974383593810215
14.814814814814817, 0.7611591036744338, 7.278954803500687, 0.7698487512775024, 1.098779810562509
14.914914914914917, 0.7575045791602755, 7.151744428843717, 0.7670909873707401, 1.1001079019967963
15.015015015015017, 0.7538702640498204, 7.026626649751641, 0.7643736421468994, 1.1014227918686392
15.115115115115117, 0.7502557848670607, 6.90356679865805, 0.7616959318898888, 1.1027246355439004
15.215215215215215, 0.7466607841367471, 6.78253085136716, 0.7590570908738226, 1.1040135861370224
15.315315315315315, 0.7430849139769073, 6.663485484573703, 0.7564563729658759, 1.10528979432229
15.415415415415415, 0.7395278210496692, 6.546398052505025, 0.7538930506219693, 1.1065534084121937
15.515515515515515, 0.7359891678387915, 6.431236584627984, 0.751366415090917, 1.1078045743490383
15.615615615615615, 0.7324686339782859, 6.3179697275050355, 0.7488757745598503, 1.1090434358869385
15.715715715715717, 0.7289658902603304, 6.2065667650606615, 0.7464204545296335, 1.1102701345540835
15.815815815815817, 0.7254806185109967, 6.096997585585054, 0.7439997969754704, 1.1114848097376941
15.915915915915917, 0.7220125093129256, 5.989232658566317, 0.7416131596241462, 1.1126875987627007
16.016016016016017, 0.7185612584338481, 5.883243037651909, 0.7392599159300365, 1.1138786368805733
16.116116116116117, 0.7151265690571196, 5.779000325903723, 0.736939454092096, 1.1150580573853865
16.216216216216218, 0.7117081506590744, 5.676476681667731, 0.7346511771291611, 1.1162259915891786
16.316316316316318, 0.7083057185573269, 5.5756447570812595, 0.7323945011836176, 1.1173825690377863
16.416416416416418, 0.7049189968739217, 5.476477777929325, 0.7301688575665802, 1.118527917216863
16.516516516516518, 0.7015477167954853, 5.378949419523416, 0.7279736894694803, 1.119662161996949
16.616616616616618, 0.6981916110310622, 5.283033861911473, 0.725808453258177, 1.1207854274358915
16.716716716716718, 0.6948504119939436, 5.188705794000805, 0.7236726185030296, 1.1218978357623364
16.816816816816818, 0.6915238594631944, 5.095940409236484, 0.7215656679733989, 1.1229995073878123
16.916916916916918, 0.6882117212599446, 5.004713240074818, 0.7194870932335781, 1.124090561458845
17.017017017017018, 0.6849137544011596, 4.915000322856398, 0.7174363987476927, 1.1251711153178234
17.117117117117118, 0.681629722463112, 4.82677812721784, 0.7154131000745804, 1.1262412847313295
17.217217217217218, 0.6783593931482564, 4.740023532270064, 0.7134167231976074, 1.127301183976695
17.31731731731732, 0.6751025402869808, 4.654713831129515, 0.7114468046076063, 1.1283509258203444
17.41741741741742, 0.6718589437635664, 4.570826716305509, 0.709502890887205, 1.1293906215688279
17.51751751751752, 0.6686283887615088, 4.4883402833308885, 0.7075845387476588, 1.1304203810542837
17.61761761761762, 0.6654106658529568, 4.407233000612687, 0.7056913142310979, 1.1314403127422317
17.71771771771772, 0.6622055712789278, 4.327483717004162, 0.7038227928475056, 1.1324505237009068
17.81781781781782, 0.6590129069818479, 4.249071626608752, 0.7019785586829623, 1.133451119728924
17.91791791791792, 0.6558324784538574, 4.171976285901635, 0.7001582047820354, 1.1344422052939642
18.01801801801802, 0.6526640915479972, 4.096177599947499, 0.6983613326555626, 1.1354238835806618
18.11811811811812, 0.6495075582599982, 4.021655878640096, 0.6965875538345876, 1.1363962562846115
18.21821821821822, 0.6463627047918825, 3.9483916699437676, 0.6948364856126119, 1.1373594242057345
18.31831831831832, 0.6432293573959282, 3.87636587667586, 0.6931077538837365, 1.1383134868360738
18.41841841841842, 0.6401073449763933, 3.8055597271191135, 0.6914009923832182, 1.1392585424649633
18.518518518518523, 0.6369965010665186, 3.7359547497411487, 0.6897158420632096, 1.140194688267929
18.61861861861862, 0.6338966636658205, 3.6675327734245347, 0.688051951062433, 1.1411220203040457
18.71871871871872, 0.6308076750120529, 3.6002759267469124, 0.6864089746570753, 1.1420406335176674
18.81881881881882, 0.6277293823827319, 3.5341666223038093, 0.6847865748572779, 1.1429506217938572
18.91891891891892, 0.6246616385304733, 3.4691875541778328, 0.6831844203324342, 1.1438520779662424
19.01901901901902, 0.6216042996733608, 3.405321701139995, 0.6816021864713095, 1.1447450938078862
19.11911911911912, 0.6185572205064661, 3.342552293960035, 0.6800395544565809, 1.1456297601534942
19.21921921921922, 0.6155202610829129, 3.280862892333978, 0.6784962132275381, 1.146506166610017
19.31931931931932, 0.6124932939213065, 3.220237243874899, 0.6769718560748477, 1.147374402065725
19.41941941941942, 0.6094761979337718, 3.160659361896966, 0.6754661824964497, 1.1482345544116517
19.519519519519523, 0.606468845524589, 3.102113512928903, 0.6739788977132217, 1.1490867105988603
19.619619619619623, 0.603471106574789, 3.044584210114819, 0.67250971255834, 1.1499309566589484
19.71971971971972, 0.6004828704964001, 2.9880562024071238, 0.6710583433905825, 1.1507673777150382
19.81981981981982, 0.5975040285712522, 2.932514461451772, 0.6696245115741365, 1.1515960580510276
19.91991991991992, 0.594534469481729, 2.877944193492715, 0.6682079437595025, 1.1524170810742091
20.02002002002002, 0.5915740876104753, 2.8243308321247405, 0.6668083717358224, 1.1532305293292762
20.12012012012012, 0.5886227810576312, 2.7716600172773083, 0.6654255319277236, 1.1540364845788273
20.22022022022022, 0.585680452129602, 2.7199176011382975, 0.6640591655115932, 1.1548350277788222
20.32032032032032, 0.5827470057758377, 2.6690896480116932, 0.6627090183826493, 1.155626239080356
20.420420420420424, 0.5798223506729587, 2.61916241476027, 0.6613748407099675, 1.1564101979006671
20.520520520520524, 0.5769064000489591, 2.5701223778943225, 0.6600563875258, 1.1571869828180512
20.620620620620624, 0.5739990693717465, 2.521956203672264, 0.6587534180297822, 1.1579566716878487
20.720720720720724, 0.5711002766943375, 2.4746507586896778, 0.6574656958106624, 1.1587193416009567
20.82082082082082, 0.5682099464544067, 2.428193082792684, 0.6561929882557638, 1.1594750689789826
20.92092092092092, 0.565328007168998, 2.382570401333549, 0.6549350668013854, 1.1602239295305734
21.02102102102102, 0.5624543891824042, 2.337770122304081, 0.6536917068236362, 1.1609659982621743
21.12112112112112, 0.5595890251162142, 2.293779831784807, 0.6524626875392949, 1.1617013494952149
21.22122122122122, 0.5567318494633352, 2.250587290182853, 0.6512477919049602, 1.1624300568794879
21.32132132132132, 0.5538828027712237, 2.2081804262647604, 0.6500468065018045, 1.1631521934076625
21.421421421421424, 0.55104182963199, 2.166547335126646, 0.6488595214660237, 1.1638678314247628
21.521521521521525, 0.5482088770582276, 2.125676276423217, 0.6476857304296583, 1.1645770426362054
21.621621621621625, 0.5453838943378259, 2.0855556701731834, 0.6465252304129148, 1.1652798981222228
21.721721721721725, 0.5425668349713503, 2.046174093464103, 0.6453778217583648, 1.1659764683460805
21.82182182182182, 0.5397576560158587, 2.007520277716562, 0.6442433080563953, 1.1666668231639732
21.92192192192192, 0.536956317664579, 1.969583106004995, 0.643121496074345, 1.1673510318343576
22.02202202202202, 0.5341627830171932, 1.9323516100605613, 0.6420121956795731, 1.168029163027995
22.12212212212212, 0.53137701873018, 1.8958149674129616, 0.6409152197741198, 1.1687012848362486
22.22222222222222, 0.5285989948310735, 1.8599624988473085, 0.6398303842299673, 1.1693674647794212
22.322322322322325, 0.5258286846089246, 1.8247836656879548, 0.6387575078208423, 1.1700277698154584
22.422422422422425, 0.5230660645240769, 1.7902680678018663, 0.6376964121721422, 1.1706822663462892
22.522522522522525, 0.5203111143809473, 1.756405440175436, 0.6366469216783209, 1.171331020228189
22.622622622622625, 0.5175638172979957, 1.7231856516571988, 0.6356088634717951, 1.1719740967756107
22.722722722722725, 0.5148241597197536, 1.6905987013486001, 0.6345820673346556, 1.17261156077205
22.822822822822825, 0.512092131334629, 1.6586347171984508, 0.6335663656638826, 1.1732434764741992
22.922922922922922, 0.5093677250826419, 1.6272839539871016, 0.6325615934222468, 1.1738699076178953
23.023023023023022, 0.5066509372145364, 1.5965367900811245, 0.6315675880600999, 1.1744909174273686
23.123123123123122, 0.5039417672123132, 1.5663837245844834, 0.630584189445807, 1.1751065686230946
23.223223223223222, 0.5012402178042779, 1.5368153782233736, 0.6296112398872816, 1.1757169234193412
23.323323323323326, 0.4985462950077411, 1.5078224954450241, 0.6286485841833164, 1.176322043518229
23.423423423423426, 0.4958600082618887, 1.4793959278069697, 0.6276960692244887, 1.1769219901553931
23.523523523523526, 0.49318137032303044, 1.4515266446532322, 0.626753544249369, 1.1775168240706937
23.623623623623626, 0.4905103972695267, 1.4242057329147293, 0.6258208608400844, 1.1781066055083067
23.723723723723726, 0.48784710868155157, 1.397424380514608, 0.6248978725260954, 1.1786913942596222
23.823823823823826, 0.48519152747983446, 1.3711738910212306, 0.6239844351337579, 1.1792712496257576
23.923923923923926, 0.48254367978080626, 1.3454456770345848, 0.623080406627218, 1.1798462304338986
24.024024024024023, 0.4799035945417543, 1.3202312489616477, 0.6221856468377128, 1.1804163950647522
24.124124124124123, 0.4772713040842086, 1.2955222293573847, 0.6213000178098546, 1.1809818014176585
24.224224224224226, 0.47464684398197055, 1.2713103413929976, 0.6204233835268966, 1.1815425069367982
24.324324324324326, 0.4720302530680352, 1.247587404817569, 0.6195556098150793, 1.182098568620092
24.424424424424426, 0.46942157338538865, 1.2243453465492422, 0.6186965645941294, 1.1826500429960252
24.524524524524526, 0.4668208505299774, 1.201576186622804, 0.6178461175485187, 1.1831969861516944
24.624624624624627, 0.4642281335379195, 1.179272041679524, 0.6170041402087446, 1.1837394537261121
24.724724724724727, 0.4616434746865838, 1.1574251293562219, 0.6161705060530841, 1.1842775009016338
24.824824824824827, 0.4590669291762245, 1.136027755334336, 0.6153450901998606, 1.1848111824269223
24.924924924924927, 0.4564985554414484, 1.115072321268126, 0.6145277695967937, 1.1853405526031904
25.025025025025027, 0.45393841512145616, 1.094551323823066, 0.6137184229981312, 1.1858656652853319
25.125125125125123, 0.451386572686595, 1.0744573441869627, 0.6129169307146168, 1.1863865738975394
25.225225225225227, 0.4488430957837869, 1.0547830579360225, 0.6121231748486045, 1.1869033314190054
25.325325325325327, 0.44630805524185074, 1.035521229894801, 0.6113370391732811, 1.1874159903901622
25.425425425425427, 0.44378152516680425, 1.0166647073295931, 0.6105584089735456, 1.1879246029203727
25.525525525525527, 0.44126358276132704, 0.9982064294108318, 0.6097871712667715, 1.1884292206775529
25.625625625625627, 0.43875430816560174, 0.9801394191464389, 0.6090232146112771, 1.1889298948955447
25.725725725725727, 0.43625378440004975, 0.9624567817673265, 0.6082664290677218, 1.1894266763754704
25.825825825825827, 0.43376209761149154, 0.9451517108313723, 0.6075167063453523, 1.1899196154807263
25.925925925925927, 0.43127933645167127, 0.9282174793667284, 0.6067739395861601, 1.1904087621420782
26.026026026026027, 0.42880559230817544, 0.9116474427130706, 0.6060380234345588, 1.190894165856287
26.126126126126128, 0.42634095950101825, 0.895435040578532, 0.6053088540879812, 1.191375875684866
26.226226226226228, 0.423885534934922, 0.8795737889417994, 0.6045863290999035, 1.191853940255409
26.326326326326328, 0.4214394182862588, 0.8640572855285951, 0.6038703475128059, 1.1923284077610967
26.426426426426428, 0.4190027119088174, 0.8488792086854354, 0.6031608098298548, 1.192799325960314
26.526526526526528, 0.4165755203941292, 0.834033311141774, 0.6024576178594946, 1.1932667421752527
26.626626626626628, 0.41415795104654884, 0.8195134262580531, 0.6017606748717161, 1.193730703293612
26.726726726726728, 0.4117501134821469, 0.8053134646902592, 0.6010698855121639, 1.1941912557669385
26.826826826826828, 0.40935211901283, 0.7914274100599045, 0.6003851556890382, 1.194648445607987
26.926926926926928, 0.4069640816706407, 0.7778493258891308, 0.5997063927548684, 1.1951023183951404
27.027027027027028, 0.4045861172777939, 0.7645733491717231, 0.5990335053361348, 1.1955529192669698
27.127127127127128, 0.4022183434816398, 0.7515936905971857, 0.5983664033389632, 1.1960002929222517
27.227227227227228, 0.3998608800351396, 0.7389046365623781, 0.5977049980034406, 1.1964444836223875
27.32732732732733, 0.3975138484573317, 0.7265005468658748, 0.5970492018417353, 1.1968855351890484
27.42742742742743, 0.3951773718924418, 0.7143758549321656, 0.5963989286359055, 1.1973234910012676
27.52752752752753, 0.39285157496401646, 0.7025250660498393, 0.5957540933965522, 1.197758393996037
27.62762762762763, 0.390536583630771, 0.6909427562936415, 0.5951146123349536, 1.198190286667696
27.72772772772773, 0.3882325250480908, 0.6796235730209766, 0.5944804028706738, 1.1986192110669398
27.82782782782783, 0.3859395274461559, 0.6685622394830693, 0.593851383736659, 1.1990452088014132
27.92792792792793, 0.38365771996345505, 0.6577535481772914, 0.593227474819845, 1.1994683210331887
28.028028028028032, 0.3813872325100126, 0.6471923616985612, 0.5926085971779296, 1.1998885884783188
28.128128128128132, 0.37912819563185296, 0.6368736131658956, 0.5919946730444252, 1.2003060514069197
28.22822822822823, 0.376880740374706, 0.6267923063315386, 0.5913856258259532, 1.2007207496432797
28.32832832832833, 0.37464499813243696, 0.6169435141460646, 0.5907813800687319, 1.201132722563504
28.42842842842843, 0.3724211005119965, 0.6073223787620496, 0.590181861453777, 1.2015420090954614
28.52852852852853, 0.3702091793871242, 0.5979241115934179, 0.5895869967939393, 1.2019486477193542
28.62862862862863, 0.368009366708062, 0.5887439928141464, 0.5889967140188351, 1.2023526764667174
28.72872872872873, 0.3658217942670756, 0.5797773707569219, 0.5884109421576147, 1.2027541329191322
28.82882882882883, 0.36364659288172907, 0.5710196608575814, 0.5878296112935979, 1.2031530542073081
28.92892892892893, 0.36148389443369416, 0.5624663507501219, 0.5872526527400992, 1.2035494770191302
29.029029029029033, 0.35933382651335394, 0.5541129906125529, 0.5866799986805818, 1.203943437586566
29.129129129129133, 0.3571965177321917, 0.5459552007133665, 0.5861115824700855, 1.204334971694274
29.22922922922923, 0.35507209509285886, 0.5379886681121853, 0.5855473384974069, 1.2047241146771408
29.32932932932933, 0.352960683877893, 0.5302091468833451, 0.5849872021873229, 1.2051109014239627
29.429429429429433, 0.35086240781913924, 0.5226124577779077, 0.58443110999589, 1.2054953663739392
29.52952952952953, 0.34877738963988975, 0.515194487156716, 0.5838789993873976, 1.2058775435182112
29.629629629629633, 0.3467057506273548, 0.5079511877247623, 0.5833308088489456, 1.2062574663995491
29.72972972972973, 0.3446476090855364, 0.5008785779840121, 0.5827864778502709, 1.2066351681157235
29.829829829829833, 0.342603080807048, 0.4939727422969389, 0.5822459468529914, 1.2070106813186405
29.92992992992993, 0.3405722792027393, 0.4872298303003873, 0.5817091572960075, 1.2073840382156924
30.030030030030034, 0.338555314806412, 0.4806460564028606, 0.5811760515733193, 1.2077552705716679
30.13013013013013, 0.3365522955697377, 0.4742177001645323, 0.5806465730500555, 1.2081244097077908
30.230230230230234, 0.33456332625405855, 0.4679411048822617, 0.5801206660137194, 1.208491486506978
30.33033033033033, 0.3325885087787961, 0.4618126786604996, 0.5795982757093775, 1.2088565314100876
30.43043043043043, 0.3306279411575569, 0.4558288928427306, 0.5790793482816093, 1.209219574424057
30.530530530530534, 0.3286817181522023, 0.44998628282887415, 0.5785638308061701, 1.2095806451173452
30.63063063063063, 0.32674993056137575, 0.4442814466910016, 0.5780516712441277, 1.2099397726278038
30.730730730730734, 0.32483266551719814, 0.4387110457959664, 0.5775428184620702, 1.2102969856591406
30.83083083083083, 0.3229300059870021, 0.4332718035777932, 0.5770372221951158, 1.2106523124883866
30.930930930930934, 0.32104203088924055, 0.427960505842941, 0.5765348330558927, 1.2110057809640113
31.03103103103103, 0.31916881477560594, 0.42277399996251114, 0.5760356025117523, 1.2113574185113978
31.131131131131134, 0.3173104277826277, 0.4177091947920758, 0.5755394828817942, 1.2117072521332521
31.23123123123123, 0.3154669353796997, 0.4127630596450925, 0.5750464273114365, 1.2120553084165098
31.331331331331334, 0.31363839851450287, 0.4079326248429713, 0.5745563897863214, 1.2124016135286464
31.431431431431434, 0.31182487330026243, 0.4032149804881693, 0.574069325102043, 1.2127461932259673
31.53153153153153, 0.3100264108092808, 0.39860727553484343, 0.5735851888422273, 1.2130890728599415
31.631631631631635, 0.30824305740886465, 0.39410671930861974, 0.5731039374143219, 1.2134302773668382
31.73173173173173, 0.3064748544158203, 0.3897105801610807, 0.5726255280162852, 1.2137698312768002
31.831831831831835, 0.30472183809898673, 0.3854161835858232, 0.5721499186037847, 1.2141077587267821
31.93193193193193, 0.30298403947259656, 0.3812209119944687, 0.5716770678803098, 1.2144440834619599
32.032032032032035, 0.30126148405338105, 0.377122204771648, 0.5712069352911031, 1.2147788288352008
32.13213213213213, 0.29955419188105986, 0.37311755735399194, 0.5707394810079037, 1.2151120178133201
32.232232232232235, 0.29786217854584746, 0.3692045221780092, 0.5702746659774739, 1.2154436729704041
32.332332332332335, 0.29618545409301533, 0.3653807066961628, 0.5698124518534633, 1.2157738165014027
32.432432432432435, 0.29452402298793307, 0.3616437728574753, 0.5693528009865496, 1.2161024702255925
32.532532532532535, 0.29287788434058104, 0.3579914365740855, 0.5688956764229163, 1.2164296555900638
32.632632632632635, 0.29124703221965226, 0.35442146663786644, 0.5684410418969379, 1.2167553936768591
32.732732732732735, 0.28963145513247496, 0.3509316848110261, 0.5679888618150205, 1.2170797052025
32.832832832832835, 0.2880311361402684, 0.34751996502257276, 0.5675391012461783, 1.2174026105233087
32.932932932932935, 0.28644605333524825, 0.34418423211265364, 0.5670917259120175, 1.2177241296419483
33.033033033033036, 0.2848761799979004, 0.34092246099154244, 0.566646702176079, 1.218044282212334
33.133133133133136, 0.283321484006836, 0.3377326767630099, 0.5662039970320419, 1.2183630875409341
33.233233233233236, 0.28178192834949717, 0.3346129507424511, 0.5657635780496728, 1.2186805646108776
33.333333333333336, 0.28025747042703325, 0.3315614133866293, 0.565325413576363, 1.2189967320002466
33.433433433433436, 0.27874806381024836, 0.3285762271363056, 0.5648894723273628, 1.2193116080526647
33.533533533533536, 0.2772536565285984, 0.32565561012226, 0.5644557237353168, 1.21962521072901
33.633633633633636, 0.2757741919128381, 0.32279782544491614, 0.5640241377947822, 1.2199375576742117
33.733733733733736, 0.27430960893784634, 0.32000118050381626, 0.5635946850622189, 1.2202486662202907
33.833833833833836, 0.27285984195015117, 0.317264027493767, 0.5631673366553316, 1.2205585533841787
33.933933933933936, 0.2714248210014192, 0.3145847615379125, 0.5627420642310597, 1.220867235878416
34.034034034034036, 0.27000447177429965, 0.3119618212156133, 0.5623188399925133, 1.2211747301080558
34.13413413413413, 0.26859871586741013, 0.3093936871362133, 0.5618976366723488, 1.2214810521787662
34.234234234234236, 0.2672074712346436, 0.30687887959477295, 0.5614784275050223, 1.2217862179102283
34.334334334334336, 0.2658306516843907, 0.30441596104178387, 0.5610611862557336, 1.2220902428221676
34.434434434434436, 0.26446816767829107, 0.30200353116058, 0.5606458871615375, 1.2223931421630168
34.53453453453454, 0.26311992580931926, 0.2996402302570586, 0.5602325049721166, 1.2226949308900623
34.63463463463464, 0.2617858295118196, 0.2973247348125479, 0.5598210148975219, 1.2229956236953707
34.73473473473474, 0.26046577879233557, 0.29505575915416654, 0.5594113926276776, 1.2232952349960635
34.83483483483484, 0.2591596705978856, 0.2928320536754369, 0.5590036143129286, 1.2235937789442517
34.93493493493494, 0.2578673991262251, 0.2906524031279694, 0.5585976565446358, 1.2238912694367996
35.03503503503504, 0.2565888554874291, 0.288515628366613, 0.5581934963748818, 1.2241877201054603
35.13513513513514, 0.25532392856972513, 0.286420581772797, 0.5577911112658236, 1.2244831443428437
35.23523523523524, 0.25407250435856166, 0.2843661508687943, 0.5573904791295926, 1.2247775552818965
35.33533533533534, 0.25283446700016043, 0.2823512527039148, 0.5569915782671898, 1.225070965827753
35.43543543543544, 0.2516096980522223, 0.2803748378044602, 0.5565943874113587, 1.2253633886353277
35.53553553553554, 0.25039807724961444, 0.27843588603347624, 0.5561988856819059, 1.2256548361329227
35.63563563563564, 0.24919948249739923, 0.27653340662426873, 0.5558050525860743, 1.2259453205220399
35.73573573573574, 0.24801378972485807, 0.274666439007711, 0.5554128680273693, 1.226234853772621
35.83583583583584, 0.2468408734499628, 0.2728340505415134, 0.5550223122829884, 1.2265234476352924
35.93593593593594, 0.2456806072579068, 0.2710353351093323, 0.5546333659916022, 1.2268111136482795
36.03603603603604, 0.24453286370366528, 0.26926941218121286, 0.5542460101394433, 1.2270978631440805
36.13613613613614, 0.24339751438009471, 0.2675354264505315, 0.5538602260571653, 1.227383707251565
36.23623623623624, 0.24227442863348975, 0.26583255128991296, 0.5534759954523976, 1.2276686568795947
36.33633633633634, 0.2411634751881076, 0.264159983413149, 0.5530933003571099, 1.22795272274419
36.43643643643644, 0.2400645219673502, 0.26251694305687506, 0.5527121231286645, 1.2282359153682803
36.53653653653654, 0.238977436388477, 0.2609026738133188, 0.5523324464510152, 1.2285182450818448
36.63663663663664, 0.23790208530471077, 0.25931644175259244, 0.5519542533232373, 1.2287997220277653
36.73673673673674, 0.23683833510223581, 0.25775753468566104, 0.5515775270514067, 1.229080356166227
36.83683683683684, 0.23578605241421785, 0.2562252613161635, 0.5512022512459184, 1.229360157276545
36.93693693693694, 0.2347451042764003, 0.25471895052931015, 0.5508284098143131, 1.2296391349611455
37.037037037037045, 0.233715357944813, 0.25323795079699435, 0.5504559869517803, 1.229917298650687
37.13713713713714, 0.23269668057538476, 0.25178163008376786, 0.5500849671371266, 1.2301946576066278
37.23723723723724, 0.23168893834213766, 0.2503493761947794, 0.5497153351284049, 1.2304712209240347
37.33733733733734, 0.2306919980019915, 0.24894059469790353, 0.5493470759529523, 1.2307469975366763
37.43743743743744, 0.22970572650394422, 0.24755470887014266, 0.5489801749029274, 1.2310219962197915
37.53753753753754, 0.22872999146823084, 0.24619115911869938, 0.5486146175329331, 1.2312962255917037
37.63763763763764, 0.22776466082192842, 0.24484940244795989, 0.5482503896500179, 1.2315696941192598
37.73773773773774, 0.2268096030049372, 0.24352891187831643, 0.5478874773086454, 1.231842410120767
37.83783783783784, 0.22586468767389217, 0.24222917571590616, 0.5475258668089924, 1.2321143817671711
37.93793793793794, 0.22492978547280176, 0.24094969707417102, 0.5471655446887471, 1.2323856170866416
38.03803803803804, 0.2240047681361832, 0.23968999216488648, 0.5468064977032456, 1.2326561239760594
38.138138138138146, 0.22308950756471396, 0.23844959632164361, 0.5464487128896445, 1.2329259101639687
38.23823823823824, 0.22218387627407143, 0.2372280527969993, 0.5460921774342602, 1.233194983287724
38.33833833833834, 0.22128774777840005, 0.23602492142730172, 0.5457368787828145, 1.2334633508291535
38.43843843843844, 0.22040099650867528, 0.2348397744323141, 0.5453828045879335, 1.2337310201452543
38.53853853853854, 0.2195234979541705, 0.23367219645706955, 0.5450299427108901, 1.2339979984672786
38.63863863863864, 0.21865512859281996, 0.23252178430318982, 0.5446782812178819, 1.234264292902775
38.73873873873874, 0.21779576675873083, 0.23138814546734532, 0.5443278083708754, 1.2345299104410128
38.83883883883884, 0.2169452919857623, 0.23027089929628822, 0.5439785126350597, 1.2347948579486059
38.93893893893894, 0.2161035846868835, 0.22916967581404418, 0.543630382660668, 1.2350591421803156
39.03903903903905, 0.21527052630416363, 0.2280841158863659, 0.5432834072866553, 1.2353227697768616
39.13913913913914, 0.21444599956045138, 0.2270138708689303, 0.5429375755389477, 1.2355857472659386
39.23923923923925, 0.2136298885007549, 0.22595860134036588, 0.5425928766149304, 1.2358480810714152
39.33933933933934, 0.21282207836910322, 0.22491797834480298, 0.5422492998977616, 1.2361097775048588
39.43943943943944, 0.21202245592155397, 0.22389168121042258, 0.5419068349321297, 1.2363708427799274
39.53953953953954, 0.21123090919906926, 0.22287939897048573, 0.5415654714398094, 1.2366312830031316
39.63963963963964, 0.21044732752433085, 0.22188082877355705, 0.5412251992992702, 1.2368911041860011
39.73973973973974, 0.20967160153372444, 0.22089567653235867, 0.540886008554355, 1.237150312239899
39.83983983983984, 0.20890362320682904, 0.21992365699122185, 0.5405478894154236, 1.2374089129753494
39.93993993993995, 0.20814328597756232, 0.2189644913622421, 0.5402108322300131, 1.237666912119591
40.04004004004004, 0.2073904846166613, 0.21801790941910076, 0.5398748275086462, 1.2379243153011286
40.14014014014015, 0.20664511527248963, 0.21708364843081093, 0.5395398659113925, 1.2381811280577908
40.24024024024024, 0.2059070755169417, 0.2161614518506541, 0.5392059382312726, 1.2384373558466788
40.34034034034035, 0.2051762642852694, 0.2152510711716766, 0.5388730354178204, 1.2386930040300368
40.44044044044044, 0.20445258184943865, 0.21435226402415525, 0.5385411485516725, 1.2389480778905306
40.54054054054054, 0.20373592982720498, 0.21346479439614327, 0.5382102688475984, 1.2392025826294224
40.64064064064064, 0.2030262112128995, 0.21258843347921108, 0.5378803876660581, 1.2394565233596158
40.74074074074074, 0.20232333038453768, 0.21172295715424524, 0.537551496479629, 1.2397099051258944
40.84084084084085, 0.20162719308059157, 0.21086814833390424, 0.537223586904154, 1.2399627328861398
40.94094094094094, 0.20093770639946115, 0.21002379561518053, 0.5368966506805879, 1.2402150115222854
41.04104104104105, 0.20025477876342887, 0.20918969247013525, 0.5365706796634896, 1.2404667458472851
41.14114114114114, 0.19957831995404934, 0.2083656381320833, 0.536245665833555, 1.2407179405975277
41.24124124124125, 0.19890824110113178, 0.20755143697814418, 0.5359216012890725, 1.2409686004380036
41.34134134134134, 0.19824445468459898, 0.20674689859495807, 0.5355984782464194, 1.2412187299620403
41.44144144144145, 0.197586874529387, 0.20595183712998405, 0.5352762890315279, 1.241468333696431
41.54154154154154, 0.19693541579924978, 0.20516607103111095, 0.5349550260762433, 1.2417174161036386
41.64164164164164, 0.1962899947626632, 0.20438942405827124, 0.5346346819287937, 1.241965981575506
41.74174174174174, 0.1956505288477751, 0.20362172468572257, 0.5343152492464123, 1.2422140344377088
41.84184184184184, 0.1950169367114465, 0.2028628054283668, 0.5339967207871209, 1.2424615789547104
41.94194194194195, 0.19438913828730126, 0.2021125029939011, 0.5336790894119672, 1.2427086193284478
42.04204204204204, 0.19376705486331558, 0.20137065813718294, 0.5333623480837114, 1.242955159699148
42.14214214214215, 0.19315060888208296, 0.20063711551231397, 0.5330464898626864, 1.2432012041478033
42.24224224224224, 0.1925397240448926, 0.19991172353353348, 0.5327315079058799, 1.2434467566967473
42.34234234234235, 0.19193432541675676, 0.19919433425011232, 0.5324173954662998, 1.243691821310029
42.44244244244244, 0.1913343393131767, 0.19848480317888412, 0.5321041458893201, 1.2439364018956471
42.54254254254254, 0.1907396932224168, 0.19778298910469463, 0.5317917526086369, 1.2441805023080186
42.64264264264264, 0.19015031561644513, 0.19708875511488252, 0.5314802091586679, 1.244424126340448
42.74274274274274, 0.18956613570106312, 0.19640196690856737, 0.5311695091466133, 1.2446672777421546
42.84284284284285, 0.188987083943221, 0.19572249380285592, 0.5308596462742621, 1.244909960204953
42.94294294294294, 0.18841309192228914, 0.19505020812386534, 0.5305506143267485, 1.2451521773701235
43.04304304304305, 0.18784409231305646, 0.19438498521484748, 0.5302424071724694, 1.245393932828463
43.14314314314314, 0.18728001900696425, 0.19372670315622278, 0.5299350187606229, 1.2456352301217763
43.24324324324325, 0.18672080719792503, 0.19307524267408446, 0.5296284431209327, 1.2458760727430445
43.34334334334334, 0.18616639295823242, 0.19243048740823793, 0.5293226743618081, 1.2461164641375706
43.44344344344345, 0.18561671312989542, 0.19179232383424114, 0.5290177066675928, 1.2463564077046712
43.54354354354354, 0.18507170562708847, 0.19116064106467476, 0.5287135342997402, 1.2465959067969363
43.64364364364364, 0.18453130935216464, 0.1905353306246575, 0.5284101515921082, 1.2468349647231112
43.74374374374375, 0.18399546419657925, 0.1899162866135953, 0.528107552953486, 1.2470735847465528
43.84384384384384, 0.18346411107703336, 0.18930340532208814, 0.5278057328620684, 1.2473117700886052
43.94394394394395, 0.18293719185911, 0.18869658549060364, 0.5275046858684258, 1.2475495239267875
44.04404404404404, 0.1824146492448043, 0.18809572804556896, 0.527204406589645, 1.2477868493983841
44.14414414414415, 0.181896426903644, 0.18750073627657263, 0.5269048897140819, 1.2480237495975297
44.24424424424424, 0.18138246935966917, 0.186911515453387, 0.5266061299934874, 1.2482602275800356
44.34434434434435, 0.18087272203215005, 0.18632797300488285, 0.5263081222465148, 1.2484962863612399
44.44444444444444, 0.18036713122196285, 0.18575001839100433, 0.5260108613563984, 1.248731928917428
44.54454454454455, 0.17986564408043323, 0.18517756292415166, 0.5257143422675616, 1.248967158187909
44.64464464464465, 0.17936820863137076, 0.18461051998363714, 0.5254185599894545, 1.249201977072667
44.74474474474474, 0.17887477366492882, 0.1840488046654304, 0.5251235095891186, 1.2494363884369195
44.84484484484485, 0.17838528882079116, 0.1834923340145989, 0.524829186196331, 1.2496703951079604
44.94494494494494, 0.17789970451161097, 0.1829410267616671, 0.5245355849979709, 1.249903999878616
45.04504504504505, 0.17741797193581108, 0.18239480337231403, 0.5242427012390637, 1.2501372055066027
45.14514514514514, 0.17694004305743197, 0.18185358598886217, 0.5239505302214366, 1.2503700147153491
45.24524524524525, 0.17646587054358348, 0.18131729822114587, 0.5236590672991726, 1.2506024301967793
45.34534534534534, 0.17599540788828763, 0.1807858655533565, 0.5233683078875139, 1.2508344546058632
45.44544544544545, 0.17552860936480036, 0.18025921518741206, 0.5230782474594337, 1.2510660905627145
45.545545545545544, 0.17506542988983192, 0.17973727550296292, 0.5227888815340573, 1.2512973406596966
45.64564564564565, 0.17460582502396063, 0.17921997605904144, 0.522500205676697, 1.2515282074614014
45.74574574574575, 0.1741497511433635, 0.17870724827829162, 0.5222122155135218, 1.2517586934956453
45.845845845845844, 0.17369716535614674, 0.17819902511534952, 0.5219249067244379, 1.2519888012578408
45.94594594594595, 0.173248025322945, 0.17769524045833823, 0.5216382750295535, 1.2522185332192832
46.046046046046044, 0.17280228936154177, 0.17719582947789372, 0.5213523161970713, 1.2524478918223183
46.14614614614615, 0.17235991654192306, 0.1767007289442779, 0.5210670260504605, 1.25267687947595
46.246246246246244, 0.1719208666085497, 0.17620987699009957, 0.520782400462963, 1.2529054985592052
46.34634634634635, 0.17148509970872658, 0.17572321258714588, 0.5204984353435455, 1.2531337514297451
46.446446446446444, 0.17105257664411044, 0.1752406760307932, 0.5202151266499067, 1.2533616404158918
46.54654654654655, 0.17062325890436275, 0.17476220900482423, 0.5199324703902181, 1.2535891678155608
46.64664664664665, 0.17019710858664105, 0.17428775439508698, 0.5196504626183527, 1.2538163358991865
46.74674674674675, 0.16977408823201923, 0.1738172557453953, 0.519369099420979, 1.2540431469176276
46.84684684684685, 0.16935416102229325, 0.17335065791214574, 0.5190883769330886, 1.2542696030926557
46.946946946946944, 0.16893729075445116, 0.17288790697939851, 0.5188082913359824, 1.2544957066181872
47.04704704704705, 0.16852344179028766, 0.1724289500532322, 0.5185288388525255, 1.254721459663191
47.147147147147145, 0.16811257895852236, 0.17197373480569678, 0.5182500157367909, 1.2549468643780288
47.24724724724725, 0.16770466770364753, 0.17152221016831823, 0.5179718182898092, 1.2551719228848122
47.347347347347345, 0.16729967404612245, 0.17107432614663678, 0.5176942428553576, 1.2553966372799803
47.44744744744745, 0.166897564485622, 0.17063003363202278, 0.5174172858145887, 1.25562100963759
47.54754754754755, 0.16649830587203093, 0.17018928418115015, 0.5171409435794352, 1.2558450420133558
47.64764764764765, 0.1661018656785718, 0.16975203048288956, 0.5168652126065751, 1.2560687364360967
47.74774774774775, 0.1657082119036694, 0.16931822619055298, 0.5165900893924141, 1.256292094910808
47.84784784784785, 0.1653173129475321, 0.16888782570479616, 0.5163155704665142, 1.2565151194226845
47.94794794794795, 0.16492913757944758, 0.16846078411602164, 0.5160416523898497, 1.2567378119381905
48.048048048048045, 0.16454365513192074, 0.16803705754628723, 0.5157683317651605, 1.2569601743987184
48.14814814814815, 0.16416083541463056, 0.16761660299612754, 0.5154956052323308, 1.2571822087234203
48.248248248248245, 0.16378064864302416, 0.16719937799074328, 0.5152234694598952, 1.257403916814399
48.34834834834835, 0.1634030654734816, 0.16678534075473955, 0.5149519211492314, 1.2576253005541451
48.44844844844845, 0.16302805705332457, 0.16637445046062516, 0.5146809570405233, 1.2578463618018931
48.54854854854855, 0.16265559499068266, 0.1659666670790737, 0.5144105739091679, 1.2580671023958157
48.64864864864865, 0.1622856512625727, 0.1655619511110842, 0.5141407685584726, 1.2582875241574927
48.74874874874875, 0.1619181982093827, 0.16516026357190777, 0.5138715378192173, 1.258507628892178
48.84884884884885, 0.16155320866793385, 0.16476156637876632, 0.5136028785602255, 1.2587274183823338
48.94894894894895, 0.16119065590849327, 0.1643658221673192, 0.5133347876833595, 1.2589468943906912
49.04904904904905, 0.1608305135219134, 0.16397299417410316, 0.5130672621188034, 1.259166058663134
49.149149149149146, 0.1604727553164648, 0.16358304612917965, 0.5128002988207512, 1.2593849129313326
49.24924924924925, 0.16011735560562998, 0.16319594255560463, 0.5125338947794331, 1.2596034589053962
49.349349349349346, 0.15976428909318038, 0.16281164864984324, 0.5122680470163129, 1.2598216982768056
49.44944944944945, 0.15941353082308127, 0.16243013018220467, 0.5120027525809225, 1.2600396327203482
49.54954954954955, 0.15906505607678317, 0.16205135328591516, 0.5117380085442198, 1.2602572638981726
49.64964964964965, 0.15871884056393248, 0.1616752848487702, 0.5114738120109225, 1.2604745934522577
49.74974974974975, 0.15837486035962053, 0.1613018923842663, 0.5112101601154501, 1.2606916230068905
49.84984984984985, 0.1580330918935139, 0.1609311439411852, 0.5109470500197137, 1.260908354170014
49.94994994994995, 0.15769351193034006, 0.1605630077722343, 0.510684478905405, 1.261124788537929
50.050050050050054, 0.15735609759865551, 0.16019745282253825, 0.5104224439853633, 1.2613409276883638
50.150150150150154, 0.15702082638387457, 0.15983444861126972, 0.5101609425008209, 1.2615567731821524
50.25025025025025, 0.15668767611363527, 0.15947396517710147, 0.5098999717198793, 1.2617723265641656
50.350350350350354, 0.15635662484362173, 0.1591159728846414, 0.5096395289307116, 1.2619875893674588
50.450450450450454, 0.15602765096803156, 0.1587604426117076, 0.5093796114481388, 1.2622025631092586
50.550550550550554, 0.1557007332025149, 0.1584073457481203, 0.509120216613234, 1.262417249291204
50.650650650650654, 0.1553758503795271, 0.15805665426270202, 0.5088613417903943, 1.2626316494011272
50.750750750750754, 0.15505298160239345, 0.15770834062936542, 0.5086029843690205, 1.262845764912033
50.850850850850854, 0.1547321062711252, 0.15736237780776663, 0.508345141763635, 1.2630595972820278
50.950950950950954, 0.15441320415538534, 0.15701873901387675, 0.5080878114101234, 1.2632731479566077
51.051051051051054, 0.15409625532843124, 0.1566773978739474, 0.5078309907678785, 1.263486418367354
51.15115115115115, 0.1537812401352294, 0.15633832849755142, 0.507574677320805, 1.2636994099313195
51.251251251251254, 0.15346813923505773, 0.15600150529064427, 0.5073188685738533, 1.263912124053135
51.351351351351354, 0.1531569335938862, 0.1556669030085342, 0.5070635620541047, 1.2641245621243522
51.451451451451454, 0.1528476044733722, 0.15533449682973513, 0.5068087553122731, 1.2643367255225288
51.551551551551555, 0.15254013326826463, 0.1550042623837655, 0.5065544459196542, 1.2645486156130905
51.651651651651655, 0.15223450152101234, 0.1546761757452696, 0.5063006314683188, 1.2647602337492099
51.751751751751755, 0.1519306910769886, 0.15435021337155216, 0.5060473095731732, 1.2649715812705518
51.851851851851855, 0.15162868400865417, 0.1540263520662636, 0.5057944778693065, 1.2651826595048856
51.951951951951955, 0.15132846261337873, 0.15370456895403625, 0.5055421340113146, 1.2653934697684963
52.052052052052055, 0.1510300094216746, 0.15338484157634372, 0.5052902756758534, 1.2656040133646331
52.152152152152155, 0.1507333072402141, 0.15306714775735067, 0.5050389005593299, 1.2658142915849107
52.252252252252255, 0.15043833919988864, 0.15275146550450075, 0.5047880063765675, 1.2660243057101155
52.352352352352355, 0.15014508865371196, 0.15243777321954058, 0.5045375908636385, 1.266234057008493
52.452452452452455, 0.14985353889838116, 0.15212604923721454, 0.50428765175228, 1.2664435467508426
52.552552552552555, 0.14956367437089668, 0.15181627378892595, 0.5040381868837305, 1.2666527761435353
52.652652652652655, 0.1492754783049475, 0.1515084252054134, 0.5037891939878192, 1.2668617464585128
52.752752752752755, 0.14898893503736035, 0.15120248353044177, 0.5035406708953392, 1.2670704589082933
52.852852852852855, 0.14870402888776357, 0.1508984289904072, 0.5032926154442467, 1.2672789147012393
52.952952952952955, 0.14842074418726425, 0.1505962417427907, 0.5030450254699519, 1.2674871150471894
53.053053053053056, 0.14813906575456773, 0.15029590246991825, 0.5027978988452725, 1.267695061134007
53.153153153153156, 0.1478589785928026, 0.149997392056516, 0.50255123345734, 1.2679027541411494
53.253253253253256, 0.14758046763236868, 0.14970069134412192, 0.502305027189099, 1.2681101952505374
53.353353353353356, 0.14730351843175266, 0.14940578206495567, 0.5020592779802556, 1.2683173856107743
53.453453453453456, 0.1470281163559223, 0.149112645676811, 0.5018139837530273, 1.2685243263807295
53.553553553553556, 0.14675424707776627, 0.1488212641284972, 0.5015691424599833, 1.2687310187014826
53.653653653653656, 0.14648189656223923, 0.1485316198268717, 0.5013247520821253, 1.2689374636974442
53.753753753753756, 0.14621105064264414, 0.14824369495560707, 0.5010808105870883, 1.2691436625008676
53.853853853853856, 0.14594169581157398, 0.1479574725897254, 0.5008373160019896, 1.2693496162091813
53.953953953953956, 0.14567381837386606, 0.14767293555040614, 0.5005942663370068, 1.2695553259297314
54.054054054054056, 0.14540740458821116, 0.14739006659953444, 0.5003516595983409, 1.269760792772193
54.154154154154156, 0.1451424414694985, 0.1471088495689827, 0.500109493863293, 1.269966017804629
54.254254254254256, 0.14487891592495497, 0.14682926813828587, 0.49986776719904125, 1.2701710021010266
54.354354354354356, 0.14461681472021073, 0.1465513057868004, 0.49962647765948587, 1.2703757467431456
54.454454454454456, 0.14435612526658403, 0.1462749469134973, 0.4993856233604489, 1.270580252776564
54.55455455455456, 0.1440968350063597, 0.14600017596145126, 0.4991452024207218, 1.270784521245123
54.65465465465466, 0.14383893172522627, 0.14572697782473115, 0.4989052129912992, 1.2709885531738818
54.75475475475476, 0.14358240171530648, 0.14545533537524252, 0.4986656530819537, 1.2711923496703248
54.85485485485486, 0.1433272342529463, 0.14518523552527945, 0.4984265209846269, 1.2713959116772473
54.95495495495496, 0.14307341683177938, 0.14491666277349277, 0.4981878148226986, 1.2715992402358258
55.05505505505506, 0.14282093741596613, 0.1446496022393724, 0.4979495327641402, 1.2718023363612316
55.155155155155164, 0.14256978439146806, 0.14438403959978946, 0.4977116730168924, 1.2720052010453249
55.25525525525526, 0.14231994614298044, 0.14411996053801196, 0.497474233788725, 1.2722078352800552
55.35535535535536, 0.14207141127686135, 0.14385735103403816, 0.49723721330838816, 1.272410240045131
55.45545545545546, 0.1418241686209578, 0.14359619736445048, 0.4970006098256007, 1.2726124163080268
55.55555555555556, 0.141578206888553, 0.14333648577775104, 0.4967644215862456, 1.2728143650385597
55.65565565565566, 0.14133351480221087, 0.1430782026140092, 0.49652864684151116, 1.2730160872035186
55.75575575575576, 0.14109008144196722, 0.1428213346412536, 0.4962932838735914, 1.2732175837515576
55.85585585585586, 0.1408478960458571, 0.1425658688627593, 0.4960583309809633, 1.2734188556218524
55.95595595595596, 0.14060694800930054, 0.1423117925154375, 0.4958237864783026, 1.273619903744147
56.056056056056065, 0.14036722674071886, 0.14205909269140807, 0.4955896486768745, 1.2738207290502823
56.15615615615616, 0.1401287217395349, 0.1418077565424372, 0.49535591589512723, 1.2740213324679692
56.256256256256265, 0.13989142271047372, 0.14155777157951785, 0.4951225864742161, 1.274221714911661
56.35635635635636, 0.139655319490946, 0.14130912548254215, 0.49488965876814067, 1.2744218772883522
56.45645645645646, 0.13942040205128478, 0.14106180609867405, 0.49465713114370397, 1.2746218204976025
56.55655655655656, 0.13918666051759457, 0.14081580128536314, 0.49442500197650424, 1.2748215454339125
56.65665665665666, 0.13895408515616361, 0.14057109901744114, 0.4941932696536695, 1.2750210529851025
56.75675675675676, 0.1387226663598862, 0.14032768748040908, 0.49396193257623844, 1.2752203440309025
56.85685685685686, 0.13849239465810415, 0.14008555500281905, 0.4937309891574343, 1.2754194194439736
56.956956956956965, 0.13826326071621683, 0.13984469005558997, 0.49350043782263187, 1.2756182800899305
57.05705705705706, 0.13803525530206578, 0.13960508119304488, 0.4932702770064859, 1.275816926829074
57.157157157157165, 0.1378083689603679, 0.13936671736064485, 0.49304050515272596, 1.2760153605165208
57.25725725725726, 0.1375825916435257, 0.13912958841776052, 0.4928111207193797, 1.276213581999048
57.357357357357365, 0.1373579144615247, 0.13889368331545132, 0.4925821221745876, 1.276411592117593
57.45745745745746, 0.1371343286313846, 0.13865899112481106, 0.4923535079968937, 1.2766093917070833
57.55755755755756, 0.13691182528029647, 0.1384255012758292, 0.4921252766775769, 1.2768069815950984
57.65765765765766, 0.13669039560788565, 0.13819320332532592, 0.49189742671719733, 1.277004362603865
57.75775775775776, 0.1364700309493637, 0.13796208690764816, 0.4916699566261402, 1.277201535549941
57.85785785785786, 0.13625072274987213, 0.13773214178834037, 0.4914428649260874, 1.2773985012433686
57.95795795795796, 0.13603246257788115, 0.13750335779740783, 0.49121615014746717, 1.2775952604891467
58.058058058058066, 0.13581524206170503, 0.13727572496852405, 0.4909898108332585, 1.2777918140850422
58.15815815815816, 0.135599052883311, 0.13704923343386402, 0.4907638455336491, 1.277988162824669
58.258258258258266, 0.13538388685431982, 0.1368238734926389, 0.49053825281298447, 1.2781843074934904
58.35835835835836, 0.13516973582995442, 0.13659963550077148, 0.49031303124040077, 1.278380248874212
58.45845845845846, 0.13495659183772124, 0.1363765100024886, 0.4900881794023549, 1.2785759877395746
58.558558558558566, 0.13474444689778597, 0.13615448753456744, 0.4898636958846, 1.2787715248627254
58.65865865865866, 0.13453329319318968, 0.1359335588511803, 0.48963957929134666, 1.2789668610061968
58.75875875875876, 0.1343231229491677, 0.13571371476159627, 0.4894158282315196, 1.27916199692981
58.858858858858866, 0.1341139284820882, 0.13549494619914343, 0.4891924413246312, 1.2793569333873065
58.958958958958966, 0.13390570221099474, 0.13527724423495116, 0.4889694172019645, 1.2795516711256658
59.05905905905906, 0.13369843659434166, 0.13506059998510686, 0.4887467544990385, 1.2797462108894384
59.15915915915916, 0.13349212421373696, 0.1348450047214485, 0.4885244518651515, 1.279940553415265
59.25925925925927, 0.13328675769072568, 0.1346304497620342, 0.4883025079539883, 1.2801346994372735
59.35935935935937, 0.13308232979512213, 0.1344169265990557, 0.4880809214355682, 1.2803286496802337
59.45945945945946, 0.13287883330188988, 0.1342044267374331, 0.4878596909806051, 1.2805224048685078
59.55955955955956, 0.132676261078774, 0.13399294179858112, 0.487638815270178, 1.2807159657205085
59.65965965965967, 0.1324746060956521, 0.13378246353148182, 0.4874182929967624, 1.280909332948109
59.75975975975976, 0.13227386142171513, 0.1335729838103252, 0.4871981228640052, 1.2811025072567725
59.85985985985986, 0.13207402009226418, 0.13336449452302865, 0.4869783035760547, 1.2812954893517392
59.95995995995997, 0.1318750752272566, 0.13315698767045067, 0.48675883384705615, 1.2814882799325211
60.06006006006007, 0.13167702008187246, 0.13295045540871087, 0.4865397124052023, 1.2816808796905523
60.16016016016016, 0.13147984799627505, 0.13274489000714368, 0.48632093798870896, 1.2818732893115234
60.26026026026026, 0.13128355239561135, 0.1325402838482985, 0.4861025093458153, 1.282065509475381
60.36036036036037, 0.13108812674920572, 0.13233662936679164, 0.4858844252301791, 1.282257540859002
60.46046046046047, 0.13089356447539538, 0.13213391890670168, 0.48566668439013894, 1.2824493841424285
60.56056056056056, 0.13069985913900123, 0.13193214501748052, 0.48544928559099604, 1.2826410399959296
60.66066066066066, 0.130507004382151, 0.1317313003502913, 0.48523222760720874, 1.2828325090845327
60.76076076076077, 0.13031499391594087, 0.13153137764551381, 0.48501550922145137, 1.283023792068571
60.86086086086086, 0.13012382152351798, 0.13133236972910467, 0.4847991292245913, 1.2832148896036972
60.96096096096096, 0.12993348133394408, 0.13113426918916696, 0.48458308641362496, 1.2834058023420893
61.06106106106107, 0.12974396767557853, 0.13093706850982592, 0.48436737959137144, 1.2835965309326314
61.16116116116117, 0.12955527390019334, 0.13074076133187743, 0.48415200757073057, 1.2837870760184313
61.26126126126126, 0.1293673938734955, 0.13054534091967793, 0.4839369691715783, 1.2839774382386318
61.36136136136136, 0.1291803218265015, 0.1303508003113777, 0.48372226322098927, 1.284167618228279
61.46146146146147, 0.12899405205380027, 0.13015713261547363, 0.4835078885533475, 1.2843576166182549
61.56156156156157, 0.12880857868269718, 0.12996433124018963, 0.48329384401067516, 1.2845474340351013
61.66166166166166, 0.12862389595758533, 0.12977238961973558, 0.4830801284428248, 1.2847370711009096
61.76176176176177, 0.12843999816647814, 0.1295813012255638, 0.48286674070411206, 1.2849265284352331
61.86186186186187, 0.12825687975227643, 0.12939105956342403, 0.4826536796592934, 1.2851158066516906
61.96196196196196, 0.12807453516389253, 0.1292016581831012, 0.4824409441759595, 1.2853049063622912
62.06206206206206, 0.12789295889929356, 0.12901309078657308, 0.48222853313304903, 1.2854938281726007
62.16216216216217, 0.12771214548594306, 0.12882535110476645, 0.4820164454128179, 1.2856825726863028
62.26226226226227, 0.127532089517445, 0.12863843296340755, 0.4818046799066209, 1.2858711405019174
62.36236236236236, 0.12735278565332994, 0.12845233023779826, 0.481593235512387, 1.2860595322142372
62.46246246246246, 0.12717422859504804, 0.12826703684380944, 0.4813821111327317, 1.2862477484153965
62.56256256256257, 0.12699641311304613, 0.12808254678709705, 0.48117130567939453, 1.2864357896923595
62.66266266266267, 0.12681933400920564, 0.12789885411167579, 0.4809608180681181, 1.2866236566298206
62.76276276276276, 0.1266429861553003, 0.127715952956141, 0.4807506472241733, 1.2868113498070783
62.86286286286287, 0.12646736445879328, 0.1275338375039404, 0.4805407920775036, 1.2869988698007864
62.96296296296297, 0.12629246385385373, 0.12735250196877262, 0.4803312515613854, 1.287186217185712
63.06306306306306, 0.12611827937235817, 0.1271719406814546, 0.48012202462162484, 1.2873733925295316
63.16316316316316, 0.12594480608395434, 0.1269921480100948, 0.4799131102086589, 1.2875603963973143
63.26326326326327, 0.12577203908420437, 0.12681311835608527, 0.47970450727630704, 1.2877472293522112
63.36336336336337, 0.12559997351037097, 0.12663484617182455, 0.4794962147837636, 1.2879338919543293
63.46346346346346, 0.12542860455937807, 0.12645732598088222, 0.4792882316978649, 1.2881203847594518
63.56356356356356, 0.12525792748781098, 0.12628055237799904, 0.4790805569930888, 1.2883067083190383
63.66366366366367, 0.12508793759450615, 0.12610452001473627, 0.4788731896499579, 1.2884928631811385
63.76376376376377, 0.12491863016072688, 0.12592922355016414, 0.47866612864955105, 1.2886788498935355
63.86386386386386, 0.12475000056025289, 0.1257546577416056, 0.4784593729836029, 1.2888646689979637
63.96396396396397, 0.12458204422544422, 0.12558081741666363, 0.4782529216513907, 1.2890503210318882
64.06406406406407, 0.12441475664036404, 0.12540769746755273, 0.4780467736591037, 1.2892358065288694
64.16416416416416, 0.12424813334077853, 0.12523529285109872, 0.47784092801984246, 1.2894211260185608
64.26426426426426, 0.12408216987491187, 0.12506359854241292, 0.4776353837491069, 1.2896062800292987
64.36436436436438, 0.12391686176344129, 0.12489260948766924, 0.47743013986019595, 1.289791269090737
64.46446446446447, 0.12375220462469459, 0.12472232075189059, 0.47722519537860353, 1.2899760937255949
64.56456456456456, 0.1235881941212415, 0.12455272745590405, 0.47702054933587734, 1.2901607544531772
64.66466466466467, 0.12342482595746947, 0.12438382477347905, 0.4768162007693401, 1.2903452517895353
64.76476476476478, 0.1232620958795836, 0.1242156079313275, 0.4766121487220897, 1.2905295862474655
64.86486486486487, 0.1230999997549074, 0.124048072107487, 0.4764083922419808, 1.2907137583371
64.96496496496496, 0.12293853363813924, 0.12388121233784802, 0.4762049303804154, 1.290897768566609
65.06506506506507, 0.12277769325408676, 0.12371502410262132, 0.4760017621957769, 1.2910816174402073
65.16516516516516, 0.12261747434278324, 0.12354950295482003, 0.4757988867519539, 1.291265305459016
65.26526526526527, 0.12245787287308417, 0.1233846442959243, 0.4755963031176607, 1.2914488331214573
65.36536536536536, 0.122298884892923, 0.12322044352377666, 0.47539401036633305, 1.2916322009232977
65.46546546546547, 0.12214050643713503, 0.12305689616338454, 0.4751920075788367, 1.2918154093561367
65.56556556556556, 0.12198273351406293, 0.12289399779664716, 0.47499029383807256, 1.2919984589104336
65.66566566566567, 0.12182556220146509, 0.12273174404632317, 0.47478886823403965, 1.2921813500726678
65.76576576576578, 0.12166898861978687, 0.12257013055576367, 0.47458772986083814, 1.2923640833270207
65.86586586586587, 0.12151300894915315, 0.12240915298275419, 0.47438687781736355, 1.2925466591549848
65.96596596596596, 0.12135761938648981, 0.12224880706042505, 0.4741863112085899, 1.2927290780346492
66.06606606606607, 0.12120281614647115, 0.12208908855065541, 0.4739860291425516, 1.2929113404423882
66.16616616616618, 0.1210485954899518, 0.12192999327774433, 0.47378603073445086, 1.2930934468505653
66.26626626626627, 0.12089495370294026, 0.12177151708618365, 0.4735863151024993, 1.29327539772986
66.36636636636636, 0.12074188711717576, 0.12161365586336212, 0.47338688137078055, 1.2934571935476677
66.46646646646647, 0.1205893920881761, 0.12145640552799095, 0.47318772866707537, 1.2936388347693164
66.56656656656658, 0.12043746500966901, 0.12129976204296743, 0.4729888561246643, 1.2938203218570588
66.66666666666667, 0.12028610230523755, 0.12114372141051445, 0.47279026288149956, 1.2940016552705376
66.76676676676676, 0.12013530043379328, 0.12098827967622372, 0.4725919480808366, 1.294182835466434
66.86686686686687, 0.11998505585693679, 0.12083343288763865, 0.4723939108662591, 1.2943638629012457
66.96696696696698, 0.11983536511218013, 0.12067917718071589, 0.47219615039248913, 1.294544738025251
67.06706706706707, 0.11968622475635937, 0.1205255087077588, 0.47199866581686317, 1.2947254612872798
67.16716716716716, 0.11953763136206866, 0.12037242364104503, 0.47180145629908826, 1.2949060331348357
67.26726726726727, 0.11938958152407114, 0.12021991817970593, 0.4716045210021608, 1.2950864540135825
67.36736736736736, 0.11924207187372095, 0.1200679885652026, 0.47140785909443617, 1.295266724366194
67.46746746746747, 0.11909509907896307, 0.11991663108132555, 0.4712114697496278, 1.2954468446323513
67.56756756756758, 0.11894865984433343, 0.11976584205419492, 0.4710153521468079, 1.2956268152487447
67.66766766766767, 0.11880275088996968, 0.1196156178340661, 0.47081950546817103, 1.2958066366503393
67.76776776776777, 0.11865736893453797, 0.11946595478052983, 0.4706239288972154, 1.2959863092714048
67.86786786786787, 0.11851251075927713, 0.11931684931802863, 0.4704286216255655, 1.296165833541652
67.96796796796798, 0.1183681731790701, 0.11916829791078008, 0.4702335828498904, 1.296345209887978
68.06806806806807, 0.11822435304132092, 0.11902029706180356, 0.4700388117717844, 1.2965244387345345
68.16816816816817, 0.11808104722595457, 0.11887284331291986, 0.46984430759776646, 1.2967035205027257
68.26826826826826, 0.11793825264244186, 0.11872593324183667, 0.4696500695389234, 1.2968824556114142
68.36836836836838, 0.11779596615954185, 0.11857956339331681, 0.4694560968024777, 1.297061244481696
68.46846846846847, 0.11765418468593188, 0.11843373035817166, 0.46926238860146463, 1.2972398875314184
68.56856856856857, 0.11751290517903172, 0.11828843078190664, 0.46906894415579126, 1.2974183851745793
68.66866866866867, 0.11737212462244653, 0.11814366134262155, 0.4688757626895291, 1.2975967378228621
68.76876876876878, 0.11723184002596687, 0.11799941875101087, 0.46868284343091426, 1.297774945885635
68.86886886886887, 0.11709204842556845, 0.11785569975036342, 0.4684901856123474, 1.2979530097699503
68.96896896896897, 0.11695274688292015, 0.11771250110881787, 0.4682977884699922, 1.2981309298807773
69.06906906906907, 0.11681393248340592, 0.11756981958681695, 0.4681056512420937, 1.2983087066219667
69.16916916916917, 0.11667560237695401, 0.11742765194368043, 0.46791377317125576, 1.298486340394939
69.26926926926927, 0.11653775379630801, 0.11728599493409911, 0.46772215350514573, 1.2986638315982775
69.36936936936938, 0.11640038389413337, 0.1171448454310399, 0.46753079149467225, 1.2988411806287903
69.46946946946947, 0.11626348980396906, 0.11700420037546379, 0.46733968639445633, 1.299018387881233
69.56956956956957, 0.11612706870115637, 0.11686405670789984, 0.4671488374621509, 1.2991954537486785
69.66966966966967, 0.11599111784240966, 0.11672441137772825, 0.4669582439621012, 1.2993723786204983
69.76976976976978, 0.11585563448264852, 0.11658526132715515, 0.4667679051579901, 1.299549162886429
69.86986986986987, 0.11572061590404781, 0.11644660356090604, 0.46657782032027145, 1.2997258069324644
69.96996996996997, 0.11558605939583587, 0.11630843510577966, 0.46638798872161774, 1.2999023111433718
70.07007007007007, 0.11545196226198864, 0.11617075302528677, 0.46619840963861964, 1.3000786759017522
70.17017017017018, 0.115318321846702, 0.11603355439494296, 0.4660090823518235, 1.3002549015880223
70.27027027027027, 0.11518513551275543, 0.115896836305852, 0.4658200061443814, 1.300430988581158
70.37037037037037, 0.11505240065040603, 0.11576059588192911, 0.4656311803040653, 1.3006069372575861
70.47047047047047, 0.11492011466569771, 0.11562483027177892, 0.4654426041217724, 1.3007827479920078
70.57057057057058, 0.1147882749797549, 0.11548953664463224, 0.4652542768911542, 1.3009584211576053
70.67067067067067, 0.11465687904347814, 0.11535471220182594, 0.4650661979106551, 1.301133957124916
70.77077077077077, 0.1145259243187094, 0.11522035415657561, 0.46487836648049513, 1.3013093562634994
70.87087087087087, 0.11439540830539596, 0.11508645976370936, 0.46469078190710755, 1.301484618939489
70.97097097097098, 0.1142653284886462, 0.11495302626147637, 0.4645034434944747, 1.3016597455203698
71.07107107107107, 0.11413568241701924, 0.1148200509616985, 0.46431635055731485, 1.3018347363677114
71.17117117117117, 0.11400646764423407, 0.11468753117760269, 0.4641295024109969, 1.3020095918427321
71.27127127127127, 0.11387768173567722, 0.11455546423697661, 0.4639428983729132, 1.3021843123055343
71.37137137137137, 0.11374932226924521, 0.11442384748304565, 0.4637565377626179, 1.3023588981150274
71.47147147147147, 0.11362138684545982, 0.11429267828500259, 0.46357041990347886, 1.3025333496280194
71.57157157157158, 0.11349387308746808, 0.11416195403800741, 0.46338454412267827, 1.3027076671992177
71.67167167167167, 0.11336677864104239, 0.1140316721631876, 0.46319890975121253, 1.302881851181228
71.77177177177177, 0.11324010117384724, 0.11390183010692598, 0.4630135161237992, 1.3030559019246069
71.87187187187187, 0.11311383835065388, 0.11377242531679291, 0.46282836257574433, 1.3032298197796173
71.97197197197198, 0.11298798786040536, 0.11364345526782779, 0.46264344844636346, 1.3034036050943119
72.07207207207207, 0.11286254742198268, 0.11351491746813837, 0.46245877307971067, 1.3035772582141232
72.17217217217217, 0.11273751477491631, 0.11338680944988107, 0.46227433582340455, 1.3037507794825234
72.27227227227228, 0.1126128876793863, 0.1132591287692612, 0.46209013602862786, 1.3039241692410226
72.37237237237238, 0.11248866391622234, 0.1131318730065329, 0.4619061730501279, 1.304097427829171
72.47247247247248, 0.1123648412865239, 0.11300503976561649, 0.46172244624616343, 1.3042705555845855
72.57257257257257, 0.11224141757025681, 0.1128786266323783, 0.46153895497274466, 1.3044435528461784
72.67267267267268, 0.11211839056158343, 0.11275263121023103, 0.46135569858854847, 1.3046164199514032
72.77277277277278, 0.1119957580926461, 0.11262705114409931, 0.4611726764582273, 1.3047891572344017
72.87287287287288, 0.11187351801264366, 0.11250188409933584, 0.46098988794949775, 1.3049617650276346
72.97297297297297, 0.11175166818783147, 0.11237712776172176, 0.4608073324331412, 1.3051342436618811
73.07307307307308, 0.1116302065015214, 0.11225277983746645, 0.4606250092830034, 1.3053065934662393
73.17317317317318, 0.11150913085408032, 0.11212883805320711, 0.4604429178759945, 1.3054788147681264
73.27327327327328, 0.11138843915157884, 0.11200530015296443, 0.460261057591292, 1.3056509078937308
73.37337337337338, 0.111268129298137, 0.11188216389412652, 0.4600794278096928, 1.3058228731683819
73.47347347347348, 0.11114819928495444, 0.11175942699824111, 0.4598980279157686, 1.305994710915319
73.57357357357357, 0.11102864717453347, 0.11163708716127925, 0.45971685729756984, 1.3061664214558624
73.67367367367368, 0.11090947094096903, 0.1115151421904898, 0.459535915345475, 1.3063380051100755
73.77377377377378, 0.11079066854029611, 0.11139358994292739, 0.45935520145263103, 1.3065094621965114
73.87387387387388, 0.11067223794425496, 0.11127242829248286, 0.45917471501497087, 1.3066807930321984
73.97397397397397, 0.11055417714993604, 0.1111516551190816, 0.45899445543111356, 1.3068519979326976
74.07407407407409, 0.11043648423999722, 0.11103126825234601, 0.45881442210263446, 1.307023077211956
74.17417417417418, 0.11031915728335952, 0.11091126556550306, 0.45863461443374226, 1.3071940311824828
74.27427427427428, 0.11020219434572998, 0.11079164496082296, 0.4584550318309182, 1.3073648601555494
74.37437437437437, 0.11008559348663503, 0.11067240438235115, 0.45827567370378625, 1.3075355644407112
74.47447447447448, 0.10996935279458962, 0.1105535417721856, 0.458096539464319, 1.307706144346244
74.57457457457458, 0.1098534703834944, 0.11043505507609827, 0.4579176285270241, 1.3078766001790407
74.67467467467468, 0.10973794438495568, 0.11031694225734522, 0.45773894030951146, 1.3080469322443036
74.77477477477477, 0.10962277293784457, 0.11019920129647436, 0.4575604742315724, 1.308217140846046
74.87487487487488, 0.1095079541908512, 0.11008183019291091, 0.45738222971554776, 1.3083872262868936
74.97497497497498, 0.10939348630967045, 0.10996482696267958, 0.4572042061867689, 1.3085571888678431
75.07507507507508, 0.1092793674720715, 0.10984818963318506, 0.45702640307266246, 1.3087270288887507
75.17517517517518, 0.10916559587668147, 0.10973191625253112, 0.45684881980437797, 1.3088967466474484
75.27527527527528, 0.10905216976613079, 0.10961600491633244, 0.45667145582129753, 1.3090663424372986
75.37537537537538, 0.10893908735604503, 0.10950045369135475, 0.45649431055778195, 1.3092358165543905
75.47547547547548, 0.10882634685553055, 0.1093852606373993, 0.4563173834469797, 1.3094051692954716
75.57557557557558, 0.10871394647369359, 0.10927042381426737, 0.4561406739220392, 1.3095744009572892
75.67567567567568, 0.10860188443497111, 0.1091559412987821, 0.45596418141904616, 1.3097435118349936
75.77577577577577, 0.10849015909432434, 0.1090418113126911, 0.45578790539909203, 1.3099125022101346
75.87587587587588, 0.10837876874713628, 0.10892803201159074, 0.4556118453118545, 1.3100813723704698
75.97597597597598, 0.10826771166479612, 0.10881460152443644, 0.4554360006024142, 1.3102501226062575
76.07607607607608, 0.10815698611869305, 0.1087015179801837, 0.45526037071585196, 1.3104187532077556
76.17617617617617, 0.10804659038920357, 0.1085887795187258, 0.4550849550990842, 1.3105872644642247
76.27627627627629, 0.10793652287961664, 0.10847638442954399, 0.4549097532241341, 1.3107556566512972
76.37637637637638, 0.10782678195099384, 0.10836433095072769, 0.45473476455439926, 1.3109239300492874
76.47647647647648, 0.10771736593410522, 0.10825261728350054, 0.4545599885470898, 1.3110920849418686
76.57657657657657, 0.10760827315972085, 0.1081412416290863, 0.45438542465941584, 1.3112601216127138
76.67667667667668, 0.10749950196306976, 0.10803020219430771, 0.4542110723495284, 1.3114280403449865
76.77677677677679, 0.1073910507896083, 0.10791949732440041, 0.4540369310988415, 1.3115958414092408
76.87687687687688, 0.10728291806191555, 0.10780912533587284, 0.4538630003839409, 1.311763525078648
76.97697697697699, 0.10717510216638941, 0.10769908449980066, 0.45368927967377654, 1.311931091630518
77.07707707707708, 0.10706760148942775, 0.10758937308725956, 0.45351576843729835, 1.3120985413421609
77.17717717717719, 0.10696041441902694, 0.10747998937121032, 0.45334246614378715, 1.3122658744907076
77.27727727727728, 0.10685353943659645, 0.10737093173477387, 0.45316937228185245, 1.312433091342824
77.37737737737739, 0.10674697502454514, 0.10726219856224992, 0.4529964863403104, 1.3126001921650634
77.47747747747748, 0.10664071962553881, 0.10715378819106973, 0.45282380779975395, 1.3127671772284326
77.57757757757759, 0.10653477168224315, 0.1070456989586646, 0.45265133614077585, 1.3129340468039372
77.67767767767768, 0.10642912966590298, 0.10693792922161453, 0.452479070848559, 1.3131008011601037
77.77777777777779, 0.10632379215353042, 0.10683047740736644, 0.4523070114252737, 1.3132674405562788
77.87787787787788, 0.10621875765635981, 0.10672334189929437, 0.4521351573625258, 1.3134339652575173
77.97797797797797, 0.10611402467657038, 0.1066165210747053, 0.4519635081504665, 1.3136003755296608
78.0780780780781, 0.10600959171688423, 0.1065100133112652, 0.4517920632793352, 1.3137666716385026
78.17817817817819, 0.1059054573699807, 0.10640381704615483, 0.45162082225393463, 1.3139328538419732
78.27827827827828, 0.10580162024509876, 0.1062979307275106, 0.4514497845817487, 1.3140989223965553
78.37837837837837, 0.10569807890344277, 0.10619235277168972, 0.4512789497624845, 1.3142648775629304
78.4784784784785, 0.10559483190621693, 0.10608708159504933, 0.4511083172958493, 1.3144307196017804
78.57857857857859, 0.10549187782760294, 0.10598211563652232, 0.4509378866850724, 1.314596448771887
78.67867867867868, 0.10538921530533614, 0.10587745344560158, 0.4507676574506316, 1.3147620653227319
78.77877877877879, 0.10528684294201722, 0.10577309351065865, 0.45059762910346923, 1.3149275695089382
78.87887887887888, 0.10518475933309437, 0.1056690343076223, 0.4504278011525863, 1.3150929615861755
78.97897897897899, 0.10508296307399925, 0.10556527431247598, 0.45025817310698785, 1.3152582418101122
79.07907907907908, 0.10498145271860715, 0.10546181213924964, 0.4500887444854634, 1.315423410431143
79.17917917917919, 0.10488022679524742, 0.1053586464868344, 0.4499195148128176, 1.315588467696422
79.27927927927928, 0.10477928385670844, 0.10525577597287111, 0.44975048360809616, 1.315753413856206
79.37937937937939, 0.1046786225426829, 0.10515319917157437, 0.44958165039466297, 1.3159182491584316
79.47947947947948, 0.10457824156793658, 0.1050509146196445, 0.44941301469961276, 1.3160829738490318
79.57957957957959, 0.1044781395850347, 0.10494892088486367, 0.4492445760469491, 1.3162475881756004
79.67967967967968, 0.10437831533876626, 0.10484721648799333, 0.44907633396519625, 1.3164120923832985
79.77977977977979, 0.10427876768026714, 0.10474579989557406, 0.44890828798809035, 1.3165764867144845
79.8798798798799, 0.10417949538184562, 0.1046446696143366, 0.4487404376455044, 1.3167407714135946
79.97997997997999, 0.10408049498595985, 0.10454382178819023, 0.44857278166484815, 1.3169049471420586
80.08008008008008, 0.1039817714515995, 0.10444326198143009, 0.4484053218762833, 1.3170690129486242
80.18018018018017, 0.10388331795531439, 0.10434298267263424, 0.44823805578135795, 1.3172329701318006
80.2802802802803, 0.1037851340073591, 0.10424298361312016, 0.4480709832491809, 1.3173968187595142
80.38038038038039, 0.10368721864604032, 0.1041432643110353, 0.44790410402210984, 1.317560558965469
80.48048048048048, 0.10358957067478386, 0.10404382337520594, 0.44773741764337704, 1.3177241909869077
80.58058058058057, 0.10349218964825047, 0.10394466028364129, 0.44757092394306336, 1.3178877149121053
80.6806806806807, 0.10339507244396402, 0.10384577134879777, 0.4474046217134975, 1.3180511313681853
80.78078078078079, 0.1032982200836687, 0.10374715780443577, 0.44723851135385384, 1.3182144401478635
80.88088088088088, 0.10320163084073433, 0.10364881775972334, 0.447072592218186, 1.3183776415865747
80.98098098098099, 0.10310530323648258, 0.10355074955062422, 0.4469068637467135, 1.3185407359750054
81.08108108108108, 0.10300923583700909, 0.10345295155405593, 0.4467413253952149, 1.3187037235957637
81.18118118118119, 0.10291342725615912, 0.10335542221665497, 0.4465759766393884, 1.3188666047210729
81.28128128128128, 0.10281787654701714, 0.10325816062638872, 0.44641081713816844, 1.319029379527644
81.38138138138139, 0.10272258259894308, 0.10316116563217122, 0.4462458464821888, 1.3191920482277903
81.48148148148148, 0.10262754422314267, 0.10306443596880391, 0.44608106422947996, 1.3193546110508192
81.58158158158159, 0.1025327602075552, 0.10296797039649092, 0.445916469938335, 1.3195170682258996
81.6816816816817, 0.10243822859660592, 0.10287176849026908, 0.4457520631757621, 1.3196794199775712
81.78178178178179, 0.10234394855252243, 0.10277582874430252, 0.4455878435111961, 1.31984166652908
81.88188188188188, 0.10224991956591896, 0.10268014902054727, 0.4454238104585743, 1.3200038081324605
81.98198198198199, 0.10215614083685844, 0.10258472864079601, 0.4452599637470901, 1.3201658449281184
82.0820820820821, 0.10206261033828173, 0.10248956593312482, 0.4450963026970152, 1.3203277772683857
82.18218218218219, 0.1019693274617971, 0.1023946601505638, 0.44493282705788034, 1.3204896052830526
82.28228228228228, 0.10187629141488921, 0.10230001042192224, 0.44476953652272466, 1.3206513291312245
82.38238238238237, 0.10178349977790759, 0.1022056142442981, 0.44460643017844137, 1.320812949286075
82.4824824824825, 0.10169095305621406, 0.10211147213616414, 0.4444435082139393, 1.3209744656497107
82.58258258258259, 0.1015986497469479, 0.1020175825337894, 0.4442807700562772, 1.321135878519024
82.68268268268268, 0.10150658853983582, 0.10192394407849277, 0.4441182152083122, 1.3212971881516309
82.78278278278279, 0.10141476814235573, 0.10183055543049319, 0.44395584317988784, 1.321458394801527
82.8828828828829, 0.10132318727462387, 0.10173741526156937, 0.4437936534850853, 1.3216194987205028
82.98298298298299, 0.10123184505413818, 0.10164452260697042, 0.4436316457712268, 1.3217805000910179
83.08308308308308, 0.10114074055409691, 0.10155187646142617, 0.443469819670781, 1.3219413991032603
83.18318318318319, 0.10104987271029003, 0.10145947569398421, 0.4433081747701438, 1.3221021959713921
83.28328328328328, 0.10095924045850758, 0.10136731917369209, 0.44314671065571126, 1.322262890909575
83.38338338338339, 0.10086884276398037, 0.10127540578309385, 0.4429854269186974, 1.3224234841294171
83.48348348348348, 0.10077867865568492, 0.10118373443395634, 0.4428243231607478, 1.3225839758369977
83.58358358358359, 0.10068874711423116, 0.1010923040158738, 0.44266339897559326, 1.3227443662425906
83.68368368368368, 0.10059904711742805, 0.10100111341715644, 0.4425026539565061, 1.3229046555567132
83.78378378378379, 0.10050957764539863, 0.10091016152931617, 0.4423420876973889, 1.323064843989547
83.8838838838839, 0.10042033772338026, 0.10081944730628124, 0.44218169980443367, 1.3232249317447378
83.98398398398399, 0.10033132636672751, 0.1007289696883071, 0.4420214898811402, 1.3233849190273632
84.08408408408408, 0.10024254257806813, 0.1006387275980411, 0.4418614575275416, 1.323544806044344
84.18418418418419, 0.10015398536002976, 0.10054871995813076, 0.44170160234367073, 1.323704593002602
84.2842842842843, 0.10006565368160236, 0.10045894575784077, 0.44154192393343844, 1.3238642801069944
84.38438438438439, 0.0999775464407251, 0.10036940412714704, 0.4413824219089464, 1.3240238675580214
84.48448448448448, 0.09988966258628543, 0.10028009411568015, 0.4412230958788156, 1.3241833555580347
84.58458458458459, 0.09980200120652062, 0.10019101465288878, 0.4410639454537387, 1.3243427443082925
84.6846846846847, 0.09971456136400207, 0.10010216469037636, 0.4409049702440298, 1.324502034010252
84.78478478478479, 0.0996273421807288, 0.10001354314683358, 0.4407461698630499, 1.324661224863752
84.88488488488488, 0.0995403428017847, 0.09992514892679533, 0.4405875439251822, 1.3248203170680868
84.98498498498499, 0.0994535617976767, 0.09983698045721848, 0.44042909183579954, 1.3249793109305488
85.08508508508508, 0.09936699972377303, 0.0997490383967266, 0.44027081383474775, 1.325138206327178
85.18518518518519, 0.09928065405047069, 0.09966132014104408, 0.44011270890310344, 1.3252970037844776
85.28528528528528, 0.09919452416786527, 0.09957382524452679, 0.43995477682892303, 1.325455703411867
85.38538538538539, 0.09910860930840552, 0.09948655286156573, 0.43979701728897475, 1.3256143053763032
85.48548548548548, 0.09902290880293323, 0.0993995022204776, 0.4396394299945883, 1.3257728098268988
85.58558558558559, 0.09893742121080734, 0.09931267172171815, 0.43948201433455847, 1.3259312170793287
85.6856856856857, 0.09885214647040756, 0.09922606132366896, 0.43932477028606126, 1.326089527145386
85.78578578578579, 0.0987670834112694, 0.09913966976656903, 0.4391676973574463, 1.326247740279004
85.88588588588588, 0.09868223100630222, 0.09905349592977117, 0.4390107951154048, 1.3264058567039816
85.98598598598599, 0.0985975882284154, 0.09896753869262831, 0.4388540631266277, 1.3265638766441166
86.0860860860861, 0.09851315406295312, 0.09888179694952984, 0.4386975009630142, 1.3267218003205081
86.18618618618619, 0.09842892779024896, 0.09879626995157685, 0.4385411083200064, 1.326879627890201
86.28628628628628, 0.09834490863328882, 0.0987109568805237, 0.4383848848690293, 1.327037359522693
86.38638638638639, 0.09826109572209048, 0.09862585680570427, 0.4382288302425721, 1.3271949954076683
86.4864864864865, 0.09817748818667167, 0.09854096879645247, 0.4380729440731239, 1.3273525357348108
86.58658658658659, 0.09809408508115706, 0.09845629200636609, 0.43791722599430494, 1.3275099806932107
86.68668668668668, 0.09801088485554645, 0.09837182626580114, 0.43776167564947693, 1.3276673304668312
86.78678678678679, 0.09792788712557603, 0.0982875702378636, 0.43760629268022005, 1.3278245852405721
86.8868868868869, 0.0978450916099427, 0.09820352247682074, 0.43745107672727856, 1.3279817451997702
86.98698698698699, 0.09776249738508179, 0.09811968218187234, 0.43729602743228735, 1.3281388105292815
87.08708708708708, 0.09768010330916904, 0.09803604857661315, 0.43714114439578455, 1.3282957814351297
87.18718718718719, 0.09759790866187222, 0.09795262087548379, 0.4369864273030476, 1.328452658079597
87.28728728728728, 0.09751591260964912, 0.09786939815167253, 0.43683187578521476, 1.328609440652903
87.38738738738739, 0.09743411440427006, 0.09778637962230542, 0.4366774895207855, 1.3287661293208308
87.4874874874875, 0.09735251330640592, 0.0977035645316782, 0.43652326819507475, 1.3289227242456458
87.58758758758759, 0.09727110863719046, 0.0976209521772062, 0.43636921151499386, 1.3290792255784878
87.68768768768768, 0.09718989941444998, 0.09753854155138562, 0.4362153190607896, 1.3292356335358033
87.78778778778779, 0.09710888468149909, 0.09745633167366999, 0.43606159042398857, 1.3293919483282226
87.8878878878879, 0.09702806350199207, 0.09737432158187362, 0.435908025203854, 1.3295481701623737
87.98798798798799, 0.09694743523627938, 0.09729251058164042, 0.43575462311250573, 1.3297042991865091
88.08808808808809, 0.09686699916536273, 0.09721089790698562, 0.4356013838318809, 1.3298603355644942
88.18818818818819, 0.09678675449971837, 0.09712948272826069, 0.4354483070170906, 1.3300162794740698
88.2882882882883, 0.09670670045023261, 0.09704826421594458, 0.4352953923233141, 1.3301721310929409
88.38838838838839, 0.09662683627205505, 0.09696724155427426, 0.4351426394131159, 1.330327890594943
88.48848848848849, 0.0965471612268514, 0.09688641392951204, 0.43499004795014734, 1.330483558153342
88.58858858858859, 0.09646767455497679, 0.09680578052129644, 0.43483761759450457, 1.3306391339432666
88.6886886886887, 0.09638837549678637, 0.096725340509266, 0.43468534800628356, 1.3307946181398462
88.78878878878879, 0.09630925876548382, 0.0966450882062456, 0.43453323680162753, 1.3309500119709388
88.88888888888889, 0.09623033571320795, 0.09656503582714103, 0.434381289096791, 1.3311053128012524
88.988988988989, 0.09615159633705102, 0.09648517261175943, 0.4342295003811778, 1.3312605229540655
89.0890890890891, 0.09607304063701302, 0.09640549856010083, 0.4340778706547878, 1.3314156424293786
89.1891891891892, 0.09599466841083727, 0.09632601352714487, 0.4339263998403323, 1.3315706712669462
89.2892892892893, 0.09591647902417061, 0.09624671705805325, 0.43377508769540424, 1.3317256095914538
89.3893893893894, 0.0958384721704802, 0.0961676088468395, 0.4336239340848341, 1.3318804574724836
89.48948948948949, 0.09576064672178125, 0.09608868771145025, 0.43347293849949003, 1.332035215172157
89.5895895895896, 0.09568300283826003, 0.09600995384661673, 0.4333221010182807, 1.3321898826498584
89.6896896896897, 0.09560553806950929, 0.09593140445789763, 0.43317142047946877, 1.3323444605036083
89.7897897897898, 0.09552825351802897, 0.09585304080724306, 0.43302089740647615, 1.3324989484639722
89.88988988988989, 0.09545114815907212, 0.09577486177617779, 0.43287053132129166, 1.3326533467770532
89.98998998999, 0.09537422108924058, 0.09569686636662142, 0.43272032180062975, 1.3328076556607698
90.0900900900901, 0.09529747146475508, 0.09561905363964364, 0.4325702684480914, 1.3329618753191923
90.1901901901902, 0.09522089844183634, 0.09554142265631421, 0.4324203708672775, 1.333116005956392
90.29029029029029, 0.0951445012968546, 0.09546397262400914, 0.43227062871846944, 1.3332700477471797
90.3903903903904, 0.09506827956493409, 0.09538670306518979, 0.4321210417840149, 1.3334240008033522
90.4904904904905, 0.09499223258000805, 0.09530961325732676, 0.43197160975135057, 1.3335778652857018
90.5905905905906, 0.094916359664323, 0.09523270246365984, 0.4318223323023997, 1.3337316413578673
90.69069069069069, 0.09484066013724235, 0.09515596995047437, 0.43167320911911133, 1.333885329183474
90.7907907907908, 0.09476513274894593, 0.09507941558530239, 0.4315242398885484, 1.33403892892349
90.8908908908909, 0.09468977648391451, 0.09500303903235666, 0.43137542430165166, 1.3341924407368648
90.990990990991, 0.09461459175538264, 0.09492683851889988, 0.431226762046325, 1.334345864784121
91.09109109109109, 0.09453957792524716, 0.09485081328565613, 0.43107825280312123, 1.3344992012295476
91.1911911911912, 0.09446473411801647, 0.0947749629020351, 0.4309298962734055, 1.3346524502267179
91.2912912912913, 0.09439005950806263, 0.09469928665897985, 0.43078169210512535, 1.3348056119566436
91.3913913913914, 0.09431555355949496, 0.09462378390622882, 0.43063364002508137, 1.3349586865597953
91.4914914914915, 0.09424121570724121, 0.09454845403073196, 0.43048573976169324, 1.3351116741758127
91.5915915915916, 0.09416704521991032, 0.09447329630276312, 0.43033799097742514, 1.335264574978241
91.69169169169169, 0.09409304168453787, 0.09439831029754386, 0.4301903934769799, 1.33541738906751
91.7917917917918, 0.09401920429652769, 0.09432349520373905, 0.4300429468858696, 1.3355701166361753
91.8918918918919, 0.09394553228797245, 0.09424885024908372, 0.42989565084744913, 1.3357227578676152
91.991991991992, 0.09387202491632325, 0.09417437468283284, 0.4297485050154391, 1.3358753129398664
92.09209209209209, 0.09379868167657028, 0.09410006795582201, 0.42960150914065726, 1.3360277819809236
92.19219219219221, 0.0937255019804323, 0.09402592944822101, 0.42945466293988305, 1.3361801651363248
92.2922922922923, 0.0936524851978605, 0.09395195850475477, 0.429307966112823, 1.3363324625604063
92.3923923923924, 0.09357963070495336, 0.09387815447024846, 0.42916141836005733, 1.3364846744070507
92.49249249249249, 0.0935069379241838, 0.09380451669028374, 0.4290150193887579, 1.3366368008267164
92.5925925925926, 0.09343440625937753, 0.09373104451013814, 0.4288687689034461, 1.3367888419712386
92.6926926926927, 0.09336203510738784, 0.09365773727497544, 0.42872266660765224, 1.3369407979929677
92.7927927927928, 0.09328981983600938, 0.09358458997710217, 0.42857671021194804, 1.3370926700681842
92.89289289289289, 0.09321777051979342, 0.09351161350592369, 0.42843090469663947, 1.3372444556380847
92.992992992993, 0.09314587849936974, 0.09343879850498021, 0.428285245779085, 1.337396156902991
93.0930930930931, 0.0930741437747384, 0.09336614497427176, 0.4281397334592847, 1.3375477738629031
93.1931931931932, 0.09300256624589492, 0.09329365285680419, 0.427994367699101, 1.3376993065373957
93.2932932932933, 0.09293114542824181, 0.09322132187639744, 0.4278491483137279, 1.3378507550213232
93.3933933933934, 0.09285988092946251, 0.09314915164830505, 0.427704075115973, 1.338002119410825
93.4934934934935, 0.09278877252786942, 0.093077141981165, 0.4275591480073683, 1.3381533997564874
93.5935935935936, 0.09271781836694556, 0.0930052907242476, 0.42741436602002936, 1.338304596555407
93.6936936936937, 0.09264701924928577, 0.09293359881066092, 0.42726972957310067, 1.3384557095923169
93.7937937937938, 0.09257637440251773, 0.09286206539086593, 0.42712523827293153, 1.338606739069423
93.89389389389389, 0.09250588309935075, 0.09279068965835621, 0.42698089174753384, 1.3387576851777991
93.99399399399401, 0.0924355446671744, 0.0927194708588205, 0.4268366896511946, 1.3389085480950176
94.0940940940941, 0.09236535844037459, 0.09264840824762399, 0.42669263164209037, 1.3390593279966478
94.1941941941942, 0.09229532394519419, 0.0925775013454911, 0.4265487174850627, 1.3392100250033632
94.29429429429429, 0.09222544068713492, 0.092506749644459, 0.4264049469334219, 1.3393606392417712
94.39439439439441, 0.09215570811100801, 0.09243615255262325, 0.42626131970673675, 1.3395111708558456
94.4944944944945, 0.09208612565549153, 0.0923657094845388, 0.42611783552463245, 1.3396616199895302
94.5945945945946, 0.0920166923450371, 0.09229542029154308, 0.42597449411062266, 1.3398119867847642
94.69469469469469, 0.09194740769833322, 0.09222528434857195, 0.42583129519019186, 1.3399622713824664
94.7947947947948, 0.09187827159683518, 0.09215530053299725, 0.42568823845522763, 1.340112473940798
94.8948948948949, 0.09180928365163565, 0.09208546851415646, 0.425545323727486, 1.3402625945512532
94.994994994995, 0.09174044288732265, 0.09201578758785108, 0.4254025505900785, 1.340412633427799
95.0950950950951, 0.0916717489792047, 0.0919462573460981, 0.4252599188603059, 1.340562590664194
95.1951951951952, 0.09160320144386605, 0.09187687726832881, 0.42511742828780563, 1.3407124663889376
95.2952952952953, 0.09153479955462382, 0.09180764662534743, 0.4249750785086333, 1.3408622607888148
95.3953953953954, 0.09146654312713302, 0.09173856522715768, 0.42483286942775217, 1.3410119739126165
95.4954954954955, 0.09139843149472568, 0.09166963240044397, 0.4246908007086739, 1.341161605933054
95.5955955955956, 0.09133046404441836, 0.0916008475280527, 0.4245488720430211, 1.341311157008403
95.6956956956957, 0.09126264016322765, 0.09153220999283025, 0.4244070831224165, 1.3414606272969403
95.7957957957958, 0.09119495926628979, 0.09146371920278343, 0.42426543365109143, 1.341610016950456
95.8958958958959, 0.0911274209515945, 0.09139537472952919, 0.424123923415269, 1.3417593260785623
95.995995995996, 0.09106002472703235, 0.09132717606406737, 0.4239825521607717, 1.3419085548116554
96.09609609609609, 0.09099277007398368, 0.09125912267367736, 0.4238413196215348, 1.3420577032862449
96.19619619619621, 0.09092565647382882, 0.09119121402563861, 0.4237002255314937, 1.342206771638841
96.2962962962963, 0.09085868354755476, 0.09112344946288649, 0.4235592696267387, 1.3423557600048397
96.3963963963964, 0.09079185112434622, 0.09105582815650835, 0.42341845164866054, 1.3425046685168969
96.49649649649649, 0.09072515825374598, 0.09098835003260447, 0.4232777713359267, 1.342653497309085
96.59659659659661, 0.0906586042883827, 0.09092101463277819, 0.42313722840492335, 1.3428022465268958
96.6966966966967, 0.09059218892974862, 0.09085382150599784, 0.42299682266271127, 1.3429509162693
96.7967967967968, 0.09052591157541422, 0.09078676982742223, 0.4228565537412817, 1.3430995067250515
96.8968968968969, 0.0904597718476293, 0.09071985926189036, 0.42271642145637356, 1.3432480179886548
96.996996996997, 0.090393769281489, 0.09065308934562163, 0.42257642556778363, 1.343396450183316
97.0970970970971, 0.09032790328917223, 0.09058645944407123, 0.4224365657585279, 1.3435448034716202
97.1971971971972, 0.09026217364529553, 0.090519969323193, 0.42229684190805694, 1.3436930779154168
97.2972972972973, 0.0901965797659345, 0.09045361836009407, 0.42215725370222323, 1.3438412736758512
97.3973973973974, 0.09013112110766347, 0.09038740597256113, 0.42201780084838836, 1.3439893909030307
97.4974974974975, 0.0900657971270568, 0.09032133157838086, 0.42187848305391396, 1.344137429747062
97.5975975975976, 0.09000060732830037, 0.09025539464803504, 0.42173930005087745, 1.3442853903453498
97.6976976976977, 0.08993555134499255, 0.0901895947952354, 0.4216002516385361, 1.3444332728007735
97.7977977977978, 0.08987062871992357, 0.0901239315331899, 0.42146133756900744, 1.3445810772404385
97.8978978978979, 0.0898058389880887, 0.09005840436647916, 0.42132255759036247, 1.3447288037935294
97.99799799799801, 0.08974118168224343, 0.08999301280223795, 0.4211839114507252, 1.3448764525892047
98.0980980980981, 0.08967665616966168, 0.08992775653633012, 0.4210453989021454, 1.3450240237546016
98.1981981981982, 0.08961226195294933, 0.08986263514315368, 0.42090701969870403, 1.345171517415812
98.29829829829829, 0.08954799883569775, 0.08979764788780545, 0.42076877359276343, 1.345318933699812
98.39839839839841, 0.08948386636011976, 0.08973279429359682, 0.420630660335704, 1.3454662727340743
98.4984984984985, 0.08941986397494185, 0.08966807393325574, 0.42049267966678994, 1.345613534652278
98.5985985985986, 0.0893559912359536, 0.08960348635552726, 0.4203548313468545, 1.3457607195770265
98.69869869869869, 0.08929224786079074, 0.08953903124188378, 0.42021711521521504, 1.3459078275906993
98.79879879879881, 0.08922863297574037, 0.08947470769238744, 0.42007953079606064, 1.3460548589372339
98.8988988988989, 0.0891651466745706, 0.08941051580296484, 0.41994207813970574, 1.3462018135908436
98.998998998999, 0.08910178837868976, 0.0893464549830452, 0.41980475693057356, 1.346348691713341
99.0990990990991, 0.0890385575821608, 0.0892825247160237, 0.41966756689345025, 1.3464954934458315
99.1991991991992, 0.08897545378310645, 0.08921872448942866, 0.41953050775537787, 1.3466422189282645
99.2992992992993, 0.08891247647964942, 0.08915505379078838, 0.4193935792433981, 1.3467888683005882
99.3993993993994, 0.08884962520958718, 0.08909151214683754, 0.4192567811044552, 1.3469354416925285
99.4994994994995, 0.08878689963972528, 0.08902809921179602, 0.41912011315020836, 1.3470819392005668
99.5995995995996, 0.08872429934686021, 0.08896481455093717, 0.4189835751471653, 1.3472283609443787
99.6996996996997, 0.0886618238974589, 0.08890165771932672, 0.4188471668566517, 1.347374707046302
99.79979979979981, 0.08859947285798832, 0.08883862827203039, 0.4187108880399935, 1.347520977628674
99.8998998998999, 0.0885372458293363, 0.0887757257348501, 0.41857473845932414, 1.3476671728134169
100.0, 0.08847514265153718, 0.08871294943188295, 0.41843871788265585, 1.3478132927194295
