Initial conditions: Te0=5.6, Ti0=8.4, rho0=1000.0, Rh0=12.0
t (ps), Te (keV), Ti (keV), rho (g/cm^3), Rh (um)
0.0, 5.6, 8.4, 1000.0, 12.0
0.1001001001001001, 6.844373479406957, 7.290678495514863, 984.3152149727073, 12.063421697423442
0.2002002002002002, 7.041207159780195, 7.132215671724326, 969.0378025726935, 12.12650445801702
0.3003003003003003, 7.088372564017653, 7.109088044528278, 954.1744364632103, 12.189163227913859
0.4004004004004004, 7.1067346508427365, 7.112415537479032, 939.7124635372583, 12.251391752802022
0.5005005005005005, 7.1193522019483835, 7.121472541459695, 925.6367936410448, 12.313196623993322
0.6006006006006006, 7.130984983374714, 7.132000184526065, 911.9325033323213, 12.374586762846729
0.7007007007007008, 7.142658480305733, 7.14309799816172, 898.5852944319569, 12.435571378500308
0.8008008008008008, 7.154606921066167, 7.154577166777033, 885.5815506716581, 12.496159555093863
0.9009009009009009, 7.166892397785218, 7.166404056022386, 872.9083163388375, 12.556360172526071
1.001001001001001, 7.179538851080223, 7.178579870422095, 860.5532616048297, 12.616181897304406
1.1011011011011012, 7.192561718361923, 7.19111405693958, 848.5046433663279, 12.6756331895604
1.2012012012012012, 7.205974742666379, 7.204018227992655, 836.7512739330389, 12.734722310880693
1.3013013013013013, 7.219791561167853, 7.2173047685331335, 825.2824874647004, 12.793457334043518
1.4014014014014016, 7.234026062577427, 7.230986544143317, 814.0881086137775, 12.85184615254971
1.5015015015015014, 7.248692547581705, 7.245076811317889, 803.1584355501536, 12.909896485320683
1.6016016016016017, 7.263805811993579, 7.259589140076318, 792.484187603133, 12.967615894689395
1.7017017017017018, 7.2793810540157144, 7.274537631223375, 782.0565318265069, 13.025011775187766
1.8018018018018018, 7.295433824778849, 7.289936841442079, 771.8669813972145, 13.08209139091187
1.901901901901902, 7.3119804241791915, 7.305801631895173, 761.9074480565896, 13.13886185501692
2.002002002002002, 7.3290375695108425, 7.322147428282312, 752.1701857099357, 13.195330150610838
2.1021021021021022, 7.346622569471053, 7.338990133393338, 742.6477794898778, 13.251503134526317
2.2022022022022023, 7.364753316822776, 7.356346185619848, 733.3331258279915, 13.307387544837107
2.3023023023023024, 7.383448331349453, 7.37423255920027, 724.2194191886423, 13.362990005946552
2.4024024024024024, 7.402726838018243, 7.392666806722574, 715.3001425677331, 13.418317032496118
2.5025025025025025, 7.422608755882075, 7.4116670869617005, 706.5690440403216, 13.47337503911377
2.6026026026026026, 7.443114705657298, 7.431252205418402, 698.0201194763692, 13.528170347360462
2.702702702702703, 7.464266054992964, 7.451441678553639, 689.6476087096737, 13.582709187656544
2.802802802802803, 7.486085013723652, 7.472255715508799, 681.4459797737989, 13.636997706557475
2.9029029029029028, 7.508594745732908, 7.493715186836769, 673.4099190856124, 13.691041971346495
3.003003003003003, 7.531819321298862, 7.515841764254641, 665.5343182181253, 13.744847976449085
3.1031031031031033, 7.555783603552352, 7.538658091150851, 657.8142664251286, 13.79842164741121
3.2032032032032034, 7.5805134840417905, 7.56218761536542, 650.2450342435778, 13.851768848362132
3.3033033033033035, 7.606036287754774, 7.586454629970483, 642.8220924488178, 13.90489537787701
3.4034034034034035, 7.632380092931703, 7.611484382165137, 635.5410493570809, 13.957806991490937
3.503503503503504, 7.659574259950869, 7.6373032985814415, 628.397694804728, 14.010509389882827
3.6036036036036037, 7.6876494878910115, 7.663938773491309, 621.3879682837236, 14.06300823130904
3.703703703703704, 7.716637785858414, 7.691419367472861, 614.5079558650406, 14.115309135168513
3.803803803803804, 7.746572587746301, 7.719774842752115, 607.7538832200152, 14.167417686874904
3.903903903903904, 7.777488821006672, 7.749036246427017, 601.1221091977384, 14.219339442640285
4.004004004004004, 7.809422967746433, 7.779235927373311, 594.6091186864459, 14.271079933670231
4.104104104104104, 7.84241332196484, 7.810407713868746, 588.2115257688594, 14.322644669792608
4.2042042042042045, 7.876499925798593, 7.8425869160391635, 581.9260555705536, 14.37403914766023
4.3043043043043046, 7.911724648369925, 7.875810406387726, 575.7495432086911, 14.425268853026957
4.404404404404405, 7.948131361544656, 7.910116829264088, 569.6789302425863, 14.47633926688195
4.504504504504505, 7.985766089482505, 7.945546592735185, 563.7112600210245, 14.527255869498495
4.604604604604605, 8.024677132697905, 7.982141949059427, 557.8436734246644, 14.578024144861548
4.704704704704705, 8.064915314771365, 8.019947120717688, 552.0734025977341, 14.628649587995453
4.804804804804805, 8.106533962409411, 8.059008449083409, 546.3977693573105, 14.679137707444532
4.904904904904906, 8.14958905577622, 8.099374590149273, 540.8141798128062, 14.729494032042878
5.005005005005005, 8.19413941222769, 8.14109670113229, 535.3201203242671, 14.779724117213988
5.105105105105106, 8.24024684653187, 8.184228438672447, 529.9131560049252, 14.829833547336456
5.205205205205205, 8.287976664878455, 8.228826071467237, 524.5909247696218, 14.879827945217192
5.305305305305305, 8.337397712456342, 8.274948663633996, 519.3511358917608, 14.92971297544793
5.405405405405406, 8.388582544930722, 8.322658242705414, 514.191566998648, 14.979494349706082
5.505505505505505, 8.441607430088201, 8.372020400287823, 509.1100596058994, 15.029177836224372
5.605605605605606, 8.49655278742102, 8.423104215116846, 504.1045174079645, 15.078769263963034
5.705705705705706, 8.55350363111721, 8.475982294732951, 499.17290387134216, 15.128274528478785
5.8058058058058055, 8.612550070542449, 8.530730941501535, 494.3132389514521, 15.177699600126822
5.9059059059059065, 8.673787115285192, 8.587430814013135, 489.5235968514102, 15.227050530904537
6.006006006006006, 8.737315043852199, 8.646167162953986, 484.8021037102658, 15.276333461561716
6.106106106106107, 8.803239886490658, 8.707029971883433, 480.14693550223745, 15.325554628436786
6.206206206206207, 8.87167428178971, 8.770114069230772, 475.5563152101783, 15.374720373421455
6.306306306306307, 8.942737327394997, 8.835519777156046, 471.0285113340584, 15.423837150323788
6.406406406406407, 9.016555017221405, 8.903353351251024, 466.56183560009197, 15.472911534263574
6.506506506506507, 9.093261025829191, 8.973727125518742, 462.1546410413379, 15.521950230397218
6.606606606606607, 9.172997152629996, 9.046760001697532, 457.80532010076496, 15.57096008328087
6.706706706706707, 9.255913737872593, 9.122578030136077, 453.51230277884156, 15.61994808678051
6.806806806806807, 9.342170258770048, 9.201314838314115, 449.2740550032544, 15.668921393489324
6.906906906906907, 9.431936057264874, 9.283112128711899, 445.0890768198146, 15.71788732572829
7.007007007007008, 9.525390997176576, 9.368120283017165, 440.9559007405058, 15.766853386716386
7.107107107107107, 9.622726070806182, 9.45649904156542, 436.87309020281555, 15.81582727177746
7.207207207207207, 9.724144192067422, 9.548418151012019, 432.8392380324247, 15.864816880302591
7.307307307307307, 9.829860937275502, 9.644058018442601, 428.8529651075736, 15.913830327004952
7.407407407407408, 9.940105483467693, 9.743610575592523, 424.9129187001614, 15.96287595634938
7.507507507507508, 10.055121416674679, 9.847280166688982, 421.0177711991629, 16.01196235566684
7.607607607607608, 10.175167667196352, 9.955284456075395, 417.16621872333525, 16.06109836910458
7.707707707707708, 10.300519334294638, 10.067855296814328, 413.3569801266842, 16.11029310975969
7.807807807807808, 10.431468837044974, 10.185239902022282, 409.5887955646712, 16.15955597623093
7.907907907907909, 10.568326851364416, 10.307701992394215, 405.86042536985434, 16.208896667303843
8.008008008008009, 10.711423329488733, 10.435523046946994, 402.1706489502997, 16.258325197400083
8.108108108108109, 10.861108561542117, 10.569003661697156, 398.51826377946327, 16.30785191226701
8.208208208208209, 11.0177542281551, 10.708464964599276, 394.90208440192754, 16.357487504914072
8.308308308308309, 11.181754435408958, 10.854250215531943, 391.3209415536531, 16.40724303190786
8.408408408408409, 11.353526666706749, 11.00672645749655, 387.7736813049204, 16.457129929402495
8.508508508508509, 11.533512706599494, 11.166286351966244, 384.25916433973714, 16.507160029319053
8.608608608608609, 11.722179465257591, 11.33335009578061, 380.7762652974127, 16.55734557513606
8.70870870870871, 11.920019657076717, 11.508367488605757, 377.3238722301623, 16.607699237204756
8.80880880880881, 12.127552285604693, 11.691820135712753, 373.90088617164383, 16.658234127370992
8.90890890890891, 12.345322896490327, 11.884223771947529, 370.5062208370747, 16.7089638125432
9.00900900900901, 12.573903510284337, 12.086130714897244, 367.1388024683837, 16.75990232689678
9.10910910910911, 12.813892158827034, 12.298132429989282, 363.7975698443229, 16.811064182275487
9.20920920920921, 13.065911944174097, 12.520862183055822, 360.48147447300994, 16.862464376341027
9.30930930930931, 13.330609489224765, 12.75499775943119, 357.18948099209103, 16.914118397883144
9.40940940940941, 13.608652659455869, 13.001264201902359, 353.9205678062915, 16.966042228587824
9.50950950950951, 13.900727438802814, 13.260436501106406, 350.67372798100854, 17.018252340619675
9.60960960960961, 14.207533773239609, 13.533342172976784, 347.4479704293216, 17.070765689105865
9.70970970970971, 14.52978018980185, 13.820863611442288, 344.24232142867413, 17.123599698459223
9.809809809809812, 14.86817706758174, 14.123940081378082, 341.0558264897313, 17.176772241691303
9.90990990990991, 15.223428274954493, 14.443569178845939, 337.8875526314464, 17.23030161117936
10.01001001001001, 15.59622106706095, 14.780807573399102, 334.73659107605806, 17.284206480026867
10.11011011011011, 15.987213801021015, 15.136770697834123, 331.60206047503755, 17.33850585114339
10.210210210210212, 16.39702193392751, 15.512631226871394, 328.48311053388795, 17.393218995784515
10.310310310310312, 16.82620123987505, 15.909615857240777, 325.37892625274026, 17.448365376188914
10.41041041041041, 17.275228816385468, 16.32900005433107, 322.28873271221573, 17.503964552789128
10.51051051051051, 17.74448171990934, 16.772100309827863, 319.2118004225575, 17.560036074209343
10.61061061061061, 18.234213323820303, 17.24026346115092, 316.14745124108344, 17.616599348577004
10.710710710710712, 18.744527627498375, 17.734852599373127, 313.09506482649056, 17.67367349498669
10.810810810810812, 19.275352090841483, 18.257229211724265, 310.0540855867539, 17.7312771747332
10.91091091091091, 19.826409664276007, 18.808731204868646, 307.02403002531395, 17.789428402180842
11.01101101101101, 20.397190824825696, 19.39064654606082, 304.0044943890681, 17.84814433551659
11.11111111111111, 20.986927227604475, 20.004182701667414, 300.9951623877656, 17.907441050152695
11.211211211211213, 21.594568064038892, 20.650432257088063, 297.995812832998, 17.967333297234536
11.311311311311313, 22.21876082311033, 21.330335141646014, 295.0063269458439, 18.027834250664036
11.411411411411413, 22.857838864954275, 22.044638737728782, 292.02669495656033, 18.088955249502163
11.511511511511511, 23.50981730833102, 22.79385762777635, 289.0570216699126, 18.150705543355333
11.611611611611611, 24.172398469595453, 23.578234167098607, 286.09753076609775, 18.213092046011013
11.711711711711713, 24.842989030058266, 24.39770223780693, 283.14856738006586, 18.276119107832844
11.811811811811813, 25.518730368721062, 25.251858400043673, 280.21059839049093, 18.339788323974073
11.911911911911913, 26.196539533686853, 26.139938516285536, 277.28421078484473, 18.404098371118458
12.012012012012011, 26.873163299514285, 27.060806096324725, 274.37010728065013, 18.46904489768036
12.112112112112113, 27.54524187328512, 28.01295170999067, 271.4690993969358, 18.534620467582236
12.212212212212213, 28.20937993991292, 28.99450449982773, 268.582098030637, 18.60081456244291
12.312312312312313, 28.862222141004484, 30.00325613614656, 265.71010167739263, 18.66761364563713
12.412412412412413, 29.500529049362576, 31.036696106146913, 262.8541825951332, 18.735001287765044
12.512512512512513, 30.12124981253711, 32.09205673658687, 260.015471369327, 18.80295834880188
12.612612612612613, 30.721587817764224, 33.16636563023227, 257.1951403676536, 18.871463211098085
12.712712712712714, 31.299056287265667, 34.256502862530894, 254.39438663971256, 18.940492054176023
12.812812812812814, 31.8515213996378, 35.35926008835893, 251.61441482972398, 19.010019161017887
12.912912912912914, 32.377231512022014, 36.47139881499578, 248.8564206417799, 19.080017244535284
13.013013013013014, 32.874832046695886, 37.589705423973705, 246.12157533554236, 19.150457782908166
13.113113113113114, 33.343366535710395, 38.71104099067735, 243.4110116466459, 19.221311353106227
13.213213213213214, 33.78226516811919, 39.83238445225471, 240.72581143726455, 19.292547952737884
13.313313313313314, 34.191322303346055, 40.9508686247995, 238.06699519445596, 19.3641373048563
13.413413413413414, 34.57066614890646, 42.06380787970698, 235.43551365152734, 19.436049133495906
13.513513513513514, 34.92072184953186, 43.168718809330485, 232.83224128196053, 19.508253413644113
13.613613613613614, 35.24217093167136, 44.26333345949783, 230.25797176931866, 19.58072058786688
13.713713713713714, 35.53590919462786, 45.3456061571445, 227.713415258358, 19.653421750253468
13.813813813813814, 35.803004931434934, 46.4137148329207, 225.19919720378246, 19.726328798191403
13.913913913913914, 36.04465883995612, 47.4660577714727, 222.71585860514455, 19.799414553754996
14.014014014014016, 36.262166689319244, 48.501246559095215, 220.26385745126927, 19.872652856375538
14.114114114114114, 36.45688573319649, 49.51809624910685, 217.84357113003122, 19.94601862973698
14.214214214214214, 36.630205191210926, 50.51561348700442, 215.45529960878582, 20.01948792593235
14.314314314314315, 36.78352099361297, 51.49298333649232, 213.0992691828724, 20.093037950190904
14.414414414414415, 36.918214678496646, 52.44955527642447, 210.77563665205906, 20.166647068802195
14.514514514514516, 37.03563632509828, 53.384828963676306, 208.48449374872118, 20.240294803518406
14.614614614614615, 37.137091346739034, 54.298439669224244, 206.22587183658746, 20.31396181232694
14.714714714714717, 37.22383027568568, 55.19014504738377, 203.99974636331572, 20.38762986689495
14.814814814814817, 37.29704174573742, 56.0598114604949, 201.8060415758763, 20.461281817600142
14.914914914914917, 37.357847976356425, 56.907401544925186, 199.6446349881142, 20.534901556026895
15.015015015015017, 37.40730197353642, 57.732962622347394, 197.51536167174157, 20.608473974887232
15.115115115115117, 37.44638698924915, 58.53661576811856, 195.41801845075867, 20.681984923306185
15.215215215215215, 37.47601695151114, 59.31854599440434, 193.35236780232094, 20.75542116285577
15.315315315315315, 37.49703799263032, 60.078993240792656, 191.31814155606935, 20.828770322771486
15.415415415415415, 37.51023110003985, 60.81824428163175, 189.31504436713084, 20.90202085469582
15.515515515515515, 37.516314979310266, 61.53662552543264, 187.3427569223638, 20.97516198940914
15.615615615615615, 37.515949582776486, 62.234496653194356, 185.4009389287875, 21.048183694124052
15.715715715715717, 37.50974005862316, 62.912245173048014, 183.48923185643545, 21.121076631254653
15.815815815815817, 37.49824068577032, 63.570281908101876, 181.60726145640754, 21.193832119915367
15.915915915915917, 37.48196012700453, 64.20903838354388, 179.75464004946267, 21.26644209903665
16.016016016016017, 37.46136619455654, 64.82896463055569, 177.93096859097275, 21.338899093545844
16.116116116116117, 37.43687800245547, 65.43051242626687, 176.13583860898285, 21.411196180778337
16.216216216216218, 37.408861012719626, 66.01411988796673, 174.36883423699686, 21.483326946595913
16.316316316316318, 37.37763842750311, 66.58021637419684, 172.62953403122742, 21.555285445050263
16.416416416416418, 37.343498510428404, 67.12922442989858, 170.91751250332146, 21.627066164603757
16.516516516516518, 37.30669980851203, 67.66156041308376, 169.23234144734886, 21.69866399842632
16.616616616616618, 37.26747525626694, 68.17763465719541, 167.57359110513426, 21.770074217704188
16.716716716716718, 37.226035542102494, 68.67785144098782, 165.94083119682458, 21.841292447355233
16.816816816816818, 37.18257184020457, 69.16260881762321, 164.33363182687123, 21.912314643927523
16.916916916916918, 37.13725796276251, 69.63229840806746, 162.75156424549743, 21.983137075904366
17.017017017017018, 37.09025249598804, 70.08730522170914, 161.1942015857571, 22.053756304367287
17.117117117117118, 37.04170043796307, 70.52800744090915, 159.66111947624168, 22.12416916575059
17.217217217217218, 36.99173457367786, 70.95477625645157, 158.15189656773467, 22.19437275602822
17.31731731731732, 36.94047679642128, 71.36797571083602, 156.66611503255533, 22.264364415337514
17.41741741741742, 36.88803915503799, 71.7679625698758, 155.20336097265334, 22.3341417141181
17.51751751751752, 36.83452482973505, 72.15508621681364, 153.76322479055835, 22.403702439865842
17.61761761761762, 36.78002908477777, 72.52968856043748, 152.3453015550874, 22.473044584027992
17.71771771771772, 36.724639705700554, 72.89210403341978, 150.94919116993051, 22.542166332194892
17.81781781781782, 36.66843794256874, 73.24265951566673, 149.57449871239697, 22.61106605148646
17.91791791791792, 36.61149894537625, 73.5816743556748, 148.22083457793437, 22.679742281224204
18.01801801801802, 36.553892362089485, 73.90946037011128, 146.88781467775192, 22.748193722813145
18.11811811811812, 36.495682785893266, 74.22632187725989, 145.57506057321925, 22.816419230683632
18.21821821821822, 36.436930141369125, 74.53255575995789, 144.28219958207896, 22.884417803927864
18.31831831831832, 36.37769009802352, 74.82845151503554, 143.0088648935204, 22.952188577679408
18.41841841841842, 36.31801437034569, 75.11429134614941, 141.75469560748982, 23.019730816091748
18.518518518518523, 36.25795108335793, 75.39035023119746, 140.5193368230612, 23.087043904305244
18.61861861861862, 36.197544958573026, 75.65689605384941, 139.302439618083, 23.154127342801353
18.71871871871872, 36.13683774772296, 75.91418964752336, 138.10366117465546, 23.22098073853644
18.81881881881882, 36.075868281734756, 76.16248497248979, 136.92266468394772, 23.287603801112308
18.91891891891892, 36.01467268637556, 76.40202923587616, 135.75911934542935, 23.353996336754175
19.01901901901902, 35.953284726436856, 76.63306296553469, 134.61270043435158, 23.42015824083742
19.11911911911912, 35.89173578643748, 76.85582020415828, 133.4830891514661, 23.48608949573453
19.21921921921922, 35.8300552316244, 77.07052858201516, 132.36997271346596, 23.551790162508357
19.31931931931932, 35.76827040276025, 77.27740949570435, 131.27304420888888, 23.617260379048677
19.41941941941942, 35.70640684167036, 77.47667822505622, 130.19200260086234, 23.682500353982846
19.519519519519523, 35.64448840180315, 77.66854407422719, 129.12655266688637, 23.74751036265357
19.619619619619623, 35.58253728822631, 77.85321052974562, 128.07640489638223, 23.812290744387784
19.71971971971972, 35.520574284446504, 78.03087537830888, 127.04127548615028, 23.87684189655131
19.81981981981982, 35.45861874449733, 78.20173085848842, 126.02088620515265, 23.94116427337465
19.91991991991992, 35.396688769031165, 78.36596379641941, 125.01496436917127, 24.005258380508078
20.02002002002002, 35.33480123749651, 78.52375574292857, 124.02324273516953, 24.06912477310347
20.12012012012012, 35.27297189965704, 78.67528311290117, 123.04545942554665, 24.132764052443246
20.22022022022022, 35.21121548121786, 78.82071732234509, 122.08135786240196, 24.196176862229393
20.32032032032032, 35.149545676066396, 78.96022491496977, 121.1306866508929, 24.25936388766405
20.420420420420424, 35.087975289039335, 79.09396770729494, 120.19319952522736, 24.322325850821954
20.520520520520524, 35.02651624441272, 79.22210290261806, 119.26865524246773, 24.385063509665606
20.620620620620624, 34.96517965949818, 79.34478322703663, 118.35681750038371, 24.44757765512116
20.720720720720724, 34.90397590777039, 79.46215705886557, 117.45745485412176, 24.509869108483475
20.82082082082082, 34.84291462665258, 79.57436853327295, 116.57034061707553, 24.57193872052158
20.92092092092092, 34.7820048108822, 79.68155768814209, 115.69525278235284, 24.633787367973767
21.02102102102102, 34.72125481195895, 79.78386055687375, 114.83197392859475, 24.695415952950945
21.12112112112112, 34.66067239757165, 79.88140929873327, 113.98029113272605, 24.756825400456766
21.22122122122122, 34.60026479072836, 79.97433231115667, 113.139995883038, 24.818016656632434
21.32132132132132, 34.54003868256389, 80.06275432071038, 112.31088399171232, 24.878990687906544
21.421421421421424, 34.48000029336876, 80.14679651934237, 111.4927555058123, 24.939748478370852
21.521521521521525, 34.420155372453024, 80.2265766372276, 110.68541462620142, 25.000291029426265
21.621621621621625, 34.3605092463178, 80.30220906790422, 109.88866961727662, 25.060619357646715
21.721721721721725, 34.30106684189469, 80.37380496367706, 109.10233272400697, 25.12073449357797
21.82182182182182, 34.24183269131299, 80.44147230829707, 108.32622009497032, 25.180637481234783
21.92192192192192, 34.18281098266675, 80.50531604797992, 107.56015168890036, 25.240329375847207
22.02202202202202, 34.12400555994596, 80.56543814887735, 106.80395120554225, 25.299811243658738
22.12212212212212, 34.06541995198906, 80.6219377011403, 106.05744599960451, 25.359084160492042
22.22222222222222, 34.00705739614535, 80.6749110131542, 105.32046699914875, 25.418149210545366
22.322322322322325, 33.94892083932614, 80.72445166535815, 104.59284864113104, 25.477007486172862
22.422422422422425, 33.8910129734477, 80.77065062685605, 103.87442877907597, 25.53566008617307
22.522522522522525, 33.833336238392114, 80.81359630953449, 103.16504862052584, 25.594108115498056
22.622622622622625, 33.77589283788318, 80.85337464802933, 102.46455265160128, 25.652352684393055
22.722722722722725, 33.718684761521786, 80.89006919115941, 101.77278855601224, 25.710394907275845
22.822822822822825, 33.66171378489016, 80.92376114278588, 101.0896071613323, 25.7682359026529
22.922922922922922, 33.604981493167216, 80.95452946095217, 100.41486235296841, 25.825876791876983
23.023023023023022, 33.548489287373464, 80.9824509119414, 99.74841101428746, 25.883318698767987
23.123123123123122, 33.49223839198333, 81.0076001279495, 99.09011296457732, 25.94056274916627
23.223223223223222, 33.43622987374618, 81.03004969433991, 98.4398308791879, 25.997610069935526
23.323323323323326, 33.38046464128672, 81.0498701826789, 97.79743024384577, 26.054461788930997
23.423423423423426, 33.32494346086217, 81.0671302311972, 97.16277927837851, 26.111119034143766
23.523523523523526, 33.26966696501417, 81.08189660644184, 96.53574887032617, 26.167582933216913
23.623623623623626, 33.21463565051016, 81.09423420854426, 95.91621256238096, 26.223854613551133
23.723723723723726, 33.15984990387697, 81.10420622171152, 95.30404640180973, 26.27993520088161
23.823823823823826, 33.10530999207508, 81.11187408537836, 94.69912895831332, 26.335825819779686
23.923923923923926, 33.051016076919026, 81.11729757219724, 94.10134124885458, 26.3915275928577
24.024024024024023, 32.996968217768014, 81.12053480559308, 93.51056671945969, 26.447041640617062
24.124124124124123, 32.94316638761625, 81.12164243714079, 92.92669103398977, 26.502369080481404
24.224224224224226, 32.88961045885406, 81.12067549755854, 92.34960224980445, 26.5575110276458
24.324324324324326, 32.83630020884004, 81.11768743750511, 91.77919077177108, 26.612468594796187
24.424424424424426, 32.783235370436046, 81.11273052711266, 91.21534889679855, 26.667242889477855
24.524524524524526, 32.73041558483768, 81.105855489046, 90.65797123119664, 26.721835016534023
24.624624624624627, 32.67784041342367, 81.09711160052626, 90.10695457292486, 26.77624607746326
24.724724724724727, 32.62550938086916, 81.08654707593432, 89.56219746822212, 26.83047716804667
24.824824824824827, 32.57342193205815, 81.07420867829659, 89.02360066276081, 26.88452938073801
24.924924924924927, 32.52157744858306, 81.060141880379, 88.49106691218473, 26.938403803727358
25.025025025025027, 32.469975278837445, 81.04439117441396, 87.96450061498216, 26.99210151920633
25.125125125125123, 32.41861470253055, 81.0269997021752, 87.44380825176641, 27.045623605421785
25.225225225225227, 32.367494952102035, 81.00800947402115, 86.92889812096686, 27.0989711355273
25.325325325325327, 32.31661523573232, 80.98746160154231, 86.41968005533758, 27.152145176407824
25.425425425425427, 32.26597469824404, 80.96539590303281, 85.91606590351235, 27.20514679065993
25.525525525525527, 32.2155724379687, 80.94185107220181, 85.4179693230912, 27.257977035764405
25.625625625625627, 32.16540755102454, 80.91686510855685, 84.92530524440654, 27.310636962140805
25.725725725725727, 32.115479089132705, 80.89047490765763, 84.43799038123993, 27.36312761499579
25.825825825825827, 32.065786059367916, 80.86271625871125, 83.95594323381727, 27.415450034333986
25.925925925925927, 32.016327450368955, 80.83362416164607, 83.4790836854547, 27.467605253703027
26.026026026026027, 31.96710223239934, 80.80323282789605, 83.00733300155554, 27.51959430019054
26.126126126126128, 31.918109335233872, 80.7715753948319, 82.54061419477684, 27.571418195513765
26.226226226226228, 31.86934766397015, 80.73868413685796, 82.07885175260249, 27.623077955267046
26.326326326326328, 31.820816119110024, 80.70459074860517, 81.62197126661451, 27.674574588024104
26.426426426426428, 31.77251356841412, 80.66932594801735, 81.16989995209399, 27.725909096596244
26.526526526526528, 31.72443885025562, 80.63291953053552, 80.72256657881593, 27.77708247783318
26.626626626626628, 31.676590820359536, 80.5954009447003, 80.27990069657817, 27.828095721130918
26.726726726726728, 31.62896829212675, 80.55679856045262, 79.84183362062531, 27.87894981031382
26.826826826826828, 31.581570070483412, 80.51714008416839, 79.40829787269625, 27.929645722567066
26.926926926926928, 31.53439494786248, 80.47645254769564, 78.97922719174996, 27.98018442856704
27.027027027027028, 31.487441711814594, 80.4347624308884, 78.55455636586193, 28.030566892244085
27.127127127127128, 31.440709132038627, 80.39209542659646, 78.13422155673737, 28.080794071184297
27.227227227227228, 31.394195969385333, 80.348476587396, 77.71816009826998, 28.130866916349007
27.32732732732733, 31.34790097848169, 80.30393035828374, 77.30631045111994, 28.18078637201839
27.42742742742743, 31.30182291015284, 80.25848054520313, 76.89861222495165, 28.230553376232812
27.52752752752753, 31.255960514037092, 80.212150402076, 76.49500607679218, 28.28016886029506
27.62762762762763, 31.210312541125983, 80.16496267186274, 76.09543365744584, 28.329633748636898
27.72772772772773, 31.164877746264747, 80.11693960329855, 75.69983758333548, 28.378948958878365
27.82782782782783, 31.119654874725416, 80.0681028820481, 75.30816152575684, 28.4281154021108
27.92792792792793, 31.074642625504246, 80.01847341571222, 74.92035049369223, 28.47713398367485
28.028028028028032, 31.029839714740593, 79.96807174749728, 74.53635028401735, 28.526005601809267
28.128128128128132, 30.985244855613548, 79.91691794544786, 74.156107626277, 28.5747311480759
28.22822822822823, 30.94085675654842, 79.86503160563673, 73.77957017646322, 28.623311507399865
28.32832832832833, 30.896674131537914, 79.81243181241014, 73.40668655921752, 28.67174755838352
28.42842842842843, 30.85269569657059, 79.75913717781806, 73.03740631697849, 28.720040173172727
28.52852852852853, 30.808920164000735, 79.70516589277732, 72.6716798453414, 28.768190217256734
28.62862862862863, 30.765346247274156, 79.65053571920917, 72.30945839778201, 28.816198549601854
28.72872872872873, 30.7219726641287, 79.59526399627566, 71.9506940728697, 28.864066022690313
28.82882882882883, 30.678798151213257, 79.53936760753022, 71.595339842879, 28.91179348270756
28.92892892892893, 30.63582144859323, 79.48286305114742, 71.24334947322266, 28.95938176933808
29.029029029029033, 30.593041304480654, 79.42576644092323, 70.89467751521056, 29.00683171582412
29.129129129129133, 30.550456478191595, 79.36809351334377, 70.54927929238119, 29.05414414900138
29.22922922922923, 30.508065711876725, 79.30985968596153, 70.20711081394393, 29.10131988960803
29.32932932932933, 30.465867734675452, 79.25107977232346, 69.86812921570792, 29.148359751658354
29.429429429429433, 30.423861280010723, 79.19176856368946, 69.53229185681151, 29.195264543551005
29.52952952952953, 30.3820450892205, 79.13194033981101, 69.19955707689095, 29.242035067017145
29.629629629629633, 30.340417902808728, 79.0716090699967, 68.86988388490678, 29.288672117621594
29.72972972972973, 30.298978480049605, 79.01078838285018, 68.54323198904024, 29.33517648487881
29.829829829829833, 30.25772558110353, 78.9494915938768, 68.21956176942012, 29.381548952147103
29.92992992992993, 30.216657965305785, 78.88773170812533, 67.89883427551317, 29.427790296618465
30.030030030030034, 30.17577440419185, 78.82552143154474, 67.581011197112, 29.473901289463253
30.13013013013013, 30.135073692842038, 78.76287319147052, 67.26605482260861, 29.51988269597888
30.230230230230234, 30.0945546252142, 78.69979909207997, 66.95392812972311, 29.56573527526646
30.33033033033033, 30.05421600238146, 78.63631093610552, 66.64459474352225, 29.61145978037778
30.43043043043043, 30.0140566197616, 78.57242032622818, 66.33801877074964, 29.65705695885773
30.530530530530534, 29.974075278230437, 78.50813857946244, 66.03416493951916, 29.702527552287236
30.63063063063063, 29.93427078614764, 78.4434767115493, 65.73299862478007, 29.747872296199898
30.730730730730734, 29.894641958835717, 78.37844549557354, 65.43448574834781, 29.793091920414856
30.83083083083083, 29.855187621876023, 78.3130555195137, 65.13859267843146, 29.838187149374217
30.930930930930934, 29.81590660465389, 78.24731707353735, 64.84528642639752, 29.883158701482234
31.03103103103103, 29.776797742789363, 78.18124019256071, 64.55453457234962, 29.928007289357783
31.131131131131134, 29.737859882815513, 78.11483474064721, 64.26630511506077, 29.97273362039779
31.23123123123123, 29.699091878607287, 78.0481103465302, 63.980566586670044, 30.017338396345515
31.331331331331334, 29.66049259033986, 77.98107638480619, 63.69728808613721, 30.061822313164697
31.431431431431434, 29.62206088500844, 77.91374202392667, 63.416439193941635, 30.10618606138346
31.53153153153153, 29.58379563546558, 77.84611628003947, 63.137989876434084, 30.150430326496664
31.631631631631635, 29.545695722177708, 77.77820791875095, 62.86191066035401, 30.194555788231852
31.73173173173173, 29.50776003266931, 77.71002548896337, 62.58817257264924, 30.238563120803263
31.831831831831835, 29.46998746274013, 77.64157739237966, 62.316747013543186, 30.282452993489457
31.93193193193193, 29.43237691571779, 77.57287184360759, 62.04760582946295, 30.326226070300567
32.032032032032035, 29.394927301880088, 77.50391683931778, 61.780721369417044, 30.369883009721164
32.13213213213213, 29.35763753906927, 77.43472019389915, 61.51606641929321, 30.413424465020864
32.232232232232235, 29.320506553600502, 77.36528959927482, 61.25361409043871, 30.45685108480595
32.332332332332335, 29.28353327899846, 77.29563254171474, 60.99333797461429, 30.50016351225227
32.432432432432435, 29.246716656298315, 77.22575632169435, 60.73521210700244, 30.543362385288386
32.532532532532535, 29.210055633948937, 77.15566810312117, 60.47921087341358, 30.586448337088303
32.632632632632635, 29.173549167830714, 77.08537490868721, 60.22530901905846, 30.629421996024526
32.732732732732735, 29.13719622143714, 77.01488357266933, 59.97348173763621, 30.672283985191605
32.832832832832835, 29.10099576577969, 76.9442007608383, 59.72370463385692, 30.71503492260466
32.932932932932935, 29.064946779725876, 76.8733330709941, 59.47595352976139, 30.75767542230799
33.033033033033036, 29.029048249500175, 76.80228688453262, 59.23020475067626, 30.800206092738343
33.133133133133136, 28.993299168974318, 76.73106845278912, 58.98643495887408, 30.842627537677014
33.233233233233236, 28.95769853907934, 76.65968390024396, 58.74462114632554, 30.884940356318697
33.333333333333336, 28.922245367554517, 76.58813924406259, 58.504740596488446, 30.927145143504674
33.433433433433436, 28.88693867000857, 76.51644033541568, 58.26677099960769, 30.969242489005342
33.533533533533536, 28.851777469421016, 76.44459289377737, 58.03069038554052, 31.01123297793276
33.633633633633636, 28.816760796125404, 76.37260251249647, 57.79647711296008, 31.053117190804066
33.733733733733736, 28.78188768781597, 76.30047466390951, 57.564109859426715, 31.094895703600105
33.833833833833836, 28.747157192893585, 76.22821470209084, 57.333567609444415, 31.13656908796231
33.933933933933936, 28.712568368825416, 76.15582786913122, 57.104829645525676, 31.178137911183104
34.034034034034036, 28.678120279713255, 76.0833193019761, 56.877875539733424, 31.219602736163715
34.13413413413413, 28.64381199800928, 76.0106940363295, 56.6526851427212, 31.260964121543527
34.234234234234236, 28.60964260460349, 75.9379570117097, 56.42923857375539, 31.302222621762034
34.334334334334336, 28.57561118839541, 75.86511307202544, 56.20751621925555, 31.34337878707676
34.434434434434436, 28.54171683598175, 75.79216688030887, 55.987498894553724, 31.38443316273618
34.53453453453454, 28.507958641896227, 75.71912301194506, 55.769167666266206, 31.42538628990959
34.63463463463464, 28.474335709650823, 75.64598596801183, 55.55250382656506, 31.466238705830683
34.73473473473474, 28.440847148889087, 75.57276015485196, 55.33748893165426, 31.50699094360865
34.83483483483484, 28.407492075223757, 75.49944988695907, 55.12410479591818, 31.547643532268804
34.93493493493494, 28.37426961053386, 75.42605938669384, 54.91233349170397, 31.588196996780376
35.03503503503504, 28.341178885772106, 75.35259276668647, 54.702157379880866, 31.62865185801373
35.13513513513514, 28.308219036823964, 75.27905406016382, 54.49355905520957, 31.669008632892684
35.23523523523524, 28.27538920521282, 75.20544721785197, 54.286521351126346, 31.709267834410774
35.33533533533534, 28.242688538434535, 75.13177610743418, 54.0810273399847, 31.74942997165794
35.43543543543544, 28.210116189867964, 75.05804451593387, 53.87706032809765, 31.789495549859087
35.53553553553554, 28.177671323208827, 74.98425614647994, 53.67460385822611, 31.829465070377807
35.63563563563564, 28.14535312303252, 74.91041460746025, 53.47364172215632, 31.869339030672734
35.73573573573574, 28.113160775030995, 74.8365234393381, 53.27415792335631, 31.909117924487926
35.83583583583584, 28.081093473211716, 74.7625861079834, 53.07613668401593, 31.94880224183524
35.93593593593594, 28.049150420930594, 74.68860600566178, 52.879562441936784, 31.98839246902422
36.03603603603604, 28.01733083114622, 74.61458645299066, 52.68441984614019, 32.027889088698046
36.13613613613614, 27.985633908228777, 74.54053074124488, 52.49069367024892, 32.06729258068524
36.23623623623624, 27.954058872401312, 74.46644192949233, 52.29836925002008, 32.10660341811338
36.33633633633634, 27.92260493017242, 74.39232322091084, 52.10743166614269, 32.145822074568564
36.43643643643644, 27.891271308477922, 74.31817765088842, 51.917866418149394, 32.18494901813109
36.53653653653654, 27.860057238272574, 74.24400819668698, 51.729659189025526, 32.2239847134864
36.63663663663664, 27.828961954543143, 74.16981777740756, 51.542795845265054, 32.2629296219249
36.73673673673674, 27.797984698850385, 74.09560924726556, 51.3572624477166, 32.3017842013071
36.83683683683684, 27.767124718332816, 74.02138539822637, 51.17304524733274, 32.340548906077316
36.93693693693694, 27.736381263723775, 73.94714896525106, 50.99013067670925, 32.37922418729078
37.037037037037045, 27.7057535908377, 73.87290262352332, 50.80850535418128, 32.41781049260475
37.13713713713714, 27.675240974838875, 73.79864899370415, 50.6281560613724, 32.45630826650636
37.23723723723724, 27.644842699873514, 73.72439063811373, 50.44906975950774, 32.49471795014711
37.33733733733734, 27.614558053920046, 73.65013005883488, 50.271233597516876, 32.53303998126049
37.43743743743744, 27.584386332132528, 73.57586970077074, 50.09463490233512, 32.571274794263324
37.53753753753754, 27.554326824258712, 73.50161197486932, 49.9192611310085, 32.60942282078498
37.63763763763764, 27.524378826856395, 73.4273592355738, 49.74509991719718, 32.64748448915347
37.73773773773774, 27.49454164429709, 73.3531137789699, 49.572139074996066, 32.68546022435332
37.83783783783784, 27.464814586287723, 73.27887784994326, 49.400366583187306, 32.72335044819837
37.93793793793794, 27.43519696840874, 73.20465366144091, 49.22977053777879, 32.76115557984679
38.03803803803804, 27.405688111476174, 73.13044337163694, 49.060339208269646, 32.79887603519058
38.138138138138146, 27.37628734161506, 73.05624908655824, 48.89206103118011, 32.83651222692564
38.23823823823824, 27.34699399078831, 72.98207286641733, 48.7249245940499, 32.8740645647289
38.33833833833834, 27.317807398763247, 72.90791674135683, 48.55891859492027, 32.9115334557127
38.43843843843844, 27.28872691032435, 72.83378268913393, 48.39403189976243, 32.94891930378074
38.53853853853854, 27.25975187592245, 72.75967264031817, 48.2302535291011, 32.98622250977811
38.63863863863864, 27.23088165109281, 72.68558848487388, 48.0675726418354, 33.02344347167957
38.73873873873874, 27.202115594561164, 72.61153208471362, 47.90597850480793, 33.06058258494773
38.83883883883884, 27.17345307135002, 72.53750525310907, 47.74546054271495, 33.09764024194562
38.93893893893894, 27.14489345183786, 72.46350976097176, 47.58600832287293, 33.13461683211601
39.03903903903905, 27.116436111205203, 72.38954734724639, 47.42761152878401, 33.17151274230105
39.13913913913914, 27.088080429602318, 72.3156197152827, 47.27025996939532, 33.208328356630055
39.23923923923925, 27.059825792477415, 72.24172852573349, 47.11394359722355, 33.24506405630008
39.33933933933934, 27.03167159038513, 72.1678754021436, 46.9586524939951, 33.28172021975135
39.43943943943944, 27.003617218899098, 72.09406194222878, 46.80437684123384, 33.318297223034286
39.53953953953954, 26.975662078716653, 72.0202897043684, 46.651106955484416, 33.35479543937002
39.63963963963964, 26.9478055756434, 71.94656020959336, 46.49883328312807, 33.391215239215164
39.73973973973974, 26.920047120116383, 71.87287494867776, 46.347546381923735, 33.42755699049789
39.83983983983984, 26.892386126908573, 71.7992353857953, 46.19723691149424, 33.46382105874048
39.93993993993995, 26.86482201605887, 71.72564294701161, 46.04789566326787, 33.50000780667391
40.04004004004004, 26.837354212616294, 71.6520990232314, 45.899513552894305, 33.53611759433385
40.14014014014015, 26.80998214520905, 71.57860499052556, 45.752081566346746, 33.57215077977428
40.24024024024024, 26.78270524803711, 71.50516218181419, 45.60559083500918, 33.608107718073214
40.34034034034035, 26.75552295969538, 71.43177190359026, 45.46003259133056, 33.6439887619199
40.44044044044044, 26.72843472316148, 71.35843543463965, 45.31539817200559, 33.67979426157811
40.54054054054054, 26.701439984979633, 71.28515403481494, 45.171678994294915, 33.71552456521021
40.64064064064064, 26.674538196932797, 71.21192892758401, 45.02886660322687, 33.75118001822863
40.74074074074074, 26.647728815314377, 71.13876130787882, 44.88695265041819, 33.78676096358568
40.84084084084085, 26.621011300802632, 71.06565234359141, 44.74592889006453, 33.82226774182766
40.94094094094094, 26.594385118398538, 70.9926031764013, 44.60578717673831, 33.85770069112425
41.04104104104105, 26.567849737363648, 70.919614922603, 44.46651946318645, 33.89306014729786
41.14114114114114, 26.541404631412888, 70.84668867422572, 44.32811779688498, 33.928346443879164
41.24124124124125, 26.51504928069699, 70.77382550220631, 44.19057430786316, 33.96355991234608
41.34134134134134, 26.48878316885669, 70.7010264539086, 44.05388122056812, 33.99870088185746
41.44144144144145, 26.462605783494674, 70.62829255456354, 43.91803084905711, 34.03376967933724
41.54154154154154, 26.436516616521875, 70.555624808565, 43.78301559280327, 34.068766629545706
41.64164164164164, 26.410515164122206, 70.48302420032813, 43.648827934362316, 34.103692055111544
41.74174174174174, 26.38460092671729, 70.41049169514754, 43.5154604370393, 34.138546276564036
41.84184184184184, 26.358773408892674, 70.33802823962017, 43.38290574368856, 34.17332961235096
41.94194194194195, 26.333032117198275, 70.26563473806257, 43.25115663800711, 34.208042378074836
42.04204204204204, 26.307376561987915, 70.19331207454071, 43.12020598708581, 34.24268488721441
42.14214214214215, 26.281806258229913, 70.12106112328065, 42.99004671420859, 34.27725745146798
42.24224224224224, 26.256320724560133, 70.04888273923063, 42.86067182332307, 34.311760380450146
42.34234234234235, 26.230919483216518, 69.9767777585786, 42.732074397593756, 34.34619398171284
42.44244244244244, 26.205602059973717, 69.9047469992701, 42.60424759795541, 34.38055856076639
42.54254254254254, 26.180367984077666, 69.83279126152576, 42.47718466166617, 34.414854421100564
42.64264264264264, 26.155216787973416, 69.76091132452375, 42.350878911035494, 34.44908186411736
42.74274274274274, 26.130148007187582, 69.6891079459502, 42.22532375454319, 34.48324118912991
42.84284284284285, 26.105161180683126, 69.61738187031138, 42.10051266471544, 34.51733269356262
42.94294294294294, 26.08025585057544, 69.54573382539878, 41.97643918742861, 34.55135667287905
43.04304304304305, 26.055431562059802, 69.47416452267377, 41.8530969408158, 34.585313420599924
43.14314314314314, 26.030687863341278, 69.40267465769864, 41.730479614049706, 34.61920322832215
43.24324324324325, 26.00602430556465, 69.33126491056777, 41.60858096612538, 34.65302638573783
43.34334334334334, 25.981440445455497, 69.25993594435629, 41.48739482760176, 34.68678318061818
43.44344344344345, 25.9569358531585, 69.18868839976798, 41.36691510801468, 34.720473898729736
43.54354354354354, 25.93251009705226, 69.11752290661977, 41.247135778164996, 34.754098824049805
43.64364364364364, 25.90816274898305, 69.0464400803941, 41.12805087468928, 34.78765823871664
43.74374374374375, 25.883893385149914, 68.97544052197179, 41.009654499885144, 34.82115242303596
43.84384384384384, 25.85970158616501, 68.9045248179678, 40.891940820636265, 34.85458165549845
43.94394394394395, 25.835586937113813, 68.83369354106699, 40.77490406733747, 34.887946212797
44.04404404404404, 25.811549016347218, 68.76294729266021, 40.65853840834236, 34.9212463719812
44.14414414414415, 25.787587431807587, 68.69228650963267, 40.542838527296325, 34.954482400656985
44.24424424424424, 25.763701753042877, 68.62171180053139, 40.42779862140696, 34.98765457402595
44.34434434434435, 25.739891574984455, 68.55122367998933, 40.31341318699323, 35.02076316144991
44.44444444444444, 25.71615649510551, 68.48082265179906, 40.19967677543518, 35.053808430646185
44.54454454454455, 25.69249611342107, 68.41050920891257, 40.086583993173846, 35.0867906476876
44.64464464464465, 25.668910032487986, 68.34028383344149, 39.9741295017113, 35.11971007700244
44.74474474474474, 25.645397857391675, 68.27014699664986, 39.86230801763814, 35.152566981374264
44.84484484484485, 25.621959193368806, 68.20009915767943, 39.75111431755963, 35.185361621897634
44.94494494494494, 25.598593646992267, 68.13014076418513, 39.6405432356403, 35.21809425800014
45.04504504504505, 25.575300827957943, 68.060272253293, 39.53058965990143, 35.25076514747573
45.14514514514514, 25.552080347997766, 67.99049405101742, 39.42124853447339, 35.28337454646438
45.24524524524525, 25.52893182480971, 67.92080657203314, 39.312514856793435, 35.31592270950015
45.34534534534534, 25.505854891164343, 67.85121021914678, 39.20438367111268, 35.34840988962227
45.44544544544545, 25.48284917779507, 67.78170538428967, 39.09685008069552, 35.38083633816632
45.545545545545544, 25.459914319036915, 67.71229244819065, 38.98990924379918, 35.4132023048331
45.64564564564565, 25.43704995297969, 67.64297178071311, 38.883556372385804, 35.445508037713225
45.74574574574575, 25.41425571242203, 67.57374374795882, 38.77778671615299, 35.47775378361021
45.845845845845844, 25.391531233826832, 67.50460870523517, 38.67259557834347, 35.50993978772059
45.94594594594595, 25.368876158473384, 67.4355669961504, 38.56797831777901, 35.542066293592896
46.046046046046044, 25.34629013025978, 67.36661895433933, 38.4639303449809, 35.57413354320601
46.14614614614615, 25.323772795542467, 67.29776490614793, 38.36044711312425, 35.60614177714645
46.246246246246244, 25.301323803062587, 67.22900517186518, 38.257524113887534, 35.63809123468962
46.34634634634635, 25.27894280427602, 67.16034006020189, 38.15515689605592, 35.6699821534354
46.446446446446444, 25.256629453208003, 67.09176987072279, 38.053341057326534, 35.70181476946869
46.54654654654655, 25.23438340676898, 67.02329489448185, 37.95207224181606, 35.73358931740894
46.64664664664665, 25.212204326708374, 66.95491541774591, 37.851346125352585, 35.76530603070255
46.74674674674675, 25.19009187694796, 66.8866317169125, 37.75115843555019, 35.79696514122375
46.84684684684685, 25.168045724074933, 66.81844405944952, 37.651504948097156, 35.82856687934843
46.946946946946944, 25.146065537593802, 66.7503527044147, 37.55238148472339, 35.86011147399458
47.04704704704705, 25.124150988598682, 66.68235790597839, 37.4537839022255, 35.89159915284996
47.147147147147145, 25.10230175035352, 66.6144599118841, 37.35570809726312, 35.92303014227263
47.24724724724725, 25.08051749926339, 66.54665896087128, 37.258150014387304, 35.95440466712437
47.347347347347345, 25.05879791431263, 66.4789552842025, 37.16110564126944, 35.98572295086973
47.44744744744745, 25.03714267683155, 66.41134910806606, 37.06457100053368, 36.01698521574863
47.54754754754755, 25.015551470651825, 66.34384065197544, 36.96854215519792, 36.04819168266133
47.64764764764765, 24.99402398220973, 66.27643012770669, 36.87301521228595, 36.079342571092184
47.74774774774775, 24.972559900478505, 66.20911774017998, 36.777986319819675, 36.1104380991733
47.84784784784785, 24.951158917147723, 66.14190369009138, 36.68345165761184, 36.14147848388289
47.94794794794795, 24.929820726471384, 66.07478817168406, 36.589407445063735, 36.17246394087729
48.048048048048045, 24.908545025227543, 66.0077713721551, 36.495849943240344, 36.20339468444625
48.14814814814815, 24.887331512737013, 65.94085347250552, 36.402775451942745, 36.23427092757639
48.248248248248245, 24.866179890494653, 65.87403465023985, 36.310180300915555, 36.265092882145126
48.34834834834835, 24.845089862538686, 65.80731507666214, 36.218060858653864, 36.29586075872642
48.44844844844845, 24.82406113547002, 65.74069491673472, 36.12641353286325, 36.32657476658057
48.54854854854855, 24.80309341840094, 65.67417432928752, 36.03523476976157, 36.35723511366915
48.64864864864865, 24.782186422592922, 65.60775347252957, 35.944521036413796, 36.387842007053216
48.74874874874875, 24.76133986201426, 65.5414324955635, 35.85426884792913, 36.41839565228023
48.84884884884885, 24.74055345299571, 65.47521154362553, 35.76447475066596, 36.44889625376267
48.94894894894895, 24.719826914318396, 65.40909075726881, 35.67513532507145, 36.479344014715544
49.04904904904905, 24.699159967117517, 65.34307027641158, 35.5862471738059, 36.50973913743217
49.149149149149146, 24.678552335025095, 65.27715023365215, 35.497806941248086, 36.54008182283046
49.24924924924925, 24.658003744117156, 65.2113307563646, 35.40981130732837, 36.570372270596025
49.349349349349346, 24.637513922889717, 65.14561196750351, 35.322256985136384, 36.60061067923739
49.44944944944945, 24.617082602248846, 65.07999398577505, 35.23514072038113, 36.63079724609826
49.54954954954955, 24.59670951550074, 65.01447692580807, 35.14845929085113, 36.66093216736971
49.64964964964965, 24.576394398341776, 64.9490608983252, 35.062209505874584, 36.69101563810244
49.74974974974975, 24.556136988848593, 64.88374601031397, 34.976388205779486, 36.721047852219044
49.84984984984985, 24.535937028055578, 64.81853236588412, 34.89099226058527, 36.75102900255081
49.94994994994995, 24.51579426432872, 64.7534200715609, 34.806018563727434, 36.780959281034036
50.050050050050054, 24.495708446513817, 64.68840922846195, 34.72146404046918, 36.81083887843503
50.150150150150154, 24.475679325393408, 64.62349993418235, 34.63732564544239, 36.840667984423945
50.25025025025025, 24.455706654588187, 64.55869228403058, 34.553600360915404, 36.87044678762525
50.350350350350354, 24.43579019057872, 64.49398637123649, 34.47028519621179, 36.90017547563126
50.450450450450454, 24.41592969272714, 64.4293822871594, 34.3873771871291, 36.92985423501576
50.550550550550554, 24.396124923298814, 64.3648801214961, 34.30487339535764, 36.9594832513475
50.650650650650654, 24.376375647484064, 64.30047996248895, 34.222770907899225, 36.98906270920378
50.750750750750754, 24.356681633100486, 64.23618189629983, 34.141066839056734, 37.018592792130384
50.850850850850854, 24.33704264693169, 64.17198599760056, 34.05975835949731, 37.048073682036836
50.950950950950954, 24.317458459902745, 64.10789234323944, 33.97884265418807, 37.077505560075195
51.051051051051054, 24.29792884647941, 64.0439010108239, 33.89831692682473, 37.1068886065491
51.15115115115115, 24.27845358374992, 63.98001207647388, 33.818178406816465, 37.13622300076953
51.251251251251254, 24.25903245142088, 63.9162256149626, 33.73842434891175, 37.16550892106406
51.351351351351354, 24.239665231813266, 63.85254169985755, 33.65905203282431, 37.19474654478605
51.451451451451454, 24.22035170985838, 63.788960403661214, 33.580058762858975, 37.22393604832394
51.551551551551555, 24.201091673093813, 63.72548179795197, 33.501441867537544, 37.25307760711047
51.651651651651655, 24.181884907542404, 63.662105950139235, 33.423198699528584, 37.282171395625845
51.751751751751755, 24.162731112315633, 63.5988328533767, 33.345326641586446, 37.31121758728126
51.851851851851855, 24.143629984488133, 63.535662496450705, 33.267823100051004, 37.34021635454945
51.951951951951955, 24.124581231675386, 63.47259487414064, 33.19068550387512, 37.36916786898422
52.052052052052055, 24.105584549936978, 63.40962996904771, 33.11391130625504, 37.39807230118802
52.152152152152155, 24.08663965197564, 63.346767764906154, 33.037497982964446, 37.42692982082036
52.252252252252255, 24.06774633667497, 63.284008279408475, 32.96144302824657, 37.455740596618384
52.352352352352355, 24.048904358577293, 63.221351502592654, 32.88574396252475, 37.484504796358145
52.452452452452455, 24.03011347059867, 63.158797417005744, 32.81039832987907, 37.513222586867315
52.552552552552555, 24.011373429267884, 63.096346000181164, 32.73540369771646, 37.54189413402721
52.652652652652655, 23.99268398443353, 63.03399722093792, 32.660757651872046, 37.570519602914324
52.752752752752755, 23.974044884126755, 62.97175104112899, 32.58645779892354, 37.59909915773343
52.852852852852855, 23.95545588306033, 62.90960741869716, 32.51250177023598, 37.62763296170079
52.952952952952955, 23.93691673752397, 62.84756630583965, 32.4388872195324, 37.65612117711437
53.053053053053056, 23.918427203772534, 62.78562765013033, 32.3656118219296, 37.684563965380974
53.153153153153156, 23.89998702678478, 62.723791402347, 32.292673267213324, 37.71296148720586
53.253253253253256, 23.881595955400826, 62.66205750593123, 32.220069268893916, 37.741313902337446
53.353353353353356, 23.863253739824852, 62.60042589872723, 32.14779756271231, 37.769621369609375
53.453453453453456, 23.84496012995211, 62.53889651414674, 32.07585590563926, 37.797884046968775
53.553553553553556, 23.826714882457697, 62.47746928121107, 32.00424207257633, 37.82610209155359
53.653653653653656, 23.808517765193525, 62.41614412457715, 31.932953854309776, 37.854275659740544
53.753753753753756, 23.790368540658946, 62.354920964439586, 31.86198906520275, 37.88240490696482
53.853853853853856, 23.772266973146962, 62.29379971657296, 31.79134553986973, 37.910489987797995
53.953953953953956, 23.754212828807287, 62.232780292500166, 31.72102113282341, 37.938531055957576
54.054054054054056, 23.7362058738614, 62.17186260332926, 31.651013711888623, 37.966528264489234
54.154154154154156, 23.718245876453565, 62.11104655577464, 31.58132116503209, 37.99448176557783
54.254254254254256, 23.700332606932676, 62.05033205155115, 31.511941401402517, 38.022391710518605
54.354354354354356, 23.68246583734026, 61.989718988474706, 31.442872349441295, 38.050258249769435
54.454454454454456, 23.664645341403254, 61.929207260475565, 31.374111956858194, 38.078081532951586
54.55455455455456, 23.646870892529, 61.86879676129603, 31.30565818386888, 38.10586170904116
54.65465465465466, 23.629142264904594, 61.808487382463056, 31.237509006902698, 38.133598926264156
54.75475475475476, 23.611459235135133, 61.748279010266806, 31.16966242412836, 38.16129333193992
54.85485485485486, 23.593821581191932, 61.688171527700554, 31.102116451906333, 38.18894507258166
54.95495495495496, 23.57622908241252, 61.62816481446055, 31.034869124788887, 38.21655429389643
55.05505505505506, 23.55868152028188, 61.56825874841051, 30.96791849152852, 38.24412114089811
55.155155155155164, 23.541178678762478, 61.508453206200116, 30.90126261339184, 38.271645757955184
55.25525525525526, 23.523720342562438, 61.448748060018964, 30.83489957300775, 38.2991282885402
55.35535535535536, 23.50630629793532, 61.38914317909562, 30.7688274702812, 38.3265688753455
55.45545545545546, 23.488936332692624, 61.329638429721044, 30.703044422329423, 38.35396766028498
55.55555555555556, 23.471610236015504, 61.27023367616336, 30.63754856125436, 38.381324784559716
55.65565565565566, 23.454327798045984, 61.21092878265472, 30.57233802930453, 38.40864038880037
55.75575575575576, 23.43708881073828, 61.15172360925392, 30.507410988949868, 38.43591461277062
55.85585585585586, 23.41989306755877, 61.09261801330453, 30.442765619331084, 38.46314759547161
55.95595595595596, 23.402740363453578, 61.033611849592404, 30.378400115876023, 38.49033947515335
56.056056056056065, 23.385630494706156, 60.974704970762666, 30.31431268925113, 38.51749038934632
56.15615615615616, 23.368563258101528, 60.91589722976632, 30.250501559208434, 38.54460047504746
56.256256256256265, 23.351538452174523, 60.8571884762061, 30.186964963775356, 38.571669868442434
56.35635635635636, 23.334555876943924, 60.79857855711467, 30.123701157297507, 38.59869870496478
56.45645645645646, 23.317615333790506, 60.740067317311805, 30.06070840954064, 38.625687119323054
56.55655655655656, 23.3007166254259, 60.68165459961079, 29.99798500509732, 38.65263524551908
56.65665665665666, 23.283859555402795, 60.62334024806853, 29.935529234047767, 38.679543217135084
56.75675675675676, 23.26704392877676, 60.56512410359418, 29.873339404578708, 38.70641116694573
56.85685685685686, 23.250269552079143, 60.50700600412876, 29.811413842466912, 38.73323922693397
56.956956956956965, 23.233536233173027, 60.448985785601074, 29.74975088833256, 38.760027528375495
57.05705705705706, 23.21684378125324, 60.391063281927686, 29.688348897639223, 38.78677620183875
57.157157157157165, 23.200192006846336, 60.33323832501294, 29.627206240693834, 38.81348537718494
57.25725725725726, 23.183580721810607, 60.27551074474896, 29.56632130264675, 38.840155183567994
57.357357357357365, 23.1670097392816, 60.217880369360785, 29.505692482466248, 38.86678574946704
57.45745745745746, 23.150478872646268, 60.16034703190746, 29.44531817362465, 38.893377203296716
57.55755755755756, 23.1339879368741, 60.10291056184643, 29.385196789159433, 38.919929672615226
57.65765765765766, 23.117536748527343, 60.045570784968746, 29.325326761865895, 38.946443284118175
57.75775775775776, 23.10112512543644, 59.9883275254559, 29.26570653818638, 38.97291816383175
57.85785785785786, 23.084752886700024, 59.93118060587986, 29.206334578210296, 38.99935443711267
57.95795795795796, 23.068419852684915, 59.87412984720302, 29.147209355674104, 39.02575222864825
58.058058058058066, 23.052125845026126, 59.817175068778276, 29.088329357961317, 39.05211166245633
58.15815815815816, 23.035870686559026, 59.7603160885844, 29.0296930853557, 39.07843286190964
58.258258258258266, 23.01965419976876, 59.703552728608784, 28.971299033969707, 39.10471595029151
58.35835835835836, 23.003476208717963, 59.64688480815552, 28.91314571696824, 39.130961050104986
58.45845845845846, 22.987336539169092, 59.59031214342086, 28.85523166591537, 39.15716828302898
58.558558558558566, 22.97123501805611, 59.53383454932708, 28.797555424957793, 39.1833377701076
58.65865865865866, 22.9551714734845, 59.477451839522566, 28.740115550824857, 39.209469631750146
58.75875875875876, 22.939145734731248, 59.421163826381765, 28.682910612828522, 39.23556398773117
58.858858858858866, 22.923157632244845, 59.36497032100516, 28.625939192863385, 39.26162095719041
58.958958958958966, 22.907206997583703, 59.30887113338258, 28.56919988486013, 39.28764065865124
59.05905905905906, 22.891293661676478, 59.25286607700373, 28.51269127934897, 39.313623210541465
59.15915915915916, 22.875417456887995, 59.19695496338296, 28.45641198179114, 39.33956873057485
59.25925925925927, 22.859578217284092, 59.14113760135733, 28.40036061492899, 39.36547733567187
59.35935935935937, 22.843775777992548, 59.08541379878045, 28.34453581311512, 39.39134914215103
59.45945945945946, 22.82800997520304, 59.0297833625224, 28.288936222312323, 39.41718426572884
59.55955955955956, 22.812280646167178, 58.97424609846981, 28.23356050009361, 39.44298282151982
59.65965965965967, 22.796587629198484, 58.918801811525775, 28.178407315642175, 39.468744924036514
59.75975975975976, 22.780930765144056, 58.86345029861628, 28.123475376331264, 39.49447068626647
59.85985985985986, 22.765309889906206, 58.80819138422917, 28.068763292656012, 39.5201602243626
59.95995995995997, 22.74972484681224, 58.75302486162985, 28.014269801646577, 39.54581364988498
60.06006006006007, 22.734175477824213, 58.69795053463479, 27.959993608105698, 39.57143107531398
60.16016016016016, 22.718661625952684, 58.642968206140736, 27.90593342820389, 39.59701261253642
60.26026026026026, 22.7031831352506, 58.58807767815374, 27.852087989369295, 39.62255837284936
60.36036036036037, 22.6877398508072, 58.5332787518181, 27.798456030177448, 39.64806846696398
60.46046046046047, 22.672331618741936, 58.47857122744543, 27.74503630024112, 39.673543005009336
60.56056056056056, 22.656958286172614, 58.42395490461223, 27.691827559825484, 39.69898209654614
60.66066066066066, 22.641619700031356, 58.36942958533167, 27.63882856716284, 39.724385851023946
60.76076076076077, 22.626315708373973, 58.314995070572934, 27.58603809238551, 39.74975437727865
60.86086086086086, 22.61104616070252, 58.26065115941333, 27.53345492092437, 39.77508778340986
60.96096096096096, 22.5958109074312, 58.20639765047596, 27.481077847761874, 39.80038617698792
61.06106106106107, 22.580609799875695, 58.152234341970896, 27.428905677273313, 39.82564966505951
61.16116116116117, 22.56544269024254, 58.09816103173635, 27.376937223068097, 39.850878354153174
61.26126126126126, 22.550309431618444, 58.044177517279735, 27.32517130783092, 39.87607235028496
61.36136136136136, 22.535209877959662, 57.99028359581882, 27.273606763163084, 39.90123175896396
61.46146146146147, 22.520143884081335, 57.93647906432287, 27.222242429423662, 39.92635668519789
61.56156156156157, 22.505111305646846, 57.88276371955378, 27.17107715557083, 39.95144723349867
61.66166166166166, 22.490111999157165, 57.829137358107204, 27.120109799003025, 39.97650350788802
61.76176176176177, 22.475145822309358, 57.77559977582405, 27.069339226494215, 40.001525611882535
61.86186186186187, 22.460212634238808, 57.722150767400386, 27.01876431478449, 40.02651364848529
61.96196196196196, 22.44531229433642, 57.66879012842762, 26.96838394694776, 40.05146772025635
62.06206206206206, 22.4304446628204, 57.615517654440374, 26.918197013958878, 40.076387929286106
62.16216216216217, 22.4156096007518, 57.56233314091288, 26.868202414612675, 40.10127437719937
62.26226226226227, 22.400806970026878, 57.509236383295, 26.818399055373973, 40.12612716516076
62.36236236236236, 22.38603663336934, 57.456227177048405, 26.76878585022752, 40.150946393880204
62.46246246246246, 22.371298454322677, 57.40330531768264, 26.719361720527974, 40.17573216361826
62.56256256256257, 22.356592297242432, 57.35047060079122, 26.670125594849882, 40.20048457419157
62.66266266266267, 22.341918027288532, 57.29772282208782, 26.621076408837673, 40.2252037249783
62.76276276276276, 22.32727551041754, 57.24506177744225, 26.572213105055617, 40.2498897149235
62.86286286286287, 22.312664613226104, 57.1924872623672, 26.523534634933984, 40.27454264247426
62.96296296296297, 22.298085201716695, 57.13999906752817, 26.475039975886745, 40.299162605006025
63.06306306306306, 22.283537143279325, 57.08759698612091, 26.426728103153692, 40.32374969976728
63.16316316316316, 22.269020306266388, 57.03528081236705, 26.378597995527294, 40.348304023687895
63.26326326326327, 22.25453455969771, 56.98305034049023, 26.3306486392469, 40.37282567324883
63.36336336336337, 22.240079773248187, 56.93090536473494, 26.282879027914312, 40.39731474448547
63.46346346346346, 22.22565581723542, 56.878845679385485, 26.235288162409255, 40.42177133299075
63.56356356356356, 22.211262562607356, 56.826871078784876, 26.18787505080496, 40.44619553391841
63.66366366366367, 22.196899880929937, 56.77498135735379, 26.140638708283653, 40.470587441986225
63.76376376376377, 22.18256764437473, 56.72317630960947, 26.093578157052143, 40.49494715147916
63.86386386386386, 22.168265725706572, 56.67145573018465, 26.046692426257295, 40.519274756252635
63.96396396396397, 22.153993998271748, 56.61981941384591, 25.999980551903054, 40.54357034973573
64.06406406406407, 22.139752337028945, 56.56826715447454, 25.953441579605162, 40.56783402485964
64.16416416416416, 22.12554061783478, 56.51679874578399, 25.907074562596033, 40.59206587411123
64.26426426426426, 22.11135871641238, 56.46541398235284, 25.860878558867075, 40.616265989609104
64.36436436436438, 22.097206509109004, 56.41411265887764, 25.814852633179598, 40.6404344630518
64.46446446446447, 22.083083872888547, 56.362894570186846, 25.76899585699357, 40.66457138572059
64.56456456456456, 22.06899068532402, 56.31175951125506, 25.723307308396326, 40.6886768484824
64.66466466466467, 22.054926824590044, 56.260707277217, 25.67778607203131, 40.71275094179262
64.76476476476478, 22.04089216945535, 56.20973766338172, 25.632431239026843, 40.736793755698024
64.86486486486487, 22.026886599275258, 56.15885046524657, 25.587241906924802, 40.7608053798396
64.96496496496496, 22.012909993984184, 56.108045478511436, 25.542217179609402, 40.784785903455465
65.06506506506507, 21.998962234088125, 56.057322499092656, 25.497356167235893, 40.808735415383694
65.16516516516516, 21.98504320194845, 56.00668132255353, 25.452657986847484, 40.83265400404189
65.26526526526527, 21.971152784692155, 55.95612174279917, 25.408121763858905, 40.8565417573775
65.36536536536536, 21.95729086706805, 55.9056435553169, 25.363746628182227, 40.880398762999306
65.46546546546547, 21.94345733430164, 55.855246555896294, 25.319531715680935, 40.90422510812873
65.56556556556556, 21.92965207246595, 55.80493054047226, 25.27547616830032, 40.928020879595806
65.66566566566567, 21.9158749684899, 55.754695305131904, 25.231579134004644, 40.95178616384186
65.76576576576578, 21.902125910166717, 55.704540646121416, 25.18783976671437, 40.975521046922
65.86586586586587, 21.888404786162322, 55.65446635985305, 25.144257226243372, 40.99922561450775
65.96596596596596, 21.874711486023706, 55.60447224291197, 25.100830678236132, 41.022899951889634
66.06606606606607, 21.86104590018735, 55.554558092063175, 25.057559294104955, 41.04654414397972
66.16616616616618, 21.847407919987578, 55.5047237042584, 25.014442250967164, 41.070158275314256
66.26626626626627, 21.833797415894484, 55.45496889209071, 24.971478652613044, 41.09374243347878
66.36636636636636, 21.820214325130262, 55.405293417490235, 24.92866787729349, 41.11729669407969
66.46646646646647, 21.806658504300376, 55.35569710196537, 24.886009002035856, 41.14082114563323
66.56656656656658, 21.79312984557848, 55.306179743372944, 24.843501229805263, 41.16431587106052
66.66666666666667, 21.779628241485444, 55.25674113996616, 24.801143768587227, 41.187780952938446
66.76676676676676, 21.766153584889334, 55.2073810903946, 24.75893583138767, 41.2112164734997
66.86686686686687, 21.752705769005413, 55.15809939370421, 24.71687663623291, 41.234622514632754
66.96696696696698, 21.739284687396143, 55.10889584933738, 24.674965406169694, 41.25799915788188
67.06706706706707, 21.725890233971196, 55.059770257132804, 24.63320136926515, 41.28134648444712
67.16716716716716, 21.71252230298744, 55.010722417325596, 24.59158375860683, 41.30466457518432
67.26726726726727, 21.69918078904894, 54.96175213054723, 24.55011181230267, 41.32795351060513
67.36736736736736, 21.685865587106967, 54.91285919782562, 24.508784773481036, 41.35121337087695
67.46746746746747, 21.67257659162923, 54.864043420629365, 24.467601890924467, 41.37444423580602
67.56756756756758, 21.659313696346597, 54.81530460088145, 24.42656241926291, 41.39764618483221
67.66766766766767, 21.646076796122237, 54.76664254085925, 24.385665617547804, 41.42081929706721
67.76776776776777, 21.632865786033943, 54.71805704324364, 24.344910749952106, 41.44396365127582
67.86786786786787, 21.619680561359772, 54.669547911119686, 24.304297085781283, 41.46707932587559
67.96796796796798, 21.606521017578032, 54.621114947976714, 24.2638238994733, 41.490166398936886
68.06806806806807, 21.59338705311399, 54.57275795702756, 24.223490470145734, 41.513224948198925
68.16816816816817, 21.580278575716495, 54.52447673962828, 24.183296080544228, 41.536255051107254
68.26826826826826, 21.56719548858521, 54.47627109871618, 24.143240019330115, 41.5592567847323
68.36836836836838, 21.554137695383048, 54.42814083756765, 24.10332158025386, 41.58223022579887
68.46846846846847, 21.54110510085477, 54.38008575964484, 24.06354006205307, 41.60517545068968
68.56856856856857, 21.528097610826958, 54.332105668595624, 24.023894768452493, 41.62809253544545
68.66866866866867, 21.515115131197422, 54.284200368541555, 23.984385007845248, 41.65098155578163
68.76876876876878, 21.502157560639052, 54.23636966615637, 23.94501009099162, 41.673842587210046
68.86886886886887, 21.489224801619944, 54.188613367526564, 23.905769334494813, 41.696675704855245
68.96896896896897, 21.476316758283303, 54.140931278755374, 23.866662060132324, 41.71948098348987
69.06906906906907, 21.463433335117625, 54.09332320634163, 23.827687594436448, 41.742258497556776
69.16916916916917, 21.45057443695667, 54.04578895717974, 23.788845268694335, 41.76500832116904
69.26926926926927, 21.4377399689892, 53.998328338562885, 23.750134418862334, 41.78773052811405
69.36936936936938, 21.424929837031563, 53.95094115827301, 23.711554383159534, 41.81042519196806
69.46946946946947, 21.412143947234135, 53.90362722448393, 23.673104504659417, 41.833092385972854
69.56956956956957, 21.399382206028434, 53.85638634574387, 23.63478413175629, 41.85573218301345
69.66966966966967, 21.386644520218514, 53.80921833100564, 23.596592617358667, 41.87834465565656
69.76976976976978, 21.37393079698098, 53.762122989626626, 23.558529318889207, 41.90092987615059
69.86986986986987, 21.361240943865308, 53.71510013136874, 23.52059359828441, 41.92348791642562
69.96996996996997, 21.348574870399396, 53.668149566074035, 23.482784820241392, 41.94601884817624
70.07007007007007, 21.335932487361884, 53.621271103811715, 23.445102353012476, 41.968522742823964
70.17017017017018, 21.323313705017807, 53.57446455523463, 23.407545570331813, 41.990999671426344
70.27027027027027, 21.310718434211473, 53.52772973135841, 23.37011385022198, 42.01344970473324
70.37037037037037, 21.29814658636648, 53.48106644356152, 23.332806574993985, 42.03587291318687
70.47047047047047, 21.2855980734857, 53.4344745035852, 23.29562313124725, 42.0582693669218
70.57057057057058, 21.27307280755827, 53.387953723733276, 23.25856290901107, 42.08063913580834
70.67067067067067, 21.26057069997139, 53.34150391707016, 23.22162530089299, 42.102982289495735
70.77077077077077, 21.24809166329484, 53.295124896819914, 23.18480970466244, 42.12529889728133
70.87087087087087, 21.235635610533663, 53.248816476617876, 23.148115522168776, 42.14758902816538
70.97097097097098, 21.223202455097788, 53.20257847052102, 23.11154215929727, 42.16985275085325
71.07107107107107, 21.21079211081487, 53.15641069301202, 23.075089025741885, 42.19209013376687
71.17117117117117, 21.198404491984135, 53.11031295901706, 23.03875553405642, 42.21430124509248
71.27127127127127, 21.18603951328705, 53.064285083876435, 23.00254110122933, 42.23648615270136
71.37137137137137, 21.173697089811554, 53.01832688335251, 22.96644514825725, 42.25864492417132
71.47147147147147, 21.16137713705845, 52.972438173631836, 22.930467100031326, 42.28077762679239
71.57157157157158, 21.149079570959724, 52.926618771323184, 22.89460638525264, 42.302884327571164
71.67167167167167, 21.136804308151454, 52.880868493428586, 22.858862435169737, 42.32496509329488
71.77177177177177, 21.12455126565572, 52.83518715737706, 22.823234685050014, 42.34701999045673
71.87187187187187, 21.11232036087782, 52.78957458102498, 22.787722574192657, 42.36904908525518
71.97197197197198, 21.10011151167175, 52.744030582649124, 22.7523255456257, 42.391052443609304
72.07207207207207, 21.0879246363388, 52.69855498094711, 22.717043046100834, 42.41303013115915
72.17217217217217, 21.075759653364614, 52.65314759513049, 22.681874525115752, 42.4349822133167
72.27227227227228, 21.06361648157879, 52.60780824486824, 22.64681943550773, 42.45690875523499
72.37237237237238, 21.05149504034952, 52.56253675021791, 22.61187723417699, 42.4788098217702
72.47247247247248, 21.039395249452557, 52.517332931671966, 22.577047381599744, 42.500685477507176
72.57257257257257, 21.027317029071256, 52.47219661015783, 22.542329341828168, 42.52253578675941
72.67267267267268, 21.01526029974045, 52.42712760706195, 22.50772258193278, 42.54436081359843
72.77277277277278, 21.003224982311117, 52.38212574424512, 22.473226571650667, 42.566160621872335
72.87287287287288, 20.991210998091514, 52.33719084398164, 22.4388407847892, 42.58793527513183
72.97297297297297, 20.97921826878437, 52.29232272898636, 22.404564698601405, 42.60968483666311
73.07307307307308, 20.96724671648537, 52.24752122241538, 22.37039779377086, 42.63140936948867
73.17317317317318, 20.95529626363597, 52.202786147881234, 22.336339553858796, 42.65310893639681
73.27327327327328, 20.943366832896107, 52.15811732949399, 22.30238946381335, 42.67478360002107
73.37337337337338, 20.93145834744065, 52.11351459176557, 22.268547013441943, 42.6964334226551
73.47347347347348, 20.91957073084747, 52.0689777596459, 22.234811696100348, 42.718058466322624
73.57357357357357, 20.907703907079842, 52.02450665852851, 22.201183008486346, 42.73965879278836
73.67367367367368, 20.895857800486436, 51.98010111425065, 22.16766045063975, 42.76123446355807
73.77377377377378, 20.88403233580131, 51.9357609530932, 22.1342435259424, 42.78278553987855
73.87387387387388, 20.872227438143945, 51.891486001780706, 22.100931741118167, 42.804312082737596
73.97397397397397, 20.860443033019195, 51.84727608748137, 22.067724606232932, 42.82581415286404
74.07407407407409, 20.848679046317326, 51.80313103780707, 22.034621634694616, 42.84729181072775
74.17417417417418, 20.836935404095748, 51.759050680884336, 22.001622340271595, 42.868745116701724
74.27427427427428, 20.82521203254244, 51.71503484536625, 21.968726236592744, 42.890174131089324
74.37437437437437, 20.81350885850725, 51.6710833602596, 21.9359328444063, 42.91157891372953
74.47447447447448, 20.801825809213746, 51.62719605501867, 21.90324168764254, 42.932959524211014
74.57457457457458, 20.790162812253666, 51.58337275954701, 21.870652293338757, 42.95431602187631
74.67467467467468, 20.778519795586945, 51.539613304197374, 21.838164191639244, 42.97564846582172
74.77477477477477, 20.76689668754173, 51.49591751977184, 21.805776915795317, 42.99695691489736
74.87487487487488, 20.75529341681435, 51.45228523752167, 21.77349000216528, 43.018241427707146
74.97497497497498, 20.74370991246933, 51.40871628914746, 21.74130299021448, 43.03950206260881
75.07507507507508, 20.7321461039358, 51.36521050679949, 21.709215422475403, 43.06073887771609
75.17517517517518, 20.720601920587924, 51.321767723134286, 21.677226839900804, 43.08195193115634
75.27527527527528, 20.70907729215149, 51.27838777125987, 21.645336786366954, 43.10314128082088
75.37537537537538, 20.69757214893398, 51.23507048470477, 21.61354481122164, 43.124306984223786
75.47547547547548, 20.68608642159082, 51.19181569744949, 21.58185046669552, 43.145449098645315
75.57557557557558, 20.6746200411254, 51.14862324392652, 21.55025330790212, 43.166567681132015
75.67567567567568, 20.663172938889076, 51.10549295902034, 21.518752892837842, 43.18766278849662
75.77577577577577, 20.65174504658115, 51.062424678067394, 21.48734878238195, 43.2087344773181
75.87587587587588, 20.640336296248897, 51.01941823685613, 21.456040540296573, 43.229782803941674
75.97597597597598, 20.628946620287525, 50.97647347162695, 21.42482773322672, 43.25080782447878
76.07607607607608, 20.617575951381117, 50.93359021907753, 21.39370993027825, 43.271809594831126
76.17617617617617, 20.60622422184259, 50.89076831642152, 21.362686698305907, 43.292788170959106
76.27627627627629, 20.59489136462782, 50.848007601298306, 21.33175760915334, 43.3137436084694
76.37637637637638, 20.583577313189956, 50.80530791178597, 21.30092223861316, 43.33467596267416
76.47647647647648, 20.57228200130134, 50.7626690864171, 21.27018016515546, 43.35558528866349
76.57657657657657, 20.5610053630535, 50.720090964178866, 21.23953096992777, 43.37647164130539
76.67667667667668, 20.54974733285715, 50.67757338451297, 21.208974236755083, 43.39733507524585
76.77677677677679, 20.538507845442197, 50.63511618731563, 21.17850955213986, 43.41817564490872
76.87687687687688, 20.527286835857726, 50.59271921293765, 21.148136505262013, 43.43899340449585
76.97697697697699, 20.516084239472008, 50.550382302184346, 21.11785468797891, 43.45978840798696
77.07707707707708, 20.504899992693655, 50.508105296458126, 21.087663703990277, 43.48056070860575
77.17717717717719, 20.493734029115547, 50.465888036996326, 21.057563119832384, 43.50131036167521
77.27727727727728, 20.48258628617321, 50.42373036618722, 21.02755254949768, 43.52203741968718
77.37737737737739, 20.471456700291498, 50.38163212661081, 20.997631592755496, 43.54274193589615
77.47747747747748, 20.46034520821053, 50.339593161300826, 20.9677998520024, 43.5634239633375
77.57757757757759, 20.449251746984118, 50.297613313744485, 20.938056932242894, 43.58408355482854
77.67767767767768, 20.43817625397828, 50.25569242788215, 20.908402441070137, 43.60472076296974
77.77777777777779, 20.427118666869724, 50.21383034810707, 20.87883598864663, 43.62533564014577
77.87787787787788, 20.416078923644303, 50.172026919265015, 20.849357187684934, 43.64592823852667
77.97797797797797, 20.405056962595527, 50.13028198665406, 20.819965653428355, 43.666498610068956
78.0780780780781, 20.394052722100486, 50.08859539597184, 20.790661001475083, 43.687046806646
78.17817817817819, 20.38306614058159, 50.046966993306704, 20.761442847402527, 43.70757288007053
78.27827827827828, 20.372097157058953, 50.0053966252676, 20.73231081211631, 43.728076881773994
78.37837837837837, 20.36114571084018, 49.96388413891131, 20.703264518839003, 43.74855886298698
78.4784784784785, 20.350211741511576, 49.92242938174027, 20.674303593020667, 43.76901887474461
78.57857857857859, 20.339295188935733, 49.88103220170221, 20.645427662310663, 43.789456967888114
78.67867867867868, 20.328395993249078, 49.839692447189535, 20.616636356529376, 43.809873193066565
78.77877877877879, 20.317514094859426, 49.79840996703884, 20.587929307640003, 43.83026760073851
78.87887887887888, 20.30664943444355, 49.7571846105304, 20.559306149720328, 43.85064024117362
78.97897897897899, 20.295801952944746, 49.716016227387655, 20.530766518934474, 43.87099116445437
79.07907907907908, 20.28497159157037, 49.67490466777666, 20.502310053504683, 43.89132042047768
79.17917917917919, 20.274158291789416, 49.633849782305596, 20.473936393683083, 43.911628058956595
79.27927927927928, 20.26336199533008, 49.592851422024275, 20.44564518172345, 43.93191412942191
79.37937937937939, 20.25258264419999, 49.551909438411826, 20.41743606190781, 43.95217868122174
79.47947947947948, 20.241820180990253, 49.51102368321723, 20.38930868125917, 43.9724217634939
79.57957957957959, 20.231074548412742, 49.470194008697575, 20.36126268840047, 43.9926434252115
79.67967967967968, 20.22034568935086, 49.429420267589826, 20.333297733655115, 44.01284371517943
79.77977977977979, 20.209633546950652, 49.388702313061856, 20.30541346924481, 44.03302268202719
79.8798798798799, 20.198938064619046, 49.34803999871161, 20.277609549263, 44.05318037421045
79.97997997997999, 20.188259186022112, 49.30743317856614, 20.24988562964833, 44.07331684001266
80.08008008008008, 20.177596855083298, 49.266881707080834, 20.222241368158052, 44.09343212754663
80.18018018018017, 20.166951015981702, 49.22638543913844, 20.194676424341512, 44.113526284756134
80.2802802802803, 20.156321613150308, 49.185944230048264, 20.16719045951354, 44.1335993594175
80.38038038038039, 20.145708591274243, 49.14555793554525, 20.13978313672794, 44.15365139914121
80.48048048048048, 20.135111895289025, 49.10522641178914, 20.112454120750876, 44.17368245137347
80.58058058058057, 20.124531470378823, 49.064949515363566, 20.085203078034368, 44.19369256339785
80.6806806806807, 20.11396726197469, 49.024727103275204, 20.058029676689678, 44.213681782336835
80.78078078078079, 20.1034192155043, 48.984559033039005, 20.030933588833605, 44.23365015501907
80.88088088088088, 20.09288727624366, 48.944445162728094, 20.003914491960582, 44.25359772790176
80.98098098098099, 20.08237139010536, 48.90438535069916, 19.976972061374262, 44.27352454749933
81.08108108108108, 20.071871503231314, 48.86437945573206, 19.95010597403244, 44.29343066016577
81.18118118118119, 20.061387561974005, 48.824427337034884, 19.923315908682635, 44.31331611208708
81.28128128128128, 20.050919512893547, 48.78452885424344, 19.89660154584694, 44.3331809492822
81.38138138138139, 20.040467302754756, 48.744683867420825, 19.86996256780685, 44.35302521760396
81.48148148148148, 20.030030878524187, 48.70489223705698, 19.843398658588132, 44.372848962740015
81.58158158158159, 20.019610187367206, 48.66515382406819, 19.816909503945638, 44.392652230213834
81.6816816816817, 20.009205176645043, 48.62546848979663, 19.79049479134816, 44.41243506538561
81.78178178178179, 19.998815793911838, 48.58583609600991, 19.764154209963298, 44.43219751345321
81.88188188188188, 19.988441986911717, 48.546256504900654, 19.737887450642262, 44.45193961945314
81.98198198198199, 19.978083703575834, 48.50672957908594, 19.711694205904745, 44.47166142826151
82.0820820820821, 19.96774089204755, 48.46725518160108, 19.685574169971723, 44.491362984592705
82.18218218218219, 19.957413501251807, 48.42783317577988, 19.65952703972632, 44.51104433295517
82.28228228228228, 19.947101480104447, 48.38846342541828, 19.63355251335528, 44.5307055177146
82.38238238238237, 19.936804777520674, 48.349145794771545, 19.607650290353174, 44.550346583093905
82.4824824824825, 19.92652334261717, 48.30988014851107, 19.581820071856992, 44.56996757315806
82.58258258258259, 19.916257124710448, 48.270666351723655, 19.55606156063323, 44.58956853181489
82.68268268268268, 19.906006073315204, 48.23150426991073, 19.530374461064888, 44.60914950281592
82.78278278278279, 19.89577013814266, 48.1923937689877, 19.504758479138545, 44.62871052975725
82.8828828828829, 19.88554926909892, 48.15333471528317, 19.479213322431423, 44.648251656080376
82.98298298298299, 19.875343416283314, 48.114326975538205, 19.45373870009841, 44.667772925073045
83.08308308308308, 19.865152529986762, 48.07537041690561, 19.42833432285911, 44.687274379870104
83.18318318318319, 19.854976560690098, 48.03646490694921, 19.402999902984906, 44.70675606345434
83.28328328328328, 19.844815459062453, 47.997610313643115, 19.377735154286007, 44.726218018657335
83.38338338338339, 19.83466917595958, 47.95880650537099, 19.35253979209849, 44.74566028816028
83.48348348348348, 19.824537663036484, 47.92005335074583, 19.327413533520684, 44.765082914480786
83.58358358358359, 19.814420873423146, 47.88135071841155, 19.30235609767519, 44.78448593995809
83.68368368368368, 19.80431875927095, 47.84269847775824, 19.277367204700653, 44.80386940681027
83.78378378378379, 19.79423127291275, 47.80409649858223, 19.25244657621036, 44.823233357108386
83.8838838838839, 19.78415836693952, 47.76554465106245, 19.22759393531109, 44.842577832775525
83.98398398398399, 19.77409999420217, 47.72704280575867, 19.20280900659157, 44.86190287558759
84.08408408408408, 19.76405610781338, 47.68859083360978, 19.178091516110893, 44.88120852717404
84.18418418418419, 19.754026661149382, 47.65018860593207, 19.15344119138703, 44.90049482901867
84.2842842842843, 19.744011607851775, 47.611835994417426, 19.128857761385238, 44.91976182246038
84.38438438438439, 19.73401090182938, 47.57353287113164, 19.104340956506533, 44.93900954869395
84.48448448448448, 19.724024497259986, 47.53527910851264, 19.079890508576156, 44.95823804877078
84.58458458458459, 19.71405234859223, 47.49707457936875, 19.055506150831988, 44.977447363599666
84.6846846846847, 19.704094410547366, 47.45891915687698, 19.03118761791306, 44.99663753394758
84.78478478478479, 19.694150625237192, 47.420812713324416, 19.006934609605512, 45.015808602952056
84.88488488488488, 19.68422097518252, 47.382755126214946, 18.982746948090007, 45.03496060524014
84.98498498498499, 19.67430539583899, 47.344746268524126, 18.9586243213655, 45.05409358468811
85.08508508508508, 19.664403842177016, 47.30678601519281, 18.934566470528594, 45.073207581442986
85.18518518518519, 19.654516269284173, 47.26887424154871, 18.910573137928814, 45.09230263552075
85.28528528528528, 19.64464263236521, 47.23101082330634, 18.886644067168717, 45.11137878680645
85.38538538538539, 19.634782886742034, 47.19319563656709, 18.862779003103793, 45.1304360750541
85.48548548548548, 19.624936987853744, 47.15542855781918, 18.83897769184254, 45.149474539886775
85.58558558558559, 19.61510489125659, 47.11770946393765, 18.815239880746436, 45.16849422079653
85.6856856856857, 19.605286552623998, 47.0800382321844, 18.791565318429903, 45.18749515714446
85.78578578578579, 19.59548192774656, 47.04241474020818, 18.767953754760384, 45.20647738816066
85.88588588588588, 19.58569097253205, 47.00483886604455, 18.74440494085827, 45.225440952944254
85.98598598598599, 19.57591364300539, 46.96731048811594, 18.72091862909695, 45.24438589046336
86.0860860860861, 19.56614989530869, 46.9298294852316, 18.69749457310277, 45.26331223955514
86.18618618618619, 19.556399685563832, 46.89239573662258, 18.674132527856433, 45.282220038921075
86.28628628628628, 19.546662969598863, 46.8550091220113, 18.650832249894844, 45.30110932711765
86.38638638638639, 19.536939703620284, 46.817669521440536, 18.627593496815106, 45.319980142579304
86.4864864864865, 19.527229843949886, 46.780376815340446, 18.6044160274687, 45.33883252360939
86.58658658658659, 19.517533346996554, 46.743130884535624, 18.581299601982273, 45.35766650837926
86.68668668668668, 19.507850169256262, 46.70593161024518, 18.55824398175764, 45.37648213492828
86.78678678678679, 19.498180267312055, 46.6687788740827, 18.53524892947179, 45.39527944116379
86.8868868868869, 19.48852359796045, 46.63167255802057, 18.512314209059003, 45.414058464862165
86.98698698698699, 19.478880121397403, 46.59461254349009, 18.489439585259937, 45.43281924369564
87.08708708708708, 19.469249797439844, 46.55759871244868, 18.466624824156394, 45.45156181520053
87.18718718718719, 19.459632585124172, 46.520630947493316, 18.443869693228134, 45.47028621677381
87.28728728728728, 19.450028443803347, 46.48370913155067, 18.42117396119762, 45.48899248568242
87.38738738738739, 19.44043733314687, 46.44683314787707, 18.39853739803, 45.50768065906318
87.4874874874875, 19.430859213140792, 46.410002880058535, 18.375959774933136, 45.526350773922864
87.58758758758759, 19.42129404408771, 46.37321821201077, 18.35344086435757, 45.54500286713814
87.68768768768768, 19.41174178528617, 46.33647902826248, 18.3309804396397, 45.56363697548464
87.78778778778779, 19.4022023941464, 46.29978521414509, 18.308578274762812, 45.5822531356564
87.8878878878879, 19.392675830125807, 46.26313665494838, 18.286234145420554, 45.60085138417932
87.98798798798799, 19.383162052866243, 46.226533236320215, 18.26394782851356, 45.619431757452105
88.08808808808809, 19.37366102212828, 46.189974844280535, 18.241719102131725, 45.63799429174776
88.18818818818819, 19.364172697791222, 46.153461365221396, 18.219547745554166, 45.65653902321355
88.2882882882883, 19.354697039853086, 46.11699268590698, 18.19743353924924, 45.675065987870994
88.38838838838839, 19.345234008442024, 46.08056869345766, 18.175376264799613, 45.693575221621494
88.48848848848849, 19.335783563933756, 46.0441892751855, 18.153375704130454, 45.712066760303955
88.58858858858859, 19.326345666780078, 46.00785431883446, 18.131431640636517, 45.73054063961062
88.6886886886887, 19.31692027753211, 45.97156371254772, 18.109543859029166, 45.7489968950985
88.78878878878879, 19.30750735686812, 45.93531734482882, 18.087712145153763, 45.76743556220297
88.88888888888889, 19.29810686559348, 45.89911510454165, 18.065936285989704, 45.78585667623782
88.988988988989, 19.288718764640702, 45.862956880910474, 18.044216069650393, 45.804260272395226
89.0890890890891, 19.279343015069433, 45.82684256351991, 18.022551285383265, 45.82264638574576
89.1891891891892, 19.269979578568265, 45.79077204209635, 18.00094172308922, 45.84101505127407
89.2892892892893, 19.260628417358408, 45.75474520654991, 17.979387173414896, 45.85936630387201
89.3893893893894, 19.251289493365245, 45.71876194733533, 17.957887428545963, 45.877700178279774
89.48948948948949, 19.241962768693977, 45.682822155244715, 17.936442281751663, 45.89601670911968
89.5895895895896, 19.232648205631303, 45.646925721406866, 17.915051527383174, 45.914315930896315
89.6896896896897, 19.22334576664545, 45.611072537287235, 17.89371496087361, 45.932597877996535
89.7897897897898, 19.214055414386156, 45.57526249468796, 17.872432378738043, 45.95086258468944
89.88988988988989, 19.204777111583784, 45.5394954857505, 17.851203578447628, 45.96911008513627
89.98998998999, 19.19551082054609, 45.50377140296883, 17.83002835780209, 45.987340413439725
90.0900900900901, 19.186256504050167, 45.468090139166065, 17.80890651604199, 46.005553603556535
90.1901901901902, 19.17701412509747, 45.43245158750086, 17.787837853543312, 46.02374968932152
90.29029029029029, 19.167783646831346, 45.39685564146955, 17.766822171714526, 46.041928704455636
90.3903903903904, 19.15856503253698, 45.3613021949062, 17.745859272996604, 46.06009068256597
90.4904904904905, 19.14935824564145, 45.325791141982606, 17.724948960863, 46.07823565714577
90.5905905905906, 19.140163249713353, 45.29032237720784, 17.704091039817207, 46.096363661574614
90.69069069069069, 19.13098000838642, 45.2548957953382, 17.683285314833334, 46.11447472916234
90.7907907907908, 19.12180848541805, 45.21951129144624, 17.662531591784845, 46.132568893115376
90.8908908908909, 19.11264864474532, 45.18416876098683, 17.641829677854467, 46.15064618650457
90.990990990991, 19.103500450440798, 45.14886809974499, 17.62117938121071, 46.16870664229057
91.09109109109109, 19.09436386671253, 45.113609203835956, 17.600580511007873, 46.18675029332384
91.1911911911912, 19.085238857904063, 45.078391969705145, 17.580032877386042, 46.20477717234468
91.2912912912913, 19.07612538849442, 45.04321629412815, 17.55953629147111, 46.22278731198314
91.3913913913914, 19.06702342312478, 45.008082074166474, 17.53909056519222, 46.24078074477359
91.4914914914915, 19.05793292666271, 44.972989207060664, 17.51869551084182, 46.258757503189415
91.5915915915916, 19.04885386405627, 44.937937590472934, 17.49835094207475, 46.27671761956403
91.69169169169169, 19.03978620038822, 44.90292712239694, 17.478056673537097, 46.294661126120246
91.7917917917918, 19.030729900883248, 44.867957701145855, 17.457812520816546, 46.31258805497416
91.8918918918919, 19.021684930907984, 44.833029225352284, 17.43761830044242, 46.33049843813516
91.991991991992, 19.012651255971004, 44.79814159396832, 17.41747382988565, 46.34839230750597
92.09209209209209, 19.003628841713592, 44.76329470626041, 17.39737892752417, 46.3662696948854
92.19219219219221, 18.994617653623166, 44.72848846165117, 17.377333411568117, 46.3841306320552
92.2922922922923, 18.985617657410792, 44.69372275992779, 17.35733710147569, 46.40197515066564
92.3923923923924, 18.97662881904434, 44.65899750126032, 17.337389818077508, 46.419803282225516
92.49249249249249, 18.96765110462625, 44.62431258613426, 17.317491383118185, 46.437615058139166
92.5925925925926, 18.95868448039354, 44.58966791535044, 17.2976416192563, 46.455410509706454
92.6926926926927, 18.94972891271779, 44.55506339002513, 17.27784035006443, 46.47318966812279
92.7927927927928, 18.940784368105156, 44.520498911589996, 17.258087400029115, 46.49095256447912
92.89289289289289, 18.931850813196366, 44.48597438179209, 17.238382594550888, 46.50869922976192
92.992992992993, 18.922928214766706, 44.451489702693856, 17.218725759944242, 46.52642969485322
93.0930930930931, 18.91401653972605, 44.41704477667315, 17.199116723437673, 46.54414399053057
93.1931931931932, 18.905115755118832, 44.38263950642323, 17.17955531317364, 46.56184214746707
93.2932932932933, 18.89622582812405, 44.348273794952725, 17.16004135820858, 46.57952419623136
93.3933933933934, 18.887346726043813, 44.313947545571786, 17.14057468843489, 46.597190167294016
93.4934934934935, 18.878478415917062, 44.27966066142404, 17.12115513195296, 46.61484009124353
93.5935935935936, 18.869620865020785, 44.2454130460939, 17.101782518481297, 46.63247399850605
93.6936936936937, 18.860774040925563, 44.21120460367386, 17.082456679734143, 46.6500919193144
93.7937937937938, 18.851937911326562, 44.17703523855971, 17.063177448271862, 46.66769388380248
93.89389389389389, 18.843112444043562, 44.14290485545053, 17.043944657500923, 46.685279922005336
93.99399399399401, 18.834297607020915, 44.108813359348744, 17.024758141673946, 46.702850063859124
94.0940940940941, 18.82549336832758, 44.07476065556008, 17.005617735889643, 46.72040433920108
94.1941941941942, 18.816699696157123, 44.04074664969357, 16.98652327609287, 46.73794277776962
94.29429429429429, 18.80791655882769, 44.00677124766157, 16.967474599074592, 46.7554654092042
94.39439439439441, 18.799143924782026, 43.97283435567972, 16.948471542471896, 46.772972263045446
94.4944944944945, 18.79038176258748, 43.93893588026702, 16.929513944768, 46.79046336873507
94.5945945945946, 18.781630040935987, 43.90507572824574, 16.910601645292235, 46.80793875561591
94.69469469469469, 18.77288872863848, 43.871253806727445, 16.89173448415369, 46.825398452937456
94.7947947947948, 18.764157794419408, 43.83747002259823, 16.872912299809684, 46.84284249005902
94.8948948948949, 18.755437207179277, 43.803724283176436, 16.85413493217265, 46.86027089619015
94.994994994995, 18.746726936030054, 43.77001649630133, 16.83540222302916, 46.87768370035562
95.0950950950951, 18.738026950202983, 43.736346570102114, 16.816714014948854, 46.89508093148657
95.1951951951952, 18.72933721904857, 43.70271441299798, 16.798070151284406, 46.91246261842053
95.2952952952953, 18.720657712036576, 43.66911993369806, 16.779470476171532, 46.929828789901414
95.3953953953954, 18.71198839875605, 43.63556304120148, 16.76091483452901, 46.94717947457954
95.4954954954955, 18.703329248915285, 43.602043644797256, 16.742403072058647, 46.96451470101159
95.5955955955956, 18.694680232341852, 43.56856165406445, 16.723935035245304, 46.98183449766063
95.6956956956957, 18.686041318982593, 43.53511697887204, 16.70551057135689, 46.9991388928961
95.7957957957958, 18.677412478903598, 43.50170952937895, 16.687129528444352, 47.01642791499386
95.8958958958959, 18.668793682290243, 43.468339216034096, 16.66879175534169, 47.03370159213613
95.995995995996, 18.660184899436754, 43.435005949565465, 16.650497101610654, 47.050959952416264
96.09609609609609, 18.651586100329958, 43.4017096405448, 16.632245415328192, 47.068203024028676
96.19619619619621, 18.642997255172773, 43.36845019993509, 16.61403654586898, 47.08543083502999
96.2962962962963, 18.63441833446819, 43.33522753917835, 16.59587034435171, 47.10264341330071
96.3963963963964, 18.625849308827604, 43.302041569995176, 16.577746662620424, 47.119840786632686
96.49649649649649, 18.617290148970827, 43.268892204384805, 16.559665353244526, 47.13702298272911
96.59659659659661, 18.608740825726084, 43.235779354625066, 16.541626269518794, 47.15419002920451
96.6966966966967, 18.600201310030013, 43.20270293327243, 16.523629265463356, 47.171341953584715
96.7967967967968, 18.59167157292766, 43.16966285316194, 16.505674195823698, 47.18847878330694
96.8968968968969, 18.583151585572494, 43.13665902740726, 16.487760916070673, 47.20560054571972
96.996996996997, 18.57464131922639, 43.10369136940069, 16.469889282400498, 47.2227072680829
97.0970970970971, 18.56614074525964, 43.07075979281313, 16.45205915173474, 47.2397989775677
97.1971971971972, 18.557649835150954, 43.03786421159406, 16.43427038172034, 47.25687570125665
97.2972972972973, 18.549168560481544, 43.00500453996137, 16.41652283068378, 47.27393746614764
97.3973973973974, 18.540696892676763, 42.972180691951806, 16.398816355621705, 47.29098429933023
97.4974974974975, 18.532234803325768, 42.939392581977096, 16.381150814686922, 47.30801622776749
97.5975975975976, 18.523782264241436, 42.90664012492818, 16.36352606765433, 47.32503327825517
97.6976976976977, 18.515339247338304, 42.8739232359628, 16.3459419749715, 47.34203547750498
97.7977977977978, 18.506905724632535, 42.84124183050555, 16.3283983977587, 47.35902285214457
97.8978978978979, 18.498481668241933, 42.80859582424785, 16.310895197808865, 47.375995428717566
97.99799799799801, 18.49006705038594, 42.77598513314793, 16.293432237587627, 47.392953233683556
98.0980980980981, 18.481661843385638, 42.743409673430854, 16.27600938023329, 47.40989629341806
98.1981981981982, 18.47326601966375, 42.71086936158853, 16.258626489556843, 47.42682463421257
98.29829829829829, 18.464879551744634, 42.678364114379676, 16.24128343004196, 47.44373828227455
98.39839839839841, 18.45650241225429, 42.645893848829836, 16.223980066844998, 47.46063726372741
98.4984984984985, 18.448134573920356, 42.613458482231394, 16.206716265794988, 47.477521604610516
98.5985985985986, 18.43977600956747, 42.5810579321322, 16.18949189334744, 47.494391330883325
98.69869869869869, 18.43142669189626, 42.54869211579397, 16.172306814381866, 47.51124646862274
98.79879879879881, 18.423086593762186, 42.516360950875644, 16.155160894980682, 47.528087043774114
98.8988988988989, 18.414755688228315, 42.484064355562595, 16.13805400295475, 47.544913082104166
98.998998998999, 18.40643394845521, 42.45180224829693, 16.1209860067465, 47.56172460929925
99.0990990990991, 18.39812134770095, 42.41957454777744, 16.103956775429975, 47.57852165096536
99.1991991991992, 18.38981785932115, 42.38738117295968, 16.08696617871081, 47.595304232628116
99.2992992992993, 18.381523456768914, 42.35522204305591, 16.070014086926225, 47.61207237973282
99.3993993993994, 18.37323811359488, 42.323097077535124, 16.05310037104504, 47.62882611764437
99.4994994994995, 18.36496180344719, 42.29100619612303, 16.036224902667662, 47.64556547164732
99.5995995995996, 18.356694500071512, 42.258949318802074, 16.019387554026103, 47.66229046694587
99.6996996996997, 18.348436177311022, 42.22692636581141, 16.002588197983954, 47.67900112866384
99.79979979979981, 18.340186809106417, 42.19493725764691, 15.98582670803641, 47.69569748184472
99.8998998998999, 18.331946369495903, 42.16298191506121, 15.969102958310257, 47.712379551451605
100.0, 18.323714832615206, 42.131060259063624, 15.952416823563876, 47.72904736236725
