Initial conditions: Te0=7.0, Ti0=7.0, rho0=1000.0, Rh0=15.0
t (ps), Te (keV), Ti (keV), rho (g/cm^3), Rh (um)
0.0, 7.0, 7.0, 1000.0, 15.0
0.05005005005005005, 7.008207365273667, 7.008534916576604, 993.6891653640971, 15.031698591039575
0.1001001001001001, 7.016792649020512, 7.017071206005283, 987.4472168816621, 15.063316325721834
0.15015015015015015, 7.025652069026882, 7.025710529791627, 981.2729929315317, 15.094854272466392
0.2002002002002002, 7.03474264815201, 7.034499713397215, 975.1653576671299, 15.126313486691839
0.2502502502502503, 7.0440480280188424, 7.043461696788645, 969.1231992995353, 15.157695015716456
0.3003003003003003, 7.053563588487997, 7.052609008162467, 963.1454293477319, 15.188999900977622
0.3503503503503504, 7.063289859258631, 7.061949724698982, 957.2309813188249, 15.220229179308179
0.4004004004004004, 7.073229812760445, 7.071489930214996, 951.3788103813098, 15.251383883530327
0.45045045045045046, 7.083387556369675, 7.08123490567062, 945.5878928743964, 15.28246504291573
0.5005005005005005, 7.093767747012508, 7.091189661743184, 939.8572253932101, 15.313473683616193
0.5505505505505506, 7.1043753932667, 7.10135912966008, 934.18582461364, 15.34441082893479
0.6006006006006006, 7.115215726191652, 7.1117482867156285, 928.5727267937152, 15.375277499651386
0.6506506506506506, 7.1262941624784375, 7.122362189045772, 923.0169865793854, 15.406074714403234
0.7007007007007008, 7.137616287873599, 7.1332060053215764, 917.5176772910071, 15.436803489891783
0.7507507507507507, 7.149187863268388, 7.144285051548018, 912.0738922421715, 15.467464841107514
0.8008008008008008, 7.161014779388569, 7.155604754238617, 906.6847388861561, 15.498059782039372
0.8508508508508509, 7.173103108243557, 7.167170688031472, 901.3493426917413, 15.52858932565695
0.9009009009009009, 7.185459071283722, 7.1789885512429805, 896.0668439203992, 15.559054484150819
0.950950950950951, 7.198089129990666, 7.191064246687387, 890.8364044417841, 15.589456269294258
1.001001001001001, 7.210999850802812, 7.203403774227661, 885.6571951745053, 15.619795692925758
1.0510510510510511, 7.224198034098469, 7.216013350946923, 880.5284071172397, 15.650073767072357
1.1011011011011012, 7.237690622590472, 7.228899321932735, 875.4492413054195, 15.68029150448523
1.1511511511511512, 7.251484816803303, 7.242068266608555, 870.4189188651192, 15.710449918673312
1.2012012012012012, 7.2655880282073255, 7.255526946997693, 865.4366762882564, 15.740550024013238
1.2512512512512513, 7.280007868565941, 7.2692822666979255, 860.5017574932762, 15.770592837597938
1.3013013013013013, 7.294752217298516, 7.283341366659691, 855.6134265471056, 15.800579377471731
1.3513513513513515, 7.309829179152831, 7.297711567071101, 850.7709563866008, 15.830510664742828
1.4014014014014016, 7.32524709618772, 7.312400383298875, 845.9736328233777, 15.86038772273725
1.4514514514514514, 7.341014550280081, 7.32741558348295, 841.2207552178768, 15.890211577702646
1.5015015015015014, 7.357140357115118, 7.342765226637019, 836.5116344960295, 15.919983259932332
1.5515515515515517, 7.373633606168888, 7.358457562411683, 831.8455944564726, 15.94970380235893
1.6016016016016017, 7.390503849327032, 7.374500986482856, 827.2219695701439, 15.979374243099246
1.6516516516516517, 7.407760714673566, 7.390904337696645, 822.6401058510567, 16.00899562453054
1.7017017017017018, 7.42541428117679, 7.40767661089457, 818.0993604929645, 16.03856899402454
1.751751751751752, 7.44347490548359, 7.424827117779746, 813.5991012650194, 16.06809540426451
1.8018018018018018, 7.4619533030811045, 7.44236543697645, 809.1387062193517, 16.09757591363049
1.851851851851852, 7.4808605387341585, 7.460301468931495, 804.717563801557, 16.1270115868538
1.901901901901902, 7.500208069246453, 7.478645451080043, 800.3350729267823, 16.15640349578302
1.951951951951952, 7.52000768587075, 7.497407900449335, 795.9906407218693, 16.18575271839631
2.002002002002002, 7.540271613219962, 7.5165996991298245, 791.6836845327317, 16.21506034074364
2.052052052052052, 7.5610125071382654, 7.536232098184347, 787.4136311042648, 16.244327457203532
2.1021021021021022, 7.582243434159453, 7.556316700850302, 783.179915527707, 16.273555170232676
2.1521521521521523, 7.603977922435566, 7.576865505805285, 778.9819814541513, 16.302744591522444
2.2022022022022023, 7.6262299883825015, 7.597890929907584, 774.8192818756387, 16.33189684247339
2.2522522522522523, 7.649014155184899, 7.619405799252764, 770.6912775899015, 16.36101305465826
2.3023023023023024, 7.672345496386068, 7.641423381083312, 766.5974374538683, 16.39009437074259
2.3523523523523524, 7.6962396464429785, 7.663957427350392, 762.5372391213288, 16.419141944992752
2.4024024024024024, 7.72071274237525, 7.687022133867173, 758.5101657841599, 16.44815694265979
2.452452452452453, 7.745781514370979, 7.7106322002543335, 754.5157091396034, 16.477140541284314
2.5025025025025025, 7.771463347727379, 7.734802904637016, 750.5533676476693, 16.506093932684752
2.552552552552553, 7.797776229336291, 7.7595500279068075, 746.6226471401894, 16.53501832123763
2.6026026026026026, 7.824738926945664, 7.784889936786236, 742.7230597828776, 16.563914927138235
2.6526526526526526, 7.852370872344744, 7.810839544369137, 738.8541246845888, 16.592784984472647
2.702702702702703, 7.880692316949914, 7.8374164211524375, 735.0153669823102, 16.62162974442915
2.7527527527527527, 7.909724263941431, 7.86463874750599, 731.2063182324844, 16.650450473916248
2.802802802802803, 7.939488532406443, 7.892525467590946, 727.426515752712, 16.679248458211056
2.852852852852853, 7.970007743121525, 7.921096231496345, 723.6755028386036, 16.708025000072578
2.9029029029029028, 8.001305471148488, 7.950371459994821, 719.9528282343928, 16.73678142211041
2.9529529529529532, 8.03340621429169, 7.980372339610664, 716.2580462131779, 16.76551906640513
3.003003003003003, 8.066335544706122, 8.01112085355779, 712.5907162159739, 16.794239296356448
3.0530530530530533, 8.100120127470706, 8.042639794935702, 708.9504027676412, 16.822943497042726
3.1031031031031033, 8.134787705657546, 8.074952886625004, 705.3366752850169, 16.851633076408998
3.1531531531531534, 8.170367169336737, 8.108084835693258, 701.7491078195026, 16.88030946658086
3.2032032032032034, 8.206888559829538, 8.142061339982092, 698.1872790846847, 16.908974123914412
3.2532532532532534, 8.24438317646224, 8.17690925302908, 694.650771955877, 16.9376285318644
3.3033033033033035, 8.282883723886158, 8.212656449238587, 691.139173550825, 16.966274200749695
3.3533533533533535, 8.322424386263583, 8.249331878096026, 687.6520750240245, 16.99491266902645
3.4034034034034035, 8.363040878941337, 8.286965725054959, 684.1890712757555, 17.0235455053922
3.4534534534534536, 8.40477045922346, 8.325589406238466, 680.7497609479409, 17.05217430882657
3.503503503503504, 8.44765199448781, 8.365235814375094, 677.333746022721, 17.080800711692625
3.5535535535535536, 8.49172600586699, 8.405939219080295, 673.9406319186933, 17.109426379049292
3.6036036036036037, 8.537034987318187, 8.44773538554567, 670.5700270261027, 17.138053012443017
3.6536536536536537, 8.583623316481239, 8.49066156973628, 667.2215428222742, 17.166682349078602
3.703703703703704, 8.631537554512605, 8.534756666066398, 663.8947934314132, 17.195316165637085
3.753753753753754, 8.680826339458013, 8.580061297297437, 660.5893956514742, 17.223956278237807
3.803803803803804, 8.731540542050412, 8.626617983681365, 657.3049686474226, 17.252604545262024
3.853853853853854, 8.78373345057849, 8.674471178738102, 654.0411338083655, 17.28126286897875
3.903903903903904, 8.837460839634238, 8.72366734346469, 650.7975146238142, 17.309933196753057
3.9539539539539543, 8.89278129646375, 8.774255092065257, 647.5737363607592, 17.338617524631903
4.004004004004004, 8.949756166808745, 8.826285202800165, 644.3694260921911, 17.367317897049467
4.054054054054054, 9.008449870929796, 8.87981097228567, 641.1842122375235, 17.396036412107776
4.104104104104104, 9.068929845536308, 8.934888120366203, 638.0177246824398, 17.42477522029477
4.1541541541541545, 9.13126698125535, 8.991575179591862, 634.8695942589181, 17.453536530757187
4.2042042042042045, 9.195535530333027, 9.049933359086287, 631.7394529155332, 17.482322609407937
4.2542542542542545, 9.26181368261694, 9.110026950163421, 628.626933156543, 17.511135786044306
4.3043043043043046, 9.33018349596095, 9.171923331836487, 625.5316680924637, 17.539978453866635
4.354354354354355, 9.400731223250807, 9.235693269835268, 622.4532911315342, 17.56885307385754
4.404404404404405, 9.4735475698884, 9.301411115544278, 619.3914357292763, 17.597762178028166
4.454454454454455, 9.548727779023459, 9.369154940107478, 616.3457353676716, 17.626708370542126
4.504504504504505, 9.62637205425538, 9.43900681701564, 613.3158231768838, 17.655694332687663
4.554554554554555, 9.706585896516023, 9.511053011545501, 610.3013317800484, 17.684722825888198
4.604604604604605, 9.789480309548233, 9.585384244671877, 607.3018930681354, 17.71379669496628
4.654654654654655, 9.87517215744178, 9.662096028058308, 604.3171379662997, 17.742918872330826
4.704704704704705, 9.963784448023237, 9.741288894630008, 601.3466962257969, 17.772092381255234
4.754754754754755, 10.055446691780878, 9.823068815002067, 598.3901961829221, 17.801320340441755
4.804804804804805, 10.150295259290562, 9.907547427372492, 595.4472645413373, 17.830605967605358
4.854854854854855, 10.248473907151418, 9.994842420508677, 592.5175261293518, 17.859952584404112
4.904904904904906, 10.35013406824632, 10.085077899014628, 589.6006036715974, 17.889363620451213
4.954954954954955, 10.455435309605898, 10.178384856862367, 586.6961175425687, 17.91884261840432
5.005005005005005, 10.564545749384212, 10.274901574179298, 583.8036855321685, 17.948393238533335
5.055055055055055, 10.677642517306145, 10.374774153742703, 580.922922597628, 17.978019264065768
5.105105105105106, 10.79491227602265, 10.47815695764498, 578.0534406288173, 18.007724606184997
5.155155155155156, 10.916551763115248, 10.585213144271583, 575.194848205167, 18.037513309547332
5.205205205205205, 11.042768253022695, 10.696115287831956, 572.346750355241, 18.067389557856917
5.255255255255255, 11.17378009348748, 10.811045980956917, 569.508748315921, 18.097357679586803
5.305305305305305, 11.309817246594715, 10.930198538977757, 566.6804393012411, 18.127422154010358
5.355355355355356, 11.45112182429632, 11.05377766802335, 563.8614162664504, 18.157587617121365
5.405405405405406, 11.597948698762718, 11.18200026949395, 561.0512676995214, 18.1878588680249
5.455455455455455, 11.750566043886419, 11.315096151775576, 558.2495773919768, 18.218240874981394
5.505505505505505, 11.909255855029421, 11.453309049623115, 555.4559242586733, 18.24873878216073
5.555555555555555, 12.074314507084932, 11.596897408425079, 552.6698821236492, 18.279357915881086
5.605605605605606, 12.246053224573165, 11.746135514552108, 549.8910195862002, 18.310103791333674
5.655655655655656, 12.424798612717426, 11.901314389991459, 547.1188998289887, 18.34098211900184
5.705705705705706, 12.610893020411089, 12.06274305362936, 544.353080555722, 18.37199881113791
5.7557557557557555, 12.80469502065264, 12.23074952325535, 541.5931138313779, 18.403159988240965
5.8058058058058055, 13.006579505565306, 12.405682248356518, 538.8385461098414, 18.43447198502989
5.855855855855856, 13.216938091857044, 12.587911214952232, 536.0889181221519, 18.46594135681399
5.9059059059059065, 13.43617889058822, 12.777829486922219, 533.3437650354107, 18.497574884434975
5.9559559559559565, 13.664726784034821, 12.975854420307932, 530.6026163936552, 18.529379580430962
6.006006006006006, 13.90302271527905, 13.18242928907602, 527.8649964298826, 18.56136269255113
6.056056056056057, 14.15152333806447, 13.398024686770977, 525.1304242652805, 18.593531707876878
6.106106106106107, 14.410700492197257, 13.623139896262652, 522.3984141583784, 18.625894356310216
6.156156156156157, 14.68103972967342, 13.858304538641669, 519.668476007721, 18.658458611983956
6.206206206206207, 14.963039013515546, 14.104079929225032, 516.9401158572448, 18.691232694094033
6.256256256256257, 15.257206874823659, 14.361060432097991, 514.2128365565002, 18.72422506608943
6.306306306306307, 15.564060051746676, 14.629874679810365, 511.48613857933304, 18.75744443291147
6.356356356356357, 15.884120524216419, 14.911186624522514, 508.75952099290106, 18.790899736224933
6.406406406406407, 16.21791207058209, 15.205696327211367, 506.0324825917903, 18.824600147441583
6.456456456456457, 16.565956132804555, 15.514140441629644, 503.3045232285275, 18.85855505804399
6.506506506506507, 16.928766788010844, 15.83729220357933, 500.57514539860915, 18.89277406623888
6.556556556556557, 17.306845049650377, 16.175960920104927, 497.84385602350477, 18.927266960573476
6.606606606606607, 17.700672319889584, 16.530990824921783, 495.1101684858943, 18.96204369968544
6.656656656656657, 18.11070289979113, 16.903259131114314, 492.37360494741654, 18.99711438756193
6.706706706706707, 18.53735542638623, 17.29367297647333, 489.63369899842377, 19.032489243238217
6.756756756756757, 18.981003609351763, 17.703165438065827, 486.8899985437497, 19.06817856628683
6.806806806806807, 19.441966002766616, 18.13269027982085, 484.1420690145673, 19.104192696505336
6.856856856856857, 19.92049483159836, 18.58321513632499, 481.38949693022096, 19.140541966991435
6.906906906906907, 20.41676416484065, 19.05571307544849, 478.63189376380325, 19.17723665091186
6.956956956956957, 20.930857687206267, 19.551152730638517, 475.86890005200263, 19.214286902851114
7.007007007007008, 21.46275605567164, 20.07048663789752, 473.10018979848866, 19.251702693436734
7.057057057057057, 22.012324239517323, 20.61463746199885, 470.32547515393844, 19.289493736507723
7.107107107107107, 22.579299444137128, 21.184482909562114, 467.5445111957071, 19.327669411888948
7.157157157157157, 23.163279749165127, 21.78083912961106, 464.75710082451707, 19.366238682913462
7.207207207207207, 23.76371397751351, 22.404442703284005, 461.9630997041977, 19.40521000916881
7.257257257257258, 24.37989379754789, 23.055931655950754, 459.16242108255875, 19.44459125585823
7.307307307307307, 25.010947965146148, 23.73582652606124, 456.35504037843265, 19.484389602986287
7.357357357357358, 25.655839348995617, 24.444511406438302, 453.5409994752048, 19.524611453913973
7.407407407407408, 26.31336545201148, 25.182215819608167, 450.7204105386772, 19.565262345836512
7.457457457457458, 26.982163598817777, 25.948998896048554, 447.8934590471737, 19.606346866275494
7.507507507507508, 27.66071850958021, 26.74473547488292, 445.0604062722006, 19.64786857523243
7.557557557557558, 28.34737486917394, 27.569105652667634, 442.221590787691, 19.68982993653325
7.607607607607608, 29.040353900550574, 28.421588236132816, 439.3774289655045, 19.732232260649656
7.657657657657658, 29.73777323590134, 29.301458509525748, 436.5284144316758, 19.775075660672517
7.707707707707708, 30.437670031280618, 30.207790634723086, 433.6751164157427, 19.81835902272364
7.757757757757758, 31.13802652069416, 31.139464822178123, 430.8181769712608, 19.862079992367704
7.807807807807808, 31.83679719871747, 32.09517903169025, 427.958307122601, 19.906234977152483
7.857857857857859, 32.53193682833677, 33.07346521236753, 425.0962819076278, 19.95081916698188
7.907907907907909, 33.22142813121676, 34.07270861158427, 422.23293462216935, 19.995826568628544
7.957957957957959, 33.90330839262873, 35.09116998896306, 419.36915028445014, 20.041250055234425
8.008008008008009, 34.57569436804799, 36.12701010821732, 416.5058584265295, 20.087081429930066
8.058058058058059, 35.2368046407895, 37.17831526177656, 413.64402541681596, 20.13331150141931
8.108108108108109, 35.884978916769, 38.2431229722981, 410.7846465530441, 20.179930168302327
8.158158158158159, 36.51869388462919, 39.319447124895355, 407.9287380442248, 20.226926510965672
8.208208208208209, 37.136575471157, 40.40530181187786, 405.07732906208366, 20.27428888847274
8.258258258258259, 37.737407434350594, 41.498723259520304, 402.23145402620355, 20.322005038040132
8.308308308308309, 38.32013649558133, 42.59778954147754, 399.3921452309933, 20.370062175288417
8.358358358358359, 38.88387399889639, 43.700637513676, 396.56042597289655, 20.418447092886026
8.408408408408409, 39.4278947793482, 44.805477409987574, 393.7373041554807, 20.467146257157317
8.458458458458459, 39.95163326200212, 45.91060446328498, 390.92376654456194, 20.516145900024398
8.508508508508509, 40.4546772825924, 47.014407814709166, 388.1207736888549, 20.565432105430435
8.558558558558559, 40.93676017275925, 48.11537708522622, 385.3292554807287, 20.614990889933804
8.608608608608609, 41.39775137579491, 49.21210661192365, 382.5501073888657, 20.66480827663811
8.65865865865866, 41.83764604118114, 50.303297655280495, 379.7841873497705, 20.714870361995768
8.70870870870871, 42.25655395878982, 51.38775889761505, 377.0323132746155, 20.765163375603624
8.75875875875876, 42.65468810146247, 52.46440546242352, 374.29526113820555, 20.815673733036682
8.80880880880881, 43.032353055467574, 53.53225671064236, 371.57376360918585, 20.866388081861803
8.85885885885886, 43.389933875124, 54.59043309967078, 368.8685092306074, 20.91729334000797
8.90890890890891, 43.727884759949575, 55.6381522960818, 366.1801419382406, 20.968376729981202
8.95895895895896, 44.046718691250874, 56.67472487647081, 363.5092610400529, 21.019625805854393
9.00900900900901, 44.346997574409286, 57.69954956970589, 360.85642155625743, 21.071028474892557
9.05905905905906, 44.62932276825146, 58.712108348861385, 358.22213477570983, 21.122573015800807
9.10910910910911, 44.894327168555904, 59.71196177323727, 355.6068691491302, 21.174248090574103
9.15915915915916, 45.142667082184154, 60.69874400097009, 353.01105131914716, 21.22604275483707
9.20920920920921, 45.375016230346716, 61.67215882501026, 350.43506732777604, 21.277946463085
9.259259259259261, 45.59205976890659, 62.631975862256894, 347.87926396708417, 21.329949072737463
9.30930930930931, 45.79449033430728, 63.578028037758344, 345.3439501469282, 21.382040845227397
9.35935935935936, 45.98300682361906, 64.51021321570542, 342.8293983334555, 21.434212447265548
9.40940940940941, 46.158311844218744, 65.42849278231027, 340.3358459463471, 21.486454950214636
9.45945945945946, 46.32107126770278, 66.33283447126045, 337.86349709223396, 21.538759823425153
9.50950950950951, 46.47190422467166, 67.22319390374645, 335.41252528407927, 21.591118904072026
9.55955955955956, 46.61139801351126, 68.09953309593178, 332.98307569723954, 21.64352437484326
9.60960960960961, 46.740111986163875, 68.96182410799662, 330.5752671107756, 21.695968746605406
9.65965965965966, 46.85858030787382, 69.81005129366842, 328.18919367317267, 21.748444843215985
9.70970970970971, 46.96731385614399, 70.64421246187764, 325.8249265222697, 21.80094578798396
9.759759759759762, 47.06680160159364, 71.46431936220408, 323.48251529291804, 21.853464991273093
9.809809809809812, 47.157511785502805, 72.27039789827319, 321.16198955707114, 21.905996138723047
9.85985985985986, 47.23989257593782, 73.06248763709802, 318.86336009910787, 21.958533180974268
9.90990990990991, 47.31437294141204, 73.84064156852322, 316.5866201888888, 22.011070323167974
9.95995995995996, 47.381363225994136, 74.60492546472489, 314.33174676194886, 22.06360201530327
10.01001001001001, 47.441255745951764, 75.35541720544181, 312.09870148516904, 22.116122943233716
10.06006006006006, 47.49442540901074, 76.09220617728495, 309.8874318787798, 22.168628019316824
10.11011011011011, 47.54123018989316, 76.81539242620546, 307.6978722332204, 22.221112374407273
10.16016016016016, 47.58201170719362, 77.52508597687167, 305.52994459735453, 22.273571349315386
10.210210210210212, 47.617095725544814, 78.2214060330977, 303.3835596347072, 22.326000487111994
10.260260260260262, 47.646792678078526, 78.9044802407206, 301.2586173556388, 22.37839552612066
10.310310310310312, 47.67139821859259, 79.57444394366941, 299.15500825460316, 22.430752390555305
10.360360360360362, 47.69119373658646, 80.23143945771038, 297.0726140196913, 22.483067183659465
10.41041041041041, 47.706446815945846, 80.87561545187172, 295.0113074886018, 22.53533618526461
10.46046046046046, 47.717411820169325, 81.50712609947189, 292.9709542771393, 22.587555839540833
10.51051051051051, 47.72433039258525, 82.12613048153484, 290.951413215683, 22.639722749751012
10.56056056056056, 47.727431926586746, 82.73279234234377, 288.95253619108, 22.69183367653368
10.61061061061061, 47.72693412723813, 83.32727897292808, 286.9741696674376, 22.7438855262411
10.66066066066066, 47.72304348715197, 83.90976082532136, 285.0161549575147, 22.79587534674658
10.710710710710712, 47.71595569775383, 84.48041148905915, 283.0783281068995, 22.847800325701908
10.760760760760762, 47.705856253271456, 85.03940649223406, 281.1605212124306, 22.899657779885146
10.810810810810812, 47.69292086432681, 85.58692310603007, 279.26256257952286, 22.95144515185643
10.860860860860862, 47.677315786974944, 86.12314040753007, 277.3842766539791, 23.003160008161704
10.91091091091091, 47.65919847846017, 86.64823813483936, 275.5254851499148, 23.05480002965529
10.96096096096096, 47.63871792513861, 87.16239664258434, 273.68600711708785, 23.10636300891869
11.01101101101101, 47.616014914338436, 87.66579695728382, 271.86565893529144, 23.157846848262718
11.06106106106106, 47.59122269762652, 88.15861980015235, 270.0642552297073, 23.20924955126407
11.11111111111111, 47.564467252847834, 88.64104558763175, 268.2816089270432, 23.26056922044418
11.161161161161163, 47.53586749643363, 89.1132545046796, 266.51753125553023, 23.31180405542151
11.211211211211213, 47.50553590353599, 89.57542575251803, 264.77183244330206, 23.362952345820666
11.261261261261263, 47.473578762253425, 90.02773751561845, 263.04432181031837, 23.41401246877281
11.311311311311313, 47.44009639743848, 90.47036682110773, 261.33480796842264, 23.46498288590719
11.361361361361363, 47.405183532348474, 90.90348943103474, 259.643098960152, 23.51586214024249
11.411411411411413, 47.36892954760408, 91.32727978427732, 257.9690023715427, 23.566648853557574
11.461461461461461, 47.33141890837444, 91.74191042053764, 256.31232589444176, 23.617341720778597
11.511511511511511, 47.29273140660853, 92.14755194422865, 254.6728774198574, 23.66793950752607
11.561561561561561, 47.25294229791586, 92.54437327316514, 253.05046488501466, 23.718441049351785
11.611611611611611, 47.212122609690404, 92.93254133685048, 251.44489659795465, 23.768845247808756
11.661661661661663, 47.17033941419663, 93.31222080441016, 249.85598153768376, 23.81915106674308
11.711711711711713, 47.1276559862772, 93.68357427506476, 248.28352925154908, 23.869357531254888
11.761761761761763, 47.08413202565556, 94.0467621450432, 246.72735003375885, 23.919463724861664
11.811811811811813, 47.03982388760239, 94.40194245288166, 245.1872551074493, 23.969468786721198
11.861861861861863, 46.99478473885078, 94.74927091551193, 243.66305666534845, 24.019371909742432
11.911911911911913, 46.94906472571049, 95.08890090690525, 242.15456795025472, 24.069172338503844
11.961961961961963, 46.90271118666827, 95.42098336377886, 240.6616033815019, 24.11886936689195
12.012012012012011, 46.855768819317724, 95.74566675517555, 239.18397863591116, 24.168462336083188
12.062062062062061, 46.8082797864461, 96.06309712933611, 237.72151067545548, 24.217950632935047
12.112112112112113, 46.76028387674657, 96.37341807240846, 236.27401783254854, 24.267333688005348
12.162162162162163, 46.71181864701826, 96.67677065899592, 234.8413199056798, 24.316610973543597
12.212212212212213, 46.66291953090105, 96.97329351151244, 233.42323816252005, 24.365782002136758
12.262262262262263, 46.61361995637618, 97.26312279571674, 232.01959539520215, 24.41484632503847
12.312312312312313, 46.563951496423904, 97.54639218160781, 230.630215996427, 24.463803530352163
12.362362362362363, 46.5139439526498, 97.8232328812951, 229.25492597875683, 24.512653241681324
12.412412412412413, 46.46362544524695, 98.0937736755355, 227.8935529998732, 24.561395116759815
12.462462462462463, 46.41302252827189, 98.35814090871918, 226.54592640967238, 24.610028845926596
12.512512512512513, 46.362160271480654, 98.61645851713769, 225.2118772700392, 24.658554150852773
12.562562562562562, 46.31106233526739, 98.86884806155072, 223.89123836957106, 24.70697078333435
12.612612612612613, 46.259751064745934, 99.11542873158592, 222.58384426012975, 24.755278523929107
12.662662662662663, 46.208247560638355, 99.35631737568026, 221.28953127055195, 24.80347718080439
12.712712712712714, 46.1565717374652, 99.59162854333879, 220.00813750849946, 24.851566588705587
12.762762762762764, 46.10474240662898, 99.82147449916859, 218.73950288402335, 24.89954660775474
12.812812812812814, 46.05277734124591, 100.04596525185497, 217.48346911938918, 24.94741712239371
12.862862862862864, 46.000693318527546, 100.26520859912422, 216.23987974460212, 24.99517804048459
12.912912912912914, 45.948506185898836, 100.47931015047699, 215.0085801105142, 25.04282929226088
12.962962962962964, 45.896230916779054, 100.68837335637367, 213.78941739524748, 25.090370829361998
13.013013013013014, 45.84388164757488, 100.89249955403687, 212.5822405932532, 25.13780262404864
13.063063063063064, 45.79147173160409, 101.09178799505898, 211.38690052067807, 25.18512466828099
13.113113113113114, 45.739013790422284, 101.28633587429681, 210.2032498181591, 25.23233697283684
13.163163163163164, 45.68651974008387, 101.4762383762055, 209.03114293587328, 25.27943956662885
13.213213213213214, 45.634000836878485, 101.66158870528925, 207.8704361328879, 25.326432495886735
13.263263263263264, 45.58146771948727, 101.84247811611804, 206.72098747465, 25.373315823392552
13.313313313313314, 45.52893043609139, 102.01899595676747, 205.58265681895224, 25.420089627809766
13.363363363363364, 45.476398476363244, 102.19122970153065, 204.4553058075208, 25.46675400302974
13.413413413413414, 45.423880812053774, 102.35926498017047, 203.33879786404702, 25.51330905741915
13.463463463463464, 45.371385909754444, 102.52318562490736, 202.23299816967926, 25.559754913335937
13.513513513513514, 45.318921761084006, 102.68307370457487, 201.1377736534098, 25.60609170648668
13.563563563563564, 45.26649591602178, 102.83900954843736, 200.05299298730222, 25.652319585325777
13.613613613613614, 45.21411551212033, 102.99107177747233, 198.97852657700878, 25.69843871045328
13.663663663663664, 45.16178729254227, 103.13933735737042, 197.91424653911653, 25.744449253995768
13.713713713713714, 45.109517635444504, 103.28388162618238, 196.8600266929787, 25.790351399029795
13.763763763763764, 45.05731253532839, 103.42477831447356, 195.81574252988565, 25.836145339708267
13.813813813813814, 45.00517765248928, 103.5620995883806, 194.78127121022752, 25.88183128029579
13.863863863863864, 44.953118350539704, 103.69591608865889, 193.7564915557538, 25.927409434395095
13.913913913913914, 44.90113970031028, 103.82629695880803, 192.74128402792064, 25.972880024710086
13.963963963963964, 44.8492464405833, 103.95330986097552, 191.73553068794521, 26.018243283488395
14.014014014014016, 44.79744305927446, 104.07702102721856, 190.73911520760177, 26.0634994510613
14.064064064064066, 44.7457338041099, 104.19749529006859, 189.7519228503156, 26.1086487754974
14.114114114114114, 44.69412267817744, 104.31479610503378, 188.7738404465689, 26.15369151253838
14.164164164164164, 44.64261342363522, 104.42898556574056, 187.80475636505105, 26.198627925768204
14.214214214214214, 44.59120958814311, 104.54012446106418, 186.84456051531527, 26.243458285264374
14.264264264264265, 44.539914523561066, 104.648272297877, 185.89314432464036, 26.288182867492075
14.314314314314315, 44.48873137088458, 104.75348731436192, 184.95040071309057, 26.332801955441553
14.364364364364365, 44.43766307144623, 104.85582650876418, 184.01622407562132, 26.37731583829149
14.414414414414415, 44.386712408657296, 104.95534568620401, 183.090510272222, 26.42172481052175
14.464464464464465, 44.3358820048277, 105.05209947842773, 182.17315660643848, 26.46602917184097
14.514514514514516, 44.285174294711375, 105.14614134072664, 181.26406180145702, 26.51022922762328
14.564564564564566, 44.23459157042607, 105.23752360870438, 180.36312598780034, 26.554325287884076
14.614614614614615, 44.184135997273735, 105.32629753064381, 179.47025068628943, 26.598317666851422
14.664664664664665, 44.133809615736006, 105.4125132882819, 178.58533878875616, 26.642206682820436
14.714714714714717, 44.08361434064773, 105.49622001393254, 177.70829453928982, 26.685992658072824
14.764764764764765, 44.03355190534006, 105.57746575532421, 176.83902351127395, 26.72967591995828
14.814814814814817, 43.98362395359915, 105.65629758088015, 175.9774325957298, 26.77325679885513
14.864864864864865, 43.93383203094496, 105.73276158934047, 175.12342998195876, 26.816735628256524
14.914914914914917, 43.88417758507154, 105.8069029280888, 174.27692513888545, 26.86011274466328
14.964964964964965, 43.83466195804175, 105.87876579683612, 173.43782879925772, 26.903388487714032
15.015015015015017, 43.78528636422825, 105.94839343160518, 172.60605294590883, 26.94656320067359
15.065065065065065, 43.73605195105182, 106.01582820314434, 171.7815107860373, 26.989637228840785
15.115115115115117, 43.68695978595929, 106.08111161340162, 170.96411673616132, 27.03261091980977
15.165165165165165, 43.63801086123263, 106.14428431664182, 170.153786404493, 27.07548462328321
15.215215215215215, 43.58920607811494, 106.20538610474938, 169.35043658124388, 27.118258691461648
15.265265265265267, 43.540546249185525, 106.264455923721, 168.55398522221262, 27.16093347892772
15.315315315315315, 43.49203213429804, 106.32153194752183, 167.76435142001628, 27.20350934160135
15.365365365365367, 43.443664430681565, 106.37665157360053, 166.98145539219618, 27.245986636963686
15.415415415415415, 43.395443777135114, 106.4298514424835, 166.2052184642618, 27.288365723889868
15.465465465465467, 43.34737073069124, 106.48116740999195, 165.43556306810288, 27.330646963197562
15.515515515515515, 43.29944578950491, 106.53063459900696, 164.67241271460236, 27.37283071699361
15.565565565565567, 43.25166940707723, 106.5782874363231, 163.91569197108464, 27.414917348245986
15.615615615615615, 43.20404198730458, 106.62415965650453, 163.16532644946676, 27.456907220854262
15.665665665665667, 43.15656388616878, 106.66828431528165, 162.42124279173038, 27.49880069956575
15.715715715715717, 43.10923539670973, 106.71069375817208, 161.68336867343905, 27.54059815048098
15.765765765765765, 43.062056772400865, 106.751419691958, 160.95163276580325, 27.582299940205232
15.815815815815817, 43.015028228325676, 106.79049319670708, 160.22596472170682, 27.623906435782704
15.865865865865866, 42.96814994120539, 106.82794473471601, 159.50629516297394, 27.665418004671228
15.915915915915917, 42.92142204816688, 106.86380415527293, 158.79255567027442, 27.706835014762095
15.965965965965966, 42.874844636390264, 106.89810067322048, 158.0846787856804, 27.74815783472291
16.016016016016017, 42.82841776563218, 106.93086294195794, 157.38259796962024, 27.789386833175932
16.066066066066064, 42.78214146457635, 106.96211905125914, 156.68624759413743, 27.830522378803476
16.116116116116117, 42.73601573217247, 106.99189653942044, 155.99556292922964, 27.87156484027668
16.166166166166168, 42.69004053386046, 107.02022238948048, 155.31048013822382, 27.912514586367088
16.216216216216218, 42.644215796647856, 107.04712302191373, 154.63093627510702, 27.9533719860992
16.266266266266268, 42.59854142712601, 107.07262435786711, 153.95686924273213, 27.994137408084093
16.316316316316318, 42.553017306872206, 107.09675181285195, 153.28821778959528, 28.034811220660373
16.366366366366368, 42.50764329401052, 107.11953030937566, 152.62492149610821, 28.075393791815245
16.416416416416418, 42.46241921887989, 107.14098426458787, 151.9669207762948, 28.115885489370758
16.466466466466468, 42.41734488560724, 107.16113760270682, 151.314156864233, 28.156286680906366
16.516516516516518, 42.372420081148874, 107.18001379878518, 150.66657178120485, 28.19659773334811
16.566566566566568, 42.32764457297646, 107.19763587482475, 150.02410833217937, 28.236819013064725
16.616616616616618, 42.283018110395474, 107.21402641111536, 149.38671009295962, 28.276950885801515
16.666666666666668, 42.238540419025924, 107.22920752789966, 148.75432141750585, 28.316993716914094
16.716716716716718, 42.19421120632985, 107.2432009149793, 148.1268874126614, 28.35694787111767
16.766766766766768, 42.15003016587594, 107.25602785584017, 147.50435391660565, 28.396813712291635
16.816816816816818, 42.10599697616825, 107.26770922818706, 146.88666749334644, 28.436591603522665
16.866866866866868, 42.06211130136046, 107.27826551244776, 146.2737754219192, 28.476281907066003
16.916916916916918, 42.01837278622885, 107.28771677253718, 145.66562570609813, 28.515884984571475
16.966966966966968, 41.97478106311389, 107.2960826944512, 145.0621670413445, 28.555401196757728
17.017017017017018, 41.93133575304578, 107.30338259675881, 144.46334880253463, 28.59483090335461
17.067067067067065, 41.88803646544518, 107.309635434209, 143.86912103678017, 28.634174463111194
17.117117117117118, 41.84488279829785, 107.31485980274783, 143.27943445543607, 28.673432233787743
17.167167167167168, 41.80187433480563, 107.31907392328044, 142.69424044293584, 28.71260457233755
17.217217217217218, 41.75901064952875, 107.32229568268292, 142.11349102030383, 28.751691834577205
17.26726726726727, 41.716291308049854, 107.3245426357387, 141.5371388396023, 28.79069437520604
17.31731731731732, 41.67371586722569, 107.32583201061962, 140.9651371755725, 28.829612547793904
17.36736736736737, 41.63128387475437, 107.32618071001221, 140.39743992113856, 28.868446704804736
17.41741741741742, 41.588994866991975, 107.32560530134646, 139.8340015921607, 28.907197197712808
17.46746746746747, 41.546848374379096, 107.32412205439564, 139.2747772919844, 28.945864376716038
17.51751751751752, 41.50484392045911, 107.32174693898587, 138.7197227098448, 28.984448590788578
17.56756756756757, 41.46298102229451, 107.31849563140756, 138.16879411188495, 29.022950187659458
17.61761761761762, 41.42125918955516, 107.31438351132867, 137.62194834078574, 29.061369513867014
17.66766766766767, 41.37967792391608, 107.30942566088811, 137.07914281343167, 29.09970691479584
17.71771771771772, 41.33823672283401, 107.30363689463066, 136.54033549080248, 29.137962734465727
17.76776776776777, 41.29693507864101, 107.29703175645753, 136.00548487756913, 29.176137315585816
17.81781781781782, 41.25577247899421, 107.28962452612652, 135.47455001309058, 29.214230999531956
17.86786786786787, 41.214748405619744, 107.2814292118834, 134.94749047559787, 29.252244126429304
17.91791791791792, 41.173862335140456, 107.27245956000058, 134.42426637031303, 29.290177035106538
17.96796796796797, 41.133113741086234, 107.26272907391098, 133.90483830845082, 29.328030062977206
18.01801801801802, 41.09250209341022, 107.2522510131058, 133.3891674054483, 29.365803546074737
18.06806806806807, 41.05202685882437, 107.24103839865731, 132.87721527292388, 29.403497819036957
18.11811811811812, 41.01168749937073, 107.22910400369486, 132.3689440257077, 29.441113215198982
18.16816816816817, 40.971483474099706, 107.2164603703791, 131.86431626232988, 29.478650066495263
18.21821821821822, 40.9314142399314, 107.2031198199087, 131.36329505248816, 29.51610870341181
18.26826826826827, 40.89147925145837, 107.18909445349912, 130.86584393355804, 29.553489455003458
18.31831831831832, 40.85167796111662, 107.17439615635179, 130.37192690417476, 29.590792648888986
18.36836836836837, 40.81200981796978, 107.15903658835967, 129.8815084317387, 29.628018611336397
18.41841841841842, 40.772474269601894, 107.1430272045434, 129.39455342871068, 29.66516766714618
18.46846846846847, 40.73307076228091, 107.12637925894869, 128.91102724626867, 29.702240139646932
18.518518518518523, 40.693798740961114, 107.1091038070036, 128.43089566958201, 29.739236350701464
18.56856856856857, 40.654657649287174, 107.09121170764224, 127.9541249134578, 29.776156620713447
18.61861861861862, 40.61564692872062, 107.07271361617896, 127.4806816281388, 29.81300126869325
18.66866866866867, 40.57676602029986, 107.0536200049439, 127.01053287463324, 29.84977061214608
18.71871871871872, 40.53801436446909, 107.03394116356222, 126.5436461223854, 29.886464967090415
18.76876876876877, 40.49939140118087, 107.01368720211676, 126.07998924378226, 29.92308464805798
18.81881881881882, 40.46089656945944, 106.99286804714565, 125.61953051695949, 29.959629968136337
18.86886886886887, 40.42252930678833, 106.97149343538385, 125.1622386312023, 29.996101239025013
18.91891891891892, 40.384289051653795, 106.94957294800538, 124.7080826457673, 30.032498770848342
18.96896896896897, 40.34617524273225, 106.92711600179565, 124.25703199823823, 30.068822872227035
19.01901901901902, 40.308187319023304, 106.90413185246035, 123.80905649892335, 30.10507385027683
19.069069069069073, 40.27032472004381, 106.88062959871674, 123.36412632435353, 30.141252010602457
19.11911911911912, 40.232586886021934, 106.85661818638495, 122.92221201077997, 30.177357657291598
19.16916916916917, 40.194973258091196, 106.83210641247929, 122.48328444767185, 30.21339109290885
19.21921921921922, 40.157483276268195, 106.80710290525865, 122.04731489956283, 30.249352618627373
19.26926926926927, 40.12011637643306, 106.78161609345905, 121.61427504065273, 30.285242534422565
19.31931931931932, 40.082871999067926, 106.75565430306834, 121.18413683901643, 30.321061138535075
19.36936936936937, 40.045749585799925, 106.72922572181379, 120.75687259680055, 30.35680872769165
19.41941941941942, 40.00874857928563, 106.7023383998949, 120.33245494768211, 30.392485597118306
19.46946946946947, 39.97186842334775, 106.67500025345265, 119.91085685109928, 30.428092040537884
19.519519519519523, 39.93510856311189, 106.64721906803919, 119.49205158648262, 30.46362835016754
19.56956956956957, 39.89846844514324, 106.61900250208713, 119.07601274748612, 30.499094816716262
19.619619619619623, 39.86194751605249, 106.59035806989833, 118.66271426187322, 30.534491729489513
19.66966966966967, 39.82554522012263, 106.56129311153202, 118.25213042781357, 30.569819376562258
19.71971971971972, 39.78926100574438, 106.53181488054635, 117.84423580255091, 30.60507804433595
19.76976976976977, 39.75309432293026, 106.50193051237841, 117.43900524058886, 30.640268017719468
19.81981981981982, 39.71704462320083, 106.47164702446315, 117.03641389211892, 30.6753895801442
19.86986986986987, 39.68111135967971, 106.44097131914444, 116.63643719795112, 30.71044301356442
19.91991991991992, 39.6452939871886, 106.40991018658637, 116.2390508844441, 30.745428598457803
19.969969969969974, 39.609591962342215, 106.37847030768441, 115.84423095843569, 30.780346613825785
20.02002002002002, 39.57400474312591, 106.34665824066828, 115.45195372356385, 30.815197337266742
20.070070070070074, 39.5385317880375, 106.31448039397107, 115.06219581460083, 30.849981045110223
20.12012012012012, 39.503172558453095, 106.2819431007142, 114.67493409850563, 30.884698012098518
20.170170170170174, 39.46792651780153, 106.2490525926029, 114.2901457074118, 30.919348511516393
20.22022022022022, 39.43279313156052, 106.2158149997234, 113.90780803764257, 30.953932815205363
20.27027027027027, 39.39777186733683, 106.18223635298506, 113.52789874525637, 30.98845119356627
20.32032032032032, 39.362862194946324, 106.14832258656247, 113.15039574159245, 31.022903915561766
20.37037037037037, 39.328063586494125, 106.11407954033766, 112.77527718881642, 31.057291248718887
20.420420420420424, 39.29337551520366, 106.07951294983938, 112.40252151310416, 31.091613459182213
20.47047047047047, 39.25879745292141, 106.04462842294771, 112.03210743649713, 31.12587081182072
20.520520520520524, 39.22432887605015, 106.00943150083116, 111.66401388992544, 31.160063569993255
20.57057057057057, 39.189969263321316, 105.97392763732518, 111.29822004129097, 31.194191995644534
20.620620620620624, 39.155718095596995, 105.93812219859599, 110.93470529493233, 31.228256349318922
20.67067067067067, 39.12157485591216, 105.90202046520268, 110.57344928770661, 31.262256890164515
20.720720720720724, 39.08753902951665, 105.86562763415951, 110.21443188507087, 31.29619387593721
20.77077077077077, 39.053610103917336, 105.82894882099805, 109.85763317716378, 31.33006756300474
20.82082082082082, 39.019787568436335, 105.79198905193235, 109.50303348943382, 31.363878206383365
20.87087087087087, 38.986070913144836, 105.75475324325225, 109.15061341203965, 31.397626059816513
20.92092092092092, 38.95245963131754, 105.7172462527288, 108.80035372340713, 31.431311375616485
20.970970970970974, 38.91895321855085, 105.67947286277793, 108.4522354140879, 31.46493440473067
21.02102102102102, 38.88555117268016, 105.64143777997, 108.10623968659296, 31.49849539675407
21.071071071071074, 38.852252993806374, 105.6031456367737, 107.762347951942, 31.531994599934407
21.12112112112112, 38.81905818432245, 105.56460099330008, 107.42054182621277, 31.565432261177218
21.171171171171174, 38.78596624893994, 105.52580833904645, 107.08080312709022, 31.598808626050985
21.22122122122122, 38.75297669467673, 105.48677208628519, 106.74311388314966, 31.63212393881372
21.27127127127127, 38.72008903078695, 105.44749655102113, 106.40745636208467, 31.66537844247155
21.32132132132132, 38.687302768995075, 105.40798599940005, 106.07381299918735, 31.698572378668977
21.37137137137137, 38.65461742344441, 105.36824463265249, 105.74216641950147, 31.7317059877372
21.421421421421424, 38.622032510712096, 105.32827658636458, 105.41249943814057, 31.764779508705594
21.47147147147147, 38.58954754983457, 105.28808593197722, 105.08479505721057, 31.797793179307433
21.521521521521525, 38.55716206233293, 105.247676678285, 104.75903646273254, 31.830747235985665
21.57157157157157, 38.52487557223832, 105.20705277293513, 104.43520702156543, 31.863641913898647
21.621621621621625, 38.4926876060589, 105.16621810316653, 104.11329027955942, 31.896477446927495
21.67167167167167, 38.460597690690385, 105.12517646981905, 103.7932700029966, 31.929254067739603
21.721721721721725, 38.428605355647804, 105.08393161751168, 103.47513012906937, 31.961972007734122
21.77177177177177, 38.39671013359856, 105.04248724274021, 103.15885475211702, 31.994631497033822
21.82182182182182, 38.36491155956845, 105.0008469847258, 102.8444281377961, 32.027232764513236
21.871871871871875, 38.33320917094835, 104.95901442667027, 102.53183472039781, 32.0597760378049
21.92192192192192, 38.30160250750085, 104.91699309701137, 102.22105910016528, 32.09226154330563
21.971971971971975, 38.270091111366916, 104.87478647067816, 101.91208604061092, 32.1246895061828
22.02202202202202, 38.238674527072526, 104.83239797034618, 101.60490046583381, 32.15706015038052
22.072072072072075, 38.20735230132887, 104.78983095853418, 101.29948747326313, 32.18937369863779
22.12212212212212, 38.17612398279874, 104.74708872820166, 100.99583234892708, 32.22163037250836
22.172172172172175, 38.144989122832655, 104.70417453636226, 100.69392051026779, 32.25383039232543
22.22222222222222, 38.113947275149144, 104.66109159086214, 100.393737527843, 32.28597397722653
22.272272272272275, 38.08299799581892, 104.61784305063826, 100.09526912432261, 32.31806134516104
22.322322322322325, 38.05214084326726, 104.57443202678338, 99.79850117212644, 32.350092712896696
22.37237237237237, 38.02137537827635, 104.53086158361145, 99.50341969106162, 32.382068296026105
22.422422422422425, 37.9907011639877, 104.48713473972255, 99.21001084596034, 32.413988308973245
22.47247247247247, 37.96011776591374, 104.44325446778191, 98.91826094654786, 32.445852965000576
22.522522522522525, 37.9296247520793, 104.39922367634772, 98.628156478438, 32.477662476224864
22.57257257257257, 37.899221692845806, 104.35504523557884, 98.3396840580401, 32.50941705361177
22.622622622622625, 37.86890816092231, 104.31072197710719, 98.05283043226459, 32.54111690698291
22.67267267267267, 37.838683731406746, 104.26625668972217, 97.76758248549122, 32.57276224502497
22.722722722722725, 37.80854798178944, 104.22165212027184, 97.48392723749073, 32.6043532752963
22.772772772772772, 37.77850049195671, 104.17691097456434, 97.2018518413467, 32.63589020423348
22.822822822822825, 37.74854084419441, 104.13203591826903, 96.92134358137709, 32.66737323715793
22.872872872872875, 37.71866862319144, 104.08702957781796, 96.64238987105618, 32.69880257828244
22.922922922922922, 37.68888341529031, 104.04189453273224, 96.3649782668941, 32.73017843071682
22.972972972972975, 37.65918480828697, 103.9966333142038, 96.08909647067556, 32.76150099647416
23.023023023023022, 37.62957239311544, 103.95124842513903, 95.81473229175702, 32.7927704764797
23.073073073073076, 37.60004576297214, 103.90574233104881, 95.54187366361946, 32.82398707057617
23.123123123123122, 37.570604513294185, 103.86011746066157, 95.27050864232685, 32.8551509775304
23.173173173173176, 37.541248241751326, 103.81437620669236, 95.00062540469371, 32.88626239503985
23.223223223223222, 37.51197654823786, 103.76852092661228, 94.73221224645253, 32.9173215197392
23.273273273273276, 37.48278903486461, 103.72255394341757, 94.46525758042124, 32.94832854720691
23.323323323323326, 37.45368530595967, 103.67647754471449, 94.19974993784862, 32.97928367197007
23.373373373373376, 37.42466496812758, 103.63029397057521, 93.93567799094355, 33.01018708749765
23.423423423423426, 37.395727630139575, 103.58400543383861, 93.67303051419482, 33.04103898622716
23.473473473473472, 37.36687290294634, 103.53761411688836, 93.41179639006863, 33.071839559567145
23.523523523523526, 37.33810039968378, 103.49112216976802, 93.1519646121827, 33.10258899790104
23.573573573573572, 37.309409735665554, 103.44453171083701, 92.89352428368788, 33.13328749059353
23.623623623623626, 37.28080052837564, 103.39784482742647, 92.63646461564936, 33.163935225997086
23.673673673673672, 37.25227239746087, 103.35106357649505, 92.38077492542823, 33.19453239145841
23.723723723723726, 37.22382496472346, 103.30418998528488, 92.12644463506271, 33.225079173324815
23.773773773773776, 37.19545785431714, 103.25722604212261, 91.87346328891107, 33.2555757569328
23.823823823823826, 37.167170692646465, 103.21017370158798, 91.62182054321264, 33.28602232662268
23.873873873873876, 37.13896310810604, 103.1630348974345, 91.37150614049736, 33.316419065767406
23.923923923923926, 37.11083473124125, 103.11581153510237, 91.12250992388294, 33.34676615676415
23.973973973973976, 37.08278519474233, 103.06850549230113, 90.87482183559916, 33.377063781040654
24.024024024024023, 37.054814133438384, 103.02111861959347, 90.6284319155101, 33.40731211906152
24.074074074074076, 37.026921184291446, 102.97365274097922, 90.3833302996361, 33.437511350334574
24.124124124124123, 36.99910598639048, 102.92610965447909, 90.13950721867597, 33.467661653417125
24.174174174174176, 36.97136818094541, 102.87849113271865, 89.89695299652905, 33.497763205922325
24.224224224224226, 36.94370741128118, 102.83079892351186, 89.6556580488177, 33.52781618452549
24.274274274274276, 36.916123321968755, 102.78303473584619, 89.41561291127488, 33.55782076493334
24.324324324324326, 36.88861555927513, 102.73520024818015, 89.17680822248555, 33.587777121909916
24.374374374374376, 36.861183772131874, 102.68729712551165, 88.93923468868667, 33.617685429324744
24.424424424424426, 36.83382761145809, 102.63932700861028, 88.7028831055113, 33.64754586013031
24.474474474474476, 36.806546730148355, 102.5912915144979, 88.46774435672202, 33.67735858636817
24.524524524524526, 36.77934078306065, 102.54319223692939, 88.23380941294388, 33.70712377917496
24.574574574574573, 36.752209427004296, 102.4950307468732, 88.00106933039798, 33.73684160878845
24.624624624624627, 36.72515232072787, 102.4468085929921, 87.76951524963438, 33.766512244553695
24.674674674674673, 36.69816912490716, 102.39852730212381, 87.53913839426558, 33.796135854928934
24.724724724724727, 36.67125950213316, 102.3501883797581, 87.30993006970719, 33.825712607491795
24.774774774774777, 36.64442311712472, 102.30179329942808, 87.08188168541014, 33.85524266890604
24.824824824824827, 36.61765963658296, 102.25334350977931, 86.85498473963297, 33.88472620495097
24.874874874874877, 36.59096872894957, 102.20484044638322, 86.62923079415978, 33.91416338056755
24.924924924924927, 36.564350064559264, 102.1562855240976, 86.40461149024075, 33.94355435983571
24.974974974974977, 36.537803315629276, 102.10768013747142, 86.18111854748629, 33.97289930598015
25.025025025025027, 36.51132815624881, 102.05902566114929, 85.95874376276143, 34.002198381376154
25.075075075075077, 36.484924262368544, 102.01032345027627, 85.73747900908006, 34.0314517475554
25.125125125125123, 36.45859131179007, 101.96157484090244, 85.51731623449932, 34.06065956521166
25.175175175175177, 36.432328984155376, 101.91278115038757, 85.29824746101377, 34.08982199420668
25.225225225225227, 36.406136960936905, 101.86394367779566, 85.08026478347168, 34.11893919357587
25.275275275275277, 36.38001492599116, 101.81506369434112, 84.86336038995128, 34.1480113214869
25.325325325325327, 36.35396256517871, 101.76614245031568, 84.64752654658572, 34.177038535276374
25.375375375375377, 36.32797956583257, 101.71718118469101, 84.43275557661545, 34.20602099149928
25.425425425425427, 36.30206561713743, 101.66818111864328, 84.2190398741242, 34.23495884590215
25.475475475475477, 36.27622041012293, 101.6191434558914, 84.00637190307654, 34.2638522534285
25.525525525525527, 36.250443637656836, 101.57006938303546, 83.794744196355, 34.292701368224336
25.575575575575574, 36.2247349944383, 101.52096006989495, 83.58414935479779, 34.32150634364363
25.625625625625627, 36.19909417699108, 101.47181666984714, 83.37458004623593, 34.35026733225376
25.675675675675677, 36.17352088365679, 101.42264032016531, 83.16602900453083, 34.37898448584103
25.725725725725727, 36.14801481458588, 101.37343214234082, 82.95848902865033, 34.407657955416006
25.775775775775777, 36.122575670658854, 101.3241932345134, 82.75195300046619, 34.43628789117296
25.825825825825827, 36.09720315424231, 101.27492467743636, 82.54641387044299, 34.46487444252811
25.875875875875877, 36.07189697007514, 101.22562754140222, 82.34186464104813, 34.493417758163446
25.925925925925927, 36.04665682456181, 101.17630288141766, 82.13829837803881, 34.521917986002165
25.975975975975977, 36.02148242575862, 101.1269517374903, 81.93570820962114, 34.55037527321382
26.026026026026027, 35.99637348335998, 101.07757513491588, 81.73408732560928, 34.57878976621948
26.076076076076077, 35.971329708684664, 101.02817408456514, 81.53342897658449, 34.60716161069696
26.126126126126128, 35.94635081466213, 100.97874958317094, 81.33372647305436, 34.63549095158596
26.176176176176178, 35.92143651581875, 100.92930261361516, 81.13497318461182, 34.6637779330932
26.226226226226228, 35.89658652826575, 100.87983414519134, 80.93716253915134, 34.692022698697514
26.276276276276278, 35.871800570166776, 100.83034512680048, 80.74028803854732, 34.72022539110559
26.326326326326328, 35.84707836135623, 100.78083649265879, 80.54434324518505, 34.7483861522949
26.376376376376378, 35.82241962296505, 100.73130916789727, 80.34932176874432, 34.77650512355587
26.426426426426428, 35.79782407770439, 100.68176406446571, 80.15521727556866, 34.804582445466544
26.476476476476478, 35.773291449854995, 100.63220208137483, 79.96202348792912, 34.832618257897444
26.526526526526528, 35.748821465256476, 100.5826241049384, 79.76973418328788, 34.860612700016404
26.576576576576578, 35.72441385129667, 100.5330310090153, 79.57834319356213, 34.88856591029349
26.626626626626628, 35.70006833690093, 100.48342365525176, 79.38784440438774, 34.916478026505814
26.676676676676678, 35.675784652521465, 100.43380289332322, 79.19823175438287, 34.94434918574242
26.726726726726728, 35.65156253012981, 100.38416956114168, 79.0094992344958, 34.97217952440886
26.776776776776778, 35.62740170380708, 100.33452447838617, 78.82164090336025, 34.999969178177565
26.826826826826828, 35.60330190922127, 100.28486845246361, 78.63465087284769, 35.02771828203917
26.876876876876878, 35.579262883219435, 100.23520228318554, 78.44852329669858, 35.05542697034332
26.926926926926928, 35.55528436417553, 100.1855267590067, 78.26325237938498, 35.083095376771055
26.976976976976978, 35.53136609198261, 100.13584265723473, 78.07883237545191, 35.11072363433941
27.027027027027028, 35.507507808045105, 100.08615074423992, 77.89525758885878, 35.138311875406025
27.077077077077078, 35.483709255270966, 100.03645177566493, 77.71252237232085, 35.16586023167374
27.127127127127128, 35.45997017806396, 99.98674649663432, 77.53062112665059, 35.19336883419519
27.177177177177178, 35.43629032231585, 99.93703564196454, 77.34954830009916, 35.220837813377386
27.227227227227228, 35.41266943539863, 99.8873199363733, 77.16929838769772, 35.24826729898637
27.27727727727728, 35.38910726613297, 99.83760009447174, 76.98986593116709, 35.27565742014967
27.32732732732733, 35.36560356389593, 99.78787681287574, 76.81124553937576, 35.30300830528344
27.37737737737738, 35.34215807962766, 99.73815077970383, 76.63343186346181, 35.330320082185914
27.42742742742743, 35.31877056601585, 99.6884226765472, 76.45641959158391, 35.357592878058895
27.47747747747748, 35.295440777118706, 99.63869317529816, 76.28020345707978, 35.38482681947996
27.52752752752753, 35.27216846835332, 99.58896293832474, 76.10477823789896, 35.41202203240673
27.577577577577582, 35.24895339648405, 99.53923261864543, 75.93013875603557, 35.43917864218116
27.62762762762763, 35.22579531961095, 99.4895028601039, 75.75627987696112, 35.46629677353377
27.67767767767768, 35.202693997158136, 99.43977429754351, 75.58319650905709, 35.49337655058793
27.72772772772773, 35.17964918986223, 99.39004755698215, 75.41088360304789, 35.52041809686411
27.77777777777778, 35.15666065976072, 99.34032325578684, 75.23933615143348, 35.54742153528417
27.82782782782783, 35.13372817021784, 99.29060200241726, 75.06854918903949, 35.574386988170986
27.87787787787788, 35.110851486483284, 99.2408843900417, 74.89851780944629, 35.60131457718233
27.92792792792793, 35.08803037488953, 99.1911710058098, 74.72923714084496, 35.6282044234128
27.97797797797798, 35.06526460289492, 99.14146243039764, 74.56070234710151, 35.655056647391234
28.028028028028032, 35.04255393924512, 99.09175923619306, 74.39290863234484, 35.68187136906375
28.07807807807808, 35.01989815396382, 99.04206198744299, 74.22585124047043, 35.70864870779761
28.128128128128132, 34.997297018343566, 98.99237124040064, 74.05952545464417, 35.73538878238524
28.17817817817818, 34.97475030493653, 98.94268754347293, 73.89392659680608, 35.76209171104822
28.22822822822823, 34.952257787545264, 98.8930114373675, 73.72905002717404, 35.78875761144122
28.27827827827828, 34.92981924121353, 98.84334345524029, 73.56489114374773, 35.81538660065596
28.32832832832833, 34.90743444221703, 98.79368412284254, 73.40144538181211, 35.84197879522524
28.37837837837838, 34.88510316814659, 98.74403395795598, 73.23870821531183, 35.86853431111815
28.42842842842843, 34.8628251986148, 98.69439346501875, 73.0766751708517, 35.89505326367651
28.478478478478483, 34.84060031408079, 98.64476314426545, 72.91534180358838, 35.92153576772886
28.52852852852853, 34.818428296096165, 98.59514348990668, 72.75470370190102, 35.94798193757036
28.578578578578583, 34.79630892745655, 98.54553498903633, 72.59475649015033, 35.97439188695155
28.62862862862863, 34.77424199219544, 98.49593812175509, 72.4354958282453, 36.000765729082076
28.678678678678683, 34.75222727557813, 98.44635336129367, 72.27691741120958, 36.02710357663435
28.72872872872873, 34.73026456409555, 98.39678117413634, 72.11901696874814, 36.05340554174724
28.77877877877878, 34.70835364545818, 98.34722202014406, 71.96179026481377, 36.079671736029724
28.82882882882883, 34.68649430858992, 98.29767635267807, 71.8052330971737, 36.105902270564606
28.87887887887888, 34.664686343621966, 98.24814461872312, 71.64934129697605, 36.13209725591214
28.92892892892893, 34.642929541694954, 98.19862725814875, 71.4941107309167, 36.15825680210112
28.97897897897898, 34.62122369414231, 98.14912470018895, 71.33953731179632, 36.18438101857901
29.029029029029033, 34.599568594049934, 98.09963737060482, 71.18561697685469, 36.21047001431898
29.07907907907908, 34.57796403574806, 98.05016568955078, 71.0323456941449, 36.23652389779045
29.129129129129133, 34.55640981466912, 98.00071007108663, 70.87971946394421, 36.262542776953815
29.17917917917918, 34.53490572733766, 97.95127092328306, 70.72773431837419, 36.28852675926383
29.22922922922923, 34.513451571360285, 97.90184864832729, 70.57638632102078, 36.314475951673046
29.279279279279283, 34.4920471454156, 97.85244364262871, 70.42567156655446, 36.34039046063521
29.32932932932933, 34.47069224924413, 97.80305629692438, 70.27558618035039, 36.36627039210871
29.37937937937938, 34.44938668363824, 97.75368699638469, 70.12612631810846, 36.39211585155996
29.429429429429433, 34.42813025043209, 97.70433612071896, 69.97728816547345, 36.41792694396685
29.479479479479483, 34.40692275266984, 97.65500404309526, 69.82906794098645, 36.443703773803946
29.52952952952953, 34.38576399499492, 97.60569112759019, 69.68146190316546, 36.46944644500522
29.57957957957958, 34.36465378267119, 97.5563977357375, 69.53446633202584, 36.49515506106623
29.629629629629633, 34.343591921960254, 97.50712422405716, 69.38807753593821, 36.520829725008056
29.679679679679683, 34.32257822016208, 97.45787094382428, 69.24229185219473, 36.54647053937554
29.72972972972973, 34.30161248560733, 97.40863824115814, 69.09710564667532, 36.57207760624046
29.77977977977978, 34.28069452764982, 97.3594264571116, 68.95251531351391, 36.597651027204684
29.829829829829833, 34.25982415665889, 97.31023592775998, 68.80851727476477, 36.623190903403355
29.87987987987988, 34.239001184011805, 97.26106698429041, 68.66510798006885, 36.64869733550802
29.92992992992993, 34.218225422086206, 97.211919953091, 68.52228390631997, 36.67417042372985
29.979979979979984, 34.19749668425242, 97.16279515583983, 68.38004155733107, 36.69961026782276
30.030030030030034, 34.176814785108746, 97.11369290820251, 68.23837746750851, 36.72501696706302
30.08008008008008, 34.156179540713744, 97.06461351854522, 68.09728820547967, 36.75039062022913
30.13013013013013, 34.135590767706574, 97.01555729302397, 67.95677035936266, 36.77573132568967
30.180180180180184, 34.11504828371041, 96.96652453331745, 67.81682054321718, 36.801039181366505
30.230230230230234, 34.09455190734934, 96.91751553657556, 67.67743539711589, 36.82631428473561
30.28028028028028, 34.074101458243234, 96.86853059549465, 67.53861158685058, 36.85155673283
30.33033033033033, 34.0536967570025, 96.81956999839272, 67.40034580363859, 36.87676662224266
30.380380380380384, 34.03333762522299, 96.7706340292849, 67.26263476382903, 36.90194404912947
30.43043043043043, 34.01302388548076, 96.72172296795847, 67.12547520860916, 36.927089109212126
30.48048048048048, 33.99275536132697, 96.67283709004833, 66.98886390371057, 36.95220189778109
30.530530530530534, 33.9725318772826, 96.62397666711215, 66.85279763911551, 36.977282509698504
30.580580580580584, 33.95235325843998, 96.57514196527367, 66.71727323362306, 37.002331039371484
30.63063063063063, 33.93221933046244, 96.52633324531578, 66.58228753449487, 37.02734758075542
30.68068068068068, 33.91212992037856, 96.47755076566564, 66.4478374072865, 37.05233222741715
30.730730730730734, 33.89208485612047, 96.42879478080812, 66.31391974119316, 37.07728507250346
30.780780780780784, 33.87208396651108, 96.38006554133354, 66.18053144884996, 37.102206208743475
30.83083083083083, 33.85212708125611, 96.3313632940027, 66.0476694660723, 37.12709572845136
30.880880880880884, 33.83221403093616, 96.28268828181211, 65.91533075159657, 37.151953723529054
30.930930930930934, 33.81234464699879, 96.23404074405929, 65.7835122868207, 37.17678028546899
30.98098098098098, 33.7925187617505, 96.18542091640768, 65.65221107554464, 37.20157550535681
31.03103103103103, 33.77273620834885, 96.13682903095204, 65.52142414371106, 37.22633947387407
31.081081081081084, 33.75299682079483, 96.08826531628186, 65.39114853915079, 37.251072281300985
31.131131131131134, 33.73330043429873, 96.03972999567954, 65.26138133702067, 37.27577401748087
31.18118118118118, 33.71364688501668, 95.9912232884618, 65.13211963564947, 37.30044477184906
31.23123123123123, 33.694036009694656, 95.94274541178291, 65.00336055097516, 37.32508463347111
31.281281281281284, 33.674467645925844, 95.89429657937472, 64.87510122032899, 37.349693691018466
31.331331331331334, 33.65494163214473, 95.84587700160199, 64.7473388022061, 37.37427203277093
31.38138138138138, 33.63545780762103, 95.79748688551777, 64.62007047603588, 37.39881974661925
31.431431431431434, 33.61601601245378, 95.74912643491882, 64.49329344195245, 37.423336920067584
31.481481481481485, 33.5966160875653, 95.7007958504009, 64.36700492056521, 37.447823640236024
31.53153153153153, 33.577257874695235, 95.65249532941417, 64.24120215272916, 37.472279993863154
31.58158158158158, 33.55794121639455, 95.6042250663187, 64.11588239931547, 37.49670606730852
31.631631631631635, 33.538665956027145, 95.55598525240099, 63.991042941103885, 37.52110194655436
31.681681681681685, 33.519431938128, 95.50777607407221, 63.86668108441906, 37.545467717166346
31.73173173173173, 33.500239008000804, 95.45959771494546, 63.742794154515295, 37.569803464341575
31.78178178178178, 33.48108701160271, 95.41145035644784, 63.619379493588504, 37.59410927292351
31.831831831831835, 33.461975795702074, 95.36333417704132, 63.49643446318264, 37.61838522738582
31.881881881881885, 33.44290520787404, 95.31524935226983, 63.37395644398614, 37.64263141183468
31.93193193193193, 33.42387509649616, 95.26719605480639, 63.2519428356283, 37.666847910011136
31.981981981981985, 33.40488531074404, 95.21917445450038, 63.13039105647574, 37.69103480529342
32.032032032032035, 33.385935700587, 95.17118471842451, 63.0092985434289, 37.71519218069931
32.08208208208208, 33.367026116783585, 95.12322701092212, 62.88866275171838, 37.73932011888845
32.13213213213213, 33.348156410877344, 95.07530149365432, 62.76848115470142, 37.763418702164664
32.18218218218219, 33.32932643516405, 95.0274083255531, 62.64875124401149, 37.787488012475784
32.232232232232235, 33.31053604225646, 94.97954766143775, 62.52947053473761, 37.811528131376456
32.28228228228228, 33.291785085677034, 94.93171965404468, 62.410636557761755, 37.83553914008519
32.332332332332335, 33.273073419812725, 94.88392445393886, 62.292246860066314, 37.85952111948292
32.38238238238239, 33.254400899779846, 94.83616220912681, 62.17429900616352, 37.883474150103375
32.432432432432435, 33.23576738141786, 94.78843306509779, 62.05679057791446, 37.90739831213526
32.48248248248248, 33.217172721283205, 94.74073716486484, 61.939719174348184, 37.93129368542442
32.532532532532535, 33.198616776643135, 94.69307464900598, 61.823082411480726, 37.95516034947604
32.58258258258258, 33.1800994054695, 94.64544565570539, 61.706877922134275, 37.97899838345675
32.632632632632635, 33.161620466432566, 94.5978503207944, 61.59110335575615, 38.002807866196854
32.68268268268268, 33.14317981889485, 94.55028877779277, 61.47575637823786, 38.0265888761925
32.732732732732735, 33.124777322954536, 94.50276115775102, 61.36083467239145, 38.050341491602595
32.78278278278278, 33.10641283977653, 94.45526758794138, 61.24633594223384, 38.07406579021556
32.832832832832835, 33.08808623101815, 94.40780819417353, 61.13225790528329, 38.097761849511215
32.88288288288289, 33.06979735896119, 94.36038310028243, 61.018598294208665, 38.1214297466484
32.932932932932935, 33.05154608657676, 94.31299242788486, 60.90535485758961, 38.14506955845968
32.98298298298298, 33.03333227752063, 94.26563629641451, 60.792525359755324, 38.168681361453395
33.033033033033036, 33.01515579612851, 94.21831482315723, 60.68010758062348, 38.19226523181561
33.08308308308309, 32.99701650741139, 94.17102812328604, 60.56809931553908, 38.2158212454122
33.133133133133136, 32.97891427705083, 94.12377630989644, 60.45649837511341, 38.2393494777908
33.18318318318318, 32.96084897139428, 94.07655949404142, 60.34530258506279, 38.26285000418286
33.233233233233236, 32.94282045745036, 94.02937778476665, 60.23450978604752, 38.28632289950563
33.28328328328329, 32.92482860294351, 93.9822312888507, 60.124117834533514, 38.30976823835568
33.333333333333336, 32.906873276501045, 93.93512010988621, 60.01412460593868, 38.333186094983404
33.38338338338338, 32.88895434724213, 93.88804435033632, 59.904527987463574, 38.356576543353334
33.433433433433436, 32.871071684918476, 93.84100411084647, 59.79532588043789, 38.379939657125256
33.48348348348349, 32.853225159938276, 93.7939994901376, 59.68651620065226, 38.40327550965219
33.533533533533536, 32.83541464336241, 93.74703058503623, 59.57809687821382, 38.426584173982185
33.58358358358358, 32.81764000690081, 93.7000974905049, 59.47006585740204, 38.44986572286028
33.633633633633636, 32.799901122908665, 93.65320029967243, 59.36242109652436, 38.473120228730295
33.68368368368368, 32.78219786438278, 93.60633910386417, 59.255160567771924, 38.49634776373675
33.733733733733736, 32.76453010495782, 93.55951399263229, 59.14828225707531, 38.51954839972674
33.78378378378379, 32.74689771890261, 93.51272505378617, 59.04178416396012, 38.54272220825177
33.833833833833836, 32.729300581064614, 93.46597237323078, 58.93566430218617, 38.56586926056298
33.88388388388388, 32.71173856664056, 93.41925603416128, 58.82992070301594, 38.58898962758375
33.933933933933936, 32.69421155160629, 93.3725761186989, 58.72455140851358, 38.61208337996771
33.98398398398399, 32.67671941257557, 93.32593270741226, 58.61955447347902, 38.635150588082865
34.034034034034036, 32.659262026757816, 93.27932587920458, 58.51492796588801, 38.658191322008435
34.08408408408408, 32.64183927195324, 93.23275571134009, 58.41066996676349, 38.681205651536565
34.13413413413413, 32.62445102654819, 93.18622227947053, 58.306778570047214, 38.70419364617411
34.18418418418419, 32.60709716951031, 93.13972565766147, 58.203251882471214, 38.72715537514437
34.234234234234236, 32.58977758038384, 93.09326591841884, 58.100088023429386, 38.75009090738879
34.28428428428428, 32.57249213928479, 93.0468431327152, 57.9972851248489, 38.77300031156873
34.334334334334336, 32.55524072689625, 93.00045737001629, 57.89484133106178, 38.79588365606719
34.38438438438439, 32.53802322450615, 92.95410869815882, 57.79275479921112, 38.818741008985675
34.434434434434436, 32.52083951425108, 92.9077971825086, 57.69102370224544, 38.841572438117296
34.48448448448448, 32.50368947867324, 92.86152288751778, 57.589646223284056, 38.86437801099895
34.53453453453454, 32.4865730008344, 92.81528587633676, 57.488620556979576, 38.8871577948994
34.58458458458458, 32.46948996436008, 92.76908621066944, 57.38794491000488, 38.90991185681541
34.63463463463464, 32.45244025343591, 92.72292395079602, 57.28761750093807, 38.93264026347332
34.68468468468469, 32.43542375280389, 92.67679915559553, 57.18763656014757, 38.95534308133064
34.73473473473474, 32.418440347758775, 92.63071188256859, 57.08800032967723, 38.97802037657773
34.78478478478478, 32.40148992414433, 92.58466218785996, 56.98870706313126, 39.000672215139375
34.83483483483484, 32.3845723683497, 92.53865012628133, 56.889755025559346, 39.02329866267639
34.88488488488489, 32.367687567305694, 92.49267575133382, 56.79114249334168, 39.04589978458725
34.93493493493494, 32.35083540850045, 92.44673911513398, 56.69286775444226, 39.06847564600619
34.98498498498498, 32.334015780128084, 92.40084026767397, 56.59492911119197, 39.09102631177708
35.03503503503504, 32.3172285708369, 92.35497925808595, 56.4973248754533, 39.11355184650021
35.08508508508509, 32.30047366977956, 92.30915613439544, 56.4000533695289, 39.13605231452409
35.13513513513514, 32.283750966643915, 92.26337094337083, 56.30311292670525, 39.15852777994077
35.18518518518518, 32.26706035165005, 92.21762373054277, 56.20650189114972, 39.180978306587356
35.23523523523524, 32.250401715547184, 92.17191454022374, 56.11021861780753, 39.20340395804751
35.28528528528529, 32.233774949610606, 92.12624341552758, 56.01426147229901, 39.22580479765291
35.33533533533534, 32.21717994563867, 92.08061039838893, 55.9186288308164, 39.2481808884848
35.38538538538538, 32.20061659594968, 92.0350155295827, 55.82331908002107, 39.27053229337544
35.43543543543544, 32.184084793378915, 91.98945884874368, 55.72833061694052, 39.29285907490967
35.48548548548549, 32.16758443126068, 91.94394039433197, 55.633661849108236, 39.315161295423955
35.53553553553554, 32.151115403265514, 91.89846020307029, 55.53931119707717, 39.33743901698225
35.585585585585584, 32.13467760363807, 91.85301831084134, 55.44527709037143, 39.35969230141621
35.63563563563564, 32.11827092715746, 91.80761475257404, 55.3515579679823, 39.38192121032082
35.685685685685684, 32.101895269092275, 91.76224956211013, 55.258152278952615, 39.4041258050491
35.73573573573574, 32.08555052519684, 91.71692277222131, 55.16505848228421, 39.42630614671358
35.78578578578579, 32.069236591707536, 91.67163441462635, 55.07227504684563, 39.448462296187635
35.83583583583584, 32.05295336533915, 91.62638452000837, 54.97980045127976, 39.470594314106926
35.885885885885884, 32.0367007432811, 91.5811731180318, 54.887633183911326, 39.492702260870736
35.93593593593594, 32.020478623193796, 91.53600023735972, 54.79577174265464, 39.51478619664341
35.98598598598599, 32.004286903204914, 91.49086590567086, 54.704214634921094, 39.53684618135576
36.03603603603604, 31.98812548191886, 91.44577014963733, 54.61296037768049, 39.55888227470481
36.086086086086084, 31.971994258612856, 91.40071299434078, 54.52200749970224, 39.5808945361309
36.13613613613614, 31.95589313295486, 91.35569446412687, 54.43135453821133, 39.602883024852936
36.18618618618619, 31.9398220050196, 91.31071458256312, 54.341000039026255, 39.624847799867474
36.23623623623624, 31.923780775345705, 91.26577337227306, 54.250942557177105, 39.64678891994261
36.286286286286284, 31.907769344932785, 91.22087085495104, 54.1611806568225, 39.66870644361937
36.33633633633634, 31.891787615238552, 91.17600705137696, 54.07171291116657, 39.69060042921292
36.38638638638639, 31.875835488175927, 91.13118198143098, 53.982537902375945, 39.71247093481393
36.43643643643644, 31.85991286611012, 91.08639566410834, 53.893654221496604, 39.734318018289834
36.486486486486484, 31.84401965185575, 91.04164811753404, 53.805060468370904, 39.756141737286136
36.53653653653654, 31.828155748673943, 90.99693935897758, 53.71675525155451, 39.77794214922774
36.58658658658659, 31.81232106027444, 90.95226940484204, 53.62873718834148, 39.79971931131903
36.63663663663664, 31.796515490923085, 90.90763827010875, 53.54100490707425, 39.8214732805194
36.68668668668669, 31.780738945292043, 90.86304596911049, 53.45355704387628, 39.84320411357889
36.73673673673674, 31.764991328454656, 90.81849251555768, 53.36639224252141, 39.864911867039986
36.786786786786784, 31.74927254592275, 90.77397792234561, 53.27950915522146, 39.886596597229484
36.83683683683684, 31.733582503644044, 90.72950220156767, 53.192906442549905, 39.908258360259836
36.88688688688689, 31.71792110799954, 90.68506536452854, 53.10658277336533, 39.92989721203024
36.93693693693694, 31.702288265800966, 90.6406674217573, 53.0205368247351, 39.95151320822796
36.986986986986985, 31.686683884288133, 90.5963083830207, 52.9347672818588, 39.973106404329506
37.037037037037045, 31.671107871126377, 90.55198825733623, 52.849272837991826, 39.994676855601895
37.08708708708709, 31.655560134403974, 90.50770705298535, 52.76405219436902, 40.01622461710385
37.13713713713714, 31.640040582629513, 90.46346477752667, 52.67910406012811, 40.03774974368704
37.187187187187185, 31.624549124729334, 90.41926143780907, 52.59442715223336, 40.0592522899973
37.23723723723724, 31.609085670020658, 90.37509703978, 52.51002019635416, 40.080732310465244
37.28728728728729, 31.593650128150653, 90.33097158800577, 52.42588192908636, 40.10218985928185
37.33733733733734, 31.57824240923651, 90.28688508688975, 52.3420110922583, 40.12362499046233
37.387387387387385, 31.56286242380586, 90.24283754020443, 52.25840643509739, 40.14503775782229
37.43743743743744, 31.547510082786143, 90.19882895103629, 52.175066714471946, 40.16642821497546
37.48748748748749, 31.532185297501737, 90.15485932179702, 52.09199069482395, 40.18779641533483
37.53753753753754, 31.51688797967116, 90.11092865423468, 52.009177148101664, 40.20914241211373
37.58758758758759, 31.50161804140424, 90.067036949445, 51.92662485369229, 40.230466258326985
37.63763763763764, 31.486375395199286, 90.02318420788251, 51.84433259835474, 40.25176800679205
37.68768768768769, 31.47115995394027, 89.97937042937185, 51.76229917615222, 40.273047710130115
37.73773773773774, 31.45597163089401, 89.9355956131189, 51.68052338838495, 40.29430542076723
37.78778778778779, 31.44081033970732, 89.89185975772205, 51.59900404352282, 40.31554119093546
37.83783783783784, 31.425675994404216, 89.8481628611834, 51.5177399571381, 40.33675507267396
37.887887887887885, 31.41056850952208, 89.80450492046498, 51.43672995382346, 40.35794711780708
37.93793793793794, 31.395487800023492, 89.76088593177937, 51.35597286590547, 40.37911737795966
37.98798798798799, 31.38043378113533, 89.71730589111829, 51.27546753111996, 40.40026590458435
38.03803803803804, 31.365406368460885, 89.67376479388754, 51.195212794185984, 40.421392748943646
38.088088088088085, 31.350405477977528, 89.63026263491673, 51.11520750674562, 40.442497962111
38.138138138138146, 31.33543102603438, 89.58679940846875, 51.03545052730383, 40.463581594971785
38.18818818818819, 31.320482929350025, 89.54337510824939, 50.95594072116836, 40.4846436982244
38.23823823823824, 31.305561105010128, 89.49998972741692, 50.87667696038949, 40.505684322381306
38.288288288288285, 31.290665470465175, 89.45664325859163, 50.79765812369996, 40.52670351777
38.33833833833834, 31.2757959435281, 89.41333569386539, 50.71888309645478, 40.547701334534175
38.38838838838839, 31.260952442372005, 89.37006702481133, 50.64035077057112, 40.56867782263462
38.43843843843844, 31.246134885527816, 89.32683724249327, 50.56206004446806, 40.5896330318504
38.48848848848849, 31.23134319189676, 89.2836463374223, 50.484009823244314, 40.610567011776894
38.53853853853854, 31.216577280893244, 89.2404942990458, 50.40619902094959, 40.631479811798314
38.58858858858859, 31.20183707221133, 89.19738111658594, 50.32862655681162, 40.652371481134224
38.63863863863864, 31.187122485864332, 89.15430677889887, 50.251291355849254, 40.67324206883234
38.68868868868869, 31.17243344222042, 89.11127127434845, 50.17419234942112, 40.69409162376207
38.73873873873874, 31.157769862000688, 89.06827459081437, 50.097328475172084, 40.714920194615544
38.78878878878879, 31.143131666277238, 89.02531671570019, 50.02069867697946, 40.73572782990852
38.83883883883884, 31.128518776471278, 88.98239763594151, 49.94430190489943, 40.75651457798139
38.88888888888889, 31.113931114351182, 88.93951733801416, 49.868137115113385, 40.7772804870001
38.93893893893894, 31.099368602030594, 88.8966758079422, 49.79220326987429, 40.79802560495717
38.988988988988986, 31.08483116196649, 88.85387303130614, 49.71649933745301, 40.81874997967257
39.03903903903905, 31.07031871695729, 88.81110899325097, 49.641024292084644, 40.83945365879478
39.08908908908909, 31.055831190140907, 88.7683836784944, 49.565777113914926, 40.86013668980169
39.13913913913914, 31.04136850494217, 88.72569707117933, 49.49075678980548, 40.88079911999085
39.189189189189186, 31.02693058502076, 88.68304915472834, 49.41596231412952, 40.90144099646977
39.23923923923925, 31.012517354459305, 88.64043991243454, 49.341392685498796, 40.92206236619723
39.28928928928929, 30.998128737670545, 88.59786932719093, 49.26704690825039, 40.94266327596487
39.33933933933934, 30.98376465938986, 88.55533738148151, 49.19292399248672, 40.963243772397036
39.38938938938939, 30.969425044673066, 88.51284405738828, 49.11902295402759, 40.98380390195169
39.43943943943944, 30.955109818894137, 88.4703893365985, 49.045342814362236, 41.004343710921255
39.48948948948949, 30.940818907742944, 88.42797320041169, 48.971882600601305, 41.024863245433544
39.53953953953954, 30.926552237223028, 88.3855956297467, 48.89864134542889, 41.04536255145263
39.58958958958959, 30.91230973364932, 88.34325660514888, 48.82561808705458, 41.065841674779755
39.63963963963964, 30.898091323645914, 88.30095610679712, 48.75281186916545, 41.08630066105419
39.68968968968969, 30.883896934143802, 88.25869411451093, 48.68022174087807, 41.10673955575419
39.73973973973974, 30.86972649238034, 88.21647060775352, 48.60784675670972, 41.127158404197544
39.78978978978979, 30.85557992604558, 88.1742855652796, 48.535685978196454, 41.147557251520546
39.83983983983984, 30.8414571631273, 88.13213896551174, 48.46373847213275, 41.16793614270145
39.88988988988989, 30.827358131840978, 88.09003078671108, 48.392003309763766, 41.18829512257142
39.93993993993995, 30.81328276070712, 88.04796100679229, 48.32047956762942, 41.208634235803636
39.98998998998999, 30.799230978549467, 88.00592960332949, 48.249166327521465, 41.22895352691408
40.04004004004004, 30.78520271449312, 87.96393655356229, 48.178062676440476, 41.24925304026245
40.09009009009009, 30.771197897962818, 87.92198183440179, 48.10716770655283, 41.269532820052895
40.14014014014015, 30.75721645868109, 87.88006542243666, 48.036480515147765, 41.2897929103349
40.190190190190194, 30.743258326666442, 87.83818729393909, 47.966000204594394, 41.31003335500407
40.24024024024024, 30.729323432231574, 87.79634742487085, 47.8957258822987, 41.330254197802994
40.29029029029029, 30.71541170598155, 87.75454579088928, 47.82565666066055, 41.35045548232204
40.34034034034035, 30.701523078812002, 87.71278236735333, 47.755791657030706, 41.3706372520002
40.390390390390394, 30.687657481929424, 87.67105712926308, 47.68612999399667, 41.39079955012143
40.44044044044044, 30.67381484695692, 87.6293700509414, 47.61667080094285, 41.410942419793564
40.490490490490494, 30.659995105721716, 87.58772110667512, 47.547413210868115, 41.43106590399203
40.54054054054054, 30.646198190319176, 87.54611027052252, 47.47835636132396, 41.451170045547265
40.590590590590594, 30.632424033131983, 87.50453751625606, 47.409499394684254, 41.471254887141264
40.64064064064064, 30.61867256682863, 87.46300281736774, 47.34084145810593, 41.491320471308356
40.690690690690694, 30.604943724361792, 87.4215061470743, 47.27238170348969, 41.51136684043602
40.74074074074074, 30.59123743896683, 87.38004747832252, 47.204119287440705, 41.531394036765576
40.790790790790794, 30.57755364416017, 87.33862678379452, 47.136053371229224, 41.55140210239307
40.84084084084085, 30.563892273737796, 87.29724403591301, 47.06818312075126, 41.57139107926995
40.890890890890894, 30.550253261773662, 87.25589920684659, 47.00050770648932, 41.59136100920391
40.94094094094094, 30.536636542618115, 87.214592268515, 46.93302630347304, 41.611311933859625
40.990990990990994, 30.523042050896382, 87.17332319259444, 46.865738091239855, 41.63124389475954
41.04104104104105, 30.509469721506946, 87.13209195052276, 46.79864225379568, 41.65115693328467
41.091091091091094, 30.495919489610237, 87.09089851345361, 46.73173797987622, 41.6710510906711
41.14114114114114, 30.482391290554343, 87.04974285188163, 46.665024465134294, 41.69092640797957
41.19119119119119, 30.4688850600003, 87.00862493631092, 46.598500908214255, 41.71078292615075
41.24124124124125, 30.455400733889807, 86.96754473709939, 46.53216651165536, 41.73062068599282
41.291291291291294, 30.441938248426432, 86.92650222437422, 46.46602048237931, 41.75043972817481
41.34134134134134, 30.428497540073906, 86.88549736803627, 46.40006203165551, 41.77024009322736
41.391391391391394, 30.41507854555441, 86.84453013776465, 46.3342903750665, 41.79002182154339
41.44144144144145, 30.40168120184687, 86.80360050302113, 46.268704732473374, 41.80978495337883
41.491491491491495, 30.388305446185225, 86.7627084330546, 46.20330432798104, 41.82952952885332
41.54154154154154, 30.374951216056715, 86.72185389690561, 46.13808838990368, 41.84925558795093
41.591591591591595, 30.36161844920018, 86.68103686341081, 46.073056150730075, 41.86896317052085
41.64164164164164, 30.348307083604347, 86.64025730120741, 46.00820684708902, 41.888652316278126
41.691691691691695, 30.335017057506096, 86.5995151787377, 45.94353971971466, 41.90832306480434
41.74174174174174, 30.32174830938877, 86.55881046425351, 45.87905401341185, 41.92797545554837
41.791791791791795, 30.308500777993245, 86.51814312579042, 45.81474897717997, 41.94760952782473
41.84184184184184, 30.295274402464415, 86.47751313082294, 45.75062386600921, 41.96722532078755
41.891891891891895, 30.28206912211712, 86.43692044681676, 45.68667793797498, 41.98682287347322
41.94194194194195, 30.26888487647013, 86.39636504114914, 45.62291045464392, 42.006402224794726
41.991991991991995, 30.255721605287125, 86.35584688101267, 45.55932068156731, 42.02596341353454
42.04204204204204, 30.242579248575304, 86.31536593341902, 45.495907888250095, 42.04550647834535
42.092092092092095, 30.229457746583954, 86.2749221652027, 45.43267134812006, 42.06503145775071
42.14214214214215, 30.216357039803047, 86.23451554302481, 45.36961033849679, 42.08453839014567
42.192192192192195, 30.20327706896182, 86.19414603337691, 45.30672414056091, 42.10402731379741
42.24224224224224, 30.19021777502736, 86.15381360258462, 45.24401203932299, 42.123498266845985
42.292292292292295, 30.177179099203194, 86.11351821681154, 45.181473323592755, 42.142951287304896
42.34234234234235, 30.16416098292788, 86.07325984206295, 45.11910728594814, 42.16238641306176
42.392392392392395, 30.151163367873583, 86.03303844418959, 45.056913222704324, 42.181803681878996
42.44244244244244, 30.13818619594466, 85.9928539888914, 44.99489043388286, 42.201203131394465
42.492492492492495, 30.125229409283662, 85.95270644170502, 44.93303822326719, 42.2205847991208
42.54254254254254, 30.112292950412684, 85.91259576769288, 44.87135590003784, 42.239948722420486
42.592592592592595, 30.099376762031472, 85.87252193188876, 44.809842776402064, 42.25929493854242
42.64264264264264, 30.086480787022488, 85.83248489928737, 44.74849816763817, 42.27862348462141
42.692692692692695, 30.073604968500042, 85.79248463473665, 44.68732139265467, 42.2979343976698
42.74274274274274, 30.060749249809163, 85.75252110294099, 44.62631177396282, 42.317227714578024
42.792792792792795, 30.047913574524486, 85.71259426846424, 44.56546863764895, 42.336503472115254
42.84284284284285, 30.03509788644911, 85.67270409573293, 44.50479131334692, 42.35576170692999
42.892892892892895, 30.022302129613493, 85.63285054903938, 44.44427913421062, 42.37500245555066
42.94294294294294, 30.0095262482743, 85.59303359254483, 44.383931436886336, 42.39422575438621
42.992992992992995, 29.99677018691329, 85.55325319028259, 44.32374756148522, 42.413431639726774
43.04304304304305, 29.984033890236194, 85.51350930616117, 44.26372685155573, 42.43262014774417
43.093093093093096, 29.971317303171578, 85.4738019039674, 44.203868654056066, 42.4517913144926
43.14314314314314, 29.958620370869717, 85.43413094736958, 44.14417231932659, 42.47094517590921
43.193193193193196, 29.945943038698392, 85.3944963999154, 44.08463720110079, 42.49008176781409
43.24324324324325, 29.93328525212831, 85.3548982248449, 44.025262657891325, 42.509201125888865
43.293293293293296, 29.920646956872293, 85.31533638532883, 43.96604805121397, 42.5283032857045
43.34334334334334, 29.90802809890481, 85.2758108445065, 43.90699274530254, 42.54738828272603
43.393393393393396, 29.895428624410965, 85.23632156540518, 43.8480961077034, 42.56645615230334
43.44344344344345, 29.88284847978509, 85.19686851094286, 43.789357509250834, 42.585506929671816
43.493493493493496, 29.870287611629408, 85.15745164393098, 43.73077632404236, 42.60454064995285
43.54354354354354, 29.857745966752677, 85.11807092707717, 43.672351929414134, 42.623557348154456
43.593593593593596, 29.845223492168817, 85.07872632298793, 43.6140837059163, 42.64255705917173
43.64364364364364, 29.832720135095542, 85.03941779417154, 43.55597103728838, 42.661539817787514
43.693693693693696, 29.820235842953025, 85.00014530304058, 43.498013310434565, 42.68050565867291
43.74374374374375, 29.80777056336251, 84.96090881191485, 43.44020991539915, 42.699454616387804
43.793793793793796, 29.79532424414498, 84.92170828302402, 43.38256024534189, 42.71838672538148
43.84384384384384, 29.78289683331975, 84.88254367851039, 43.32506369651331, 42.73730201999317
43.893893893893896, 29.770488279104438, 84.84341496042944, 43.26771966824246, 42.756200534452375
43.94394394394395, 29.758098530035248, 84.8043220905428, 43.21052756408127, 42.77508230286024
43.993993993993996, 29.745727534838053, 84.76526503054089, 43.15348679055436, 42.793947359210236
44.04404404404404, 29.73337524237019, 84.72624374214372, 43.09659675658803, 42.81279573739772
44.094094094094096, 29.721041601686764, 84.68725818698685, 43.039856874136, 42.8316274712098
44.14414414414415, 29.70872656203956, 84.64830832662379, 42.98326655815733, 42.85044259432583
44.194194194194196, 29.696430072875962, 84.6093941225282, 42.92682522659436, 42.86924114031793
44.24424424424424, 29.684152083837844, 84.57051553609617, 42.87053230035062, 42.888023142651555
44.294294294294296, 29.67189254476048, 84.53167252864854, 42.814387203268794, 42.906788634685924
44.34434434434435, 29.659651405671475, 84.4928650614332, 42.75838936210867, 42.92553764967461
44.394394394394396, 29.647428616789625, 84.45409309562729, 42.70253820652504, 42.944270220766015
44.44444444444444, 29.635224128523852, 84.4153565923395, 42.64683316904563, 42.9629863810039
44.4944944944945, 29.623037891472126, 84.37665551261242, 42.59127368504907, 42.9816861633279
44.54454454454455, 29.610869856420347, 84.33798981742474, 42.53585919274285, 43.00036960057405
44.5945945945946, 29.598719974341368, 84.29935946769336, 42.48058913314248, 43.01903672547525
44.64464464464465, 29.586588196484964, 84.2607644241179, 42.42546295096532, 43.03768757064624
44.6946946946947, 29.574474474303095, 84.22220464731056, 42.37048009386787, 43.05632216859668
44.74474474474474, 29.562378759370986, 84.18368009793332, 42.31564001164027, 43.07494055174503
44.7947947947948, 29.550301003451573, 84.14519073658656, 42.26094215684421, 43.0935427524078
44.84484484484485, 29.538241158494692, 84.10673652381087, 42.2063859847932, 43.11212880280005
44.8948948948949, 29.52619917663619, 84.0683174200891, 42.15197095353281, 43.13069873503587
44.94494494494494, 29.514175010197064, 84.02993338584803, 42.0976965238209, 43.14925258112884
44.994994994995, 29.502168611682613, 83.99158438146043, 42.043562159107935, 43.16779037299251
45.04504504504505, 29.49017993378154, 83.95327036724679, 41.98956732551716, 43.1863121424409
45.0950950950951, 29.478208929365135, 83.91499130347734, 41.935711491824925, 43.20481792118894
45.14514514514514, 29.46625555148638, 83.87674715037386, 41.88199412944089, 43.223307740852995
45.1951951951952, 29.454319753379085, 83.83853786811152, 41.8284147123883, 43.24178163295127
45.24524524524525, 29.442401488457058, 83.80036341682084, 41.77497271728424, 43.260239628904365
45.2952952952953, 29.430500710311975, 83.76222375658817, 41.72166762333232, 43.27868176003548
45.34534534534534, 29.418617372628027, 83.72411884736229, 41.66849891317242, 43.2971080575559
45.3953953953954, 29.40675142927395, 83.68604864906102, 41.6154660719052, 43.31551855258193
45.44544544544545, 29.3949028343346, 83.64801312160965, 41.56256858673912, 43.333913276141224
45.4954954954955, 29.38307154206614, 83.61001222489325, 41.50980594742237, 43.352292259165374
45.545545545545544, 29.371257506895, 83.57204591875843, 41.457177646225176, 43.37065553249042
45.5955955955956, 29.359460683416806, 83.5341141630149, 41.40468317792186, 43.38900312685723
45.64564564564565, 29.347681026395374, 83.49621691743727, 41.352322039773185, 43.40733507291199
45.6956956956957, 29.33591849076159, 83.45835414176656, 41.30009373150841, 43.42565140120662
45.74574574574575, 29.32417303161242, 83.42052579571201, 41.247997755307566, 43.44395214219923
45.7957957957958, 29.312444604209837, 83.38273183895268, 41.19603361578366, 43.462237326254545
45.845845845845844, 29.300733163979732, 83.3449722311391, 41.144200819964844, 43.480506983644396
45.8958958958959, 29.289038666510933, 83.307246931895, 41.092498877276576, 43.498761144548084
45.94594594594595, 29.27736106755409, 83.26955590081889, 41.040927299523894, 43.51699983905291
45.995995995996, 29.265700323024564, 83.23189909748034, 40.989485600906676, 43.535223097153946
46.046046046046044, 29.25405638910017, 83.19427648128318, 40.938173298838684, 43.55343094873929
46.096096096096105, 29.242429222089154, 83.15668801165062, 40.886989912820475, 43.57162342361069
46.14614614614615, 29.23081877842373, 83.11913364803456, 40.83593496437578, 43.58980055148479
46.1961961961962, 29.219225014697503, 83.08161334986337, 40.785007977359484, 43.60796236198771
46.246246246246244, 29.207647887664624, 83.04412707654322, 40.73420847794162, 43.62610888465537
46.2962962962963, 29.19608735423893, 83.00667478745949, 40.6835359945913, 43.64424014893398
46.34634634634635, 29.184543371493135, 82.96925644197808, 40.63299005806071, 43.66235618418039
46.3963963963964, 29.173015896657933, 82.9318719994469, 40.58257020136904, 43.68045701966256
46.446446446446444, 29.1615048871212, 82.89452141919716, 40.53227595978642, 43.69854268455991
46.4964964964965, 29.150010300427144, 82.85720466054478, 40.482106870817915, 43.71661320796378
46.54654654654655, 29.138532094275433, 82.81992168279172, 40.43206247418749, 43.734668618877826
46.5965965965966, 29.127070226520377, 82.78267244522742, 40.38214231182192, 43.752708946218405
46.64664664664665, 29.11562465517008, 82.74545690713016, 40.33234592783477, 43.770734218815036
46.6966966966967, 29.10419533839144, 82.70827502775938, 40.282672868569186, 43.78874446540965
46.74674674674675, 29.092782234583296, 82.67112676624323, 40.23312268332392, 43.80673971464318
46.7967967967968, 29.08138530226214, 82.63401208175449, 40.18369492319928, 43.824719995077196
46.84684684684685, 29.070004500076394, 82.59693093348882, 40.13438914123271, 43.842685335191554
46.8968968968969, 29.058639786827626, 82.559883280632, 40.08520489260419, 43.860635763380614
46.946946946946944, 29.04729112146988, 82.52286908236114, 40.036141734621815, 43.87857130795363
46.996996996997005, 29.035958463108976, 82.48588829784586, 39.98719922670724, 43.89649199713512
47.04704704704705, 29.024641771001804, 82.44894088624935, 39.938376930381246, 43.91439785906532
47.0970970970971, 29.013341004555688, 82.41202680672953, 39.88967440924918, 43.93228892180045
47.147147147147145, 29.00205612332763, 82.37514601844022, 39.841091228986535, 43.950165213313184
47.197197197197205, 28.990787087023662, 82.33829848053222, 39.79262695732442, 43.96802676149299
47.24724724724725, 28.979533855498154, 82.30148415215456, 39.744281164035094, 43.98587359414656
47.2972972972973, 28.968296388753107, 82.26470299245547, 39.69605342091742, 44.00370573899812
47.347347347347345, 28.95707464693748, 82.22795496058365, 39.647943301782455, 44.02152322368987
47.3973973973974, 28.945868590338563, 82.19124001568106, 39.59995038252702, 44.039326075780664
47.44744744744745, 28.934678179324823, 82.15455811682462, 39.55207424174822, 44.057114322734414
47.4974974974975, 28.923503374444508, 82.11790922313178, 39.50431445962324, 44.07488799194154
47.54754754754755, 28.912344136400254, 82.08129329373574, 39.45667061816981, 44.092647110714104
47.5975975975976, 28.901200426035334, 82.04471028777274, 39.40914230137754, 44.11039170628342
47.64764764764765, 28.890072204332817, 82.00816016438318, 39.36172909519479, 44.128121805800426
47.6976976976977, 28.878959432414753, 81.97164288271247, 39.314430587515524, 44.145837436335995
47.74774774774775, 28.86786207154137, 81.93515840191218, 39.26724636816626, 44.16353862488134
47.7977977977978, 28.85678008311027, 81.89870668114098, 39.22017602889295, 44.181225398348346
47.84784784784785, 28.845713428655586, 81.86228767956567, 39.173219163347824, 44.198897783569926
47.8978978978979, 28.8346620698472, 81.82590135636215, 39.12637536707632, 44.216555807300374
47.94794794794795, 28.82362596848991, 81.7895476707165, 39.07964423750397, 44.234199496215744
47.997997997998, 28.812605086522613, 81.7532265818259, 39.0330253739233, 44.251828876914175
48.048048048048045, 28.80159938601752, 81.71693804889972, 38.9865183774807, 44.26944397591625
48.098098098098106, 28.79060882919416, 81.68068203114265, 38.94012285128251, 44.287044819663016
48.14814814814815, 28.779633378481037, 81.64445848768102, 38.89383840088257, 44.304631434506305
48.1981981981982, 28.768672996387117, 81.60826737771666, 38.84766463324532, 44.322203846729536
48.248248248248245, 28.75772764554368, 81.57210866047683, 38.80160115707451, 44.339762082541235
48.298298298298306, 28.746797288714827, 81.53598229520168, 38.755647582890994, 44.35730616807359
48.34834834834835, 28.7358818887968, 81.4998882411451, 38.709803523020916, 44.37483612938278
48.3983983983984, 28.724981408817342, 81.4638264575755, 38.66406859158376, 44.3923519924493
48.44844844844845, 28.714095811935056, 81.42779690377664, 38.61844240448049, 44.409853783178306
48.4984984984985, 28.7032250614387, 81.39179953904846, 38.572924579381734, 44.427341527399925
48.54854854854855, 28.692369120746555, 81.35583432270795, 38.527514735715805, 44.44481525086962
48.5985985985986, 28.681527953405766, 81.31990121408988, 38.48221249465691, 44.46227497926847
48.64864864864865, 28.670701523091672, 81.28400017254768, 38.43701747911322, 44.479720738203554
48.6986986986987, 28.659889793607157, 81.2481311574543, 38.391929313715025, 44.49715255320825
48.74874874874875, 28.649092728881975, 81.21229412820294, 38.346947624802816, 44.51457044974258
48.7987987987988, 28.638310292986112, 81.17648904418779, 38.30207204056509, 44.53197445319047
48.84884884884885, 28.627542450162952, 81.14071586475609, 38.25730219138809, 44.54936458885268
48.8988988988989, 28.61678916474441, 81.10497454933022, 38.21263770894385, 44.566740881965565
48.94894894894895, 28.60605040118418, 81.06926505735973, 38.16807822654103, 44.584103357693984
48.99899899899901, 28.595326124061966, 81.03358734831501, 38.123623379165046, 44.601452041130536
49.04904904904905, 28.584616298082924, 80.99794138168811, 38.07927280346732, 44.61878695729593
49.0990990990991, 28.573920888077108, 80.96232711699336, 38.035026137754485, 44.63610813113922
49.149149149149146, 28.563239858998898, 80.92674451376801, 37.99088302197766, 44.65341558753818
49.19919919919921, 28.55257317592646, 80.89119353157295, 37.94684309772159, 44.67070935129957
49.24924924924925, 28.541920804061196, 80.85567412999336, 37.90290600819401, 44.68798944715945
49.2992992992993, 28.531282708727154, 80.82018626863939, 37.85907139821476, 44.70525589978351
49.349349349349346, 28.520658855370513, 80.78472990714685, 37.81533891420507, 44.72250873376735
49.39939939939941, 28.510049209559003, 80.74930500517783, 37.77170820417679, 44.73974797363681
49.44944944944945, 28.49945373698136, 80.71391152242148, 37.728178917721614, 44.756973643848276
49.4994994994995, 28.48887240342933, 80.6785494185775, 37.68475070621386, 44.774185768784534
49.54954954954955, 28.47830517478649, 80.6432186533464, 37.641423222930094, 44.79138437275236
49.5995995995996, 28.467752017083992, 80.60791918648542, 37.59819612234848, 44.80856947999722
49.64964964964965, 28.457212896471116, 80.57265097778084, 37.55506906049163, 44.82574111469617
49.6996996996997, 28.446687779213498, 80.5374139870475, 37.512041694931, 44.842899300957896
49.74974974974975, 28.436176631692515, 80.50220817412938, 37.46911368477713, 44.86004406282296
49.7997997997998, 28.425679420404602, 80.46703349890018, 37.42628469066982, 44.877175424264124
49.84984984984985, 28.415196111960658, 80.4318899212639, 37.38355437476837, 44.8942934091866
49.89989989989991, 28.404726673085396, 80.3967774011555, 37.34092240074175, 44.9113980414284
49.94994994994995, 28.39427107061669, 80.36169589854144, 37.298388433758824, 44.92848934476054
50.0, 28.38382927150498, 80.3266453734203, 37.25595214047853, 44.94556734288741
