Initial conditions: Te0=0.8, Ti0=1.2, rho0=1000.0, Rh0=100000.0
t (ps), Te (keV), Ti (keV), rho (g/cm^3), Rh (um)
0.0, 0.8, 1.2, 1000.0, 100000.0
0.1001001001001001, 0.9732987430501276, 0.9752538821418912, 1000.0109645274712, 100000.02383798303
0.2002002002002002, 0.9478704315674935, 0.9497283818732222, 1000.0220505652313, 100000.04736444764
0.3003003003003003, 0.9227772434648249, 0.9245416329099293, 1000.0333043447057, 100000.07057934602
0.4004004004004004, 0.8980192514303496, 0.8996936180758075, 1000.0447301324554, 100000.09348266938
0.5005005005005005, 0.8735965275827672, 0.8751843211496035, 1000.0563325626715, 100000.11607440848
0.6006006006006006, 0.8495091407014694, 0.8510137246564856, 1000.0681163705591, 100000.13835455441
0.7007007007007008, 0.8257571593014386, 0.8271818099700058, 1000.0800864180336, 100000.16032309824
0.8008008008008008, 0.8023406497564114, 0.8036885590491722, 1000.092247874444, 100000.18198003105
0.9009009009009009, 0.7792596785532336, 0.7805339537593075, 1000.1046059262025, 100000.20332534383
1.001001001001001, 0.7565143099214511, 0.7577179760096485, 1000.1171662227474, 100000.2243590276
1.1011011011011012, 0.7341046083406705, 0.7352406074992324, 1000.1299345617756, 100000.24508107328
1.2012012012012012, 0.7120306372705161, 0.7131018301431459, 1000.1429170264377, 100000.2654914718
1.3013013013013013, 0.6902924578875939, 0.6913016269343191, 1000.1561204502713, 100000.28559021387
1.4014014014014016, 0.6688901342715007, 0.6698399797016775, 1000.1695507052713, 100000.30537729045
1.5015015015015014, 0.6478237250802781, 0.6487168732387052, 1000.1832156560293, 100000.32485269208
1.6016016016016017, 0.6270932922611124, 0.6279322904271376, 1000.1971219349315, 100000.34401640958
1.7017017017017018, 0.6066988956729594, 0.6074862154934112, 1000.2112773542641, 100000.36286843348
1.8018018018018018, 0.5866405938911738, 0.5873786334761261, 1000.2256904078539, 100000.38140875424
1.901901901901902, 0.5669184471224464, 0.5676095285059242, 1000.2403686404433, 100000.39963736247
2.002002002002002, 0.5475325106474822, 0.5481788887551637, 1000.25532243288, 100000.41755424824
2.1021021021021022, 0.5284828442283898, 0.5290866985627978, 1000.2705595894523, 100000.4351594021
2.2022022022022023, 0.5097695048114268, 0.5103329447229101, 1000.2860915452189, 100000.45245281396
2.3023023023023024, 0.4913925503503559, 0.49191761313652493, 1000.3019278029036, 100000.46943447407
2.4024024024024024, 0.4733520362500391, 0.47384069236061727, 1000.3180795122394, 100000.4861043724
2.5025025025025025, 0.4556480161071353, 0.456102172812769, 1000.3345591837515, 100000.50246249863
2.6026026026026026, 0.43828054671902156, 0.43870204164002596, 1000.3513775827947, 100000.51850884283
2.702702702702703, 0.4212496815380306, 0.42164028985083674, 1000.3685502518471, 100000.53424339418
2.802802802802803, 0.40455547629887895, 0.4049169056694768, 1000.3860884783178, 100000.54966614267
2.9029029029029028, 0.3881979827580242, 0.38853188215047996, 1000.4040093929589, 100000.56477707728
3.003003003003003, 0.3721772547049185, 0.3724852098823152, 1000.4223273020054, 100000.57957618748
3.1031031031031033, 0.3564933453458777, 0.35677688044496414, 1000.4410588917843, 100000.59406346235
3.2032032032032034, 0.34114630684439423, 0.34140688691326176, 1000.4602235675511, 100000.60823889065
3.3033033033033035, 0.3261361922841246, 0.3263752208463455, 1000.4798371393993, 100000.62210246158
3.4034034034034035, 0.31146305049778156, 0.31168187940914555, 1000.4999227596363, 100000.63565416337
3.503503503503504, 0.2971269333072256, 0.2973268561369538, 1000.5205002499556, 100000.64889398473
3.6036036036036037, 0.2831278917205047, 0.2833101463659101, 1000.5415949010479, 100000.66182191366
3.703703703703704, 0.2694659758418701, 0.2696317461673663, 1000.5632306092658, 100000.67443793836
3.803803803803804, 0.2561412346218895, 0.25629165358629513, 1000.5854353376409, 100000.68674204654
3.903903903903904, 0.24315371908196481, 0.24328986465252228, 1000.6082380786415, 100000.69873422584
4.004004004004004, 0.23050347998828524, 0.23062637601579747, 1000.6316697047965, 100000.71041446367
4.104104104104104, 0.21819056303098427, 0.21830119020921873, 1000.655764071282, 100000.72178274718
4.2042042042042045, 0.20621501526740021, 0.20631430887136928, 1000.680558147134, 100000.73283906316
4.3043043043043046, 0.19457688668611686, 0.1946657311724208, 1000.7060925603054, 100000.7435833982
4.404404404404405, 0.18327622666964935, 0.1833554575622912, 1000.7324117309269, 100000.75401573851
4.504504504504505, 0.17231308210077034, 0.1723834917008488, 1000.7595635591099, 100000.76413607002
4.604604604604605, 0.16168749991588408, 0.16174983780721958, 1000.7875999770757, 100000.77394437836
4.704704704704705, 0.15139952762994519, 0.15145450035182362, 1000.8165787754702, 100000.78344064881
4.804804804804805, 0.14144921250738496, 0.14149748520719418, 1000.8465643862833, 100000.79262486607
4.904904904904906, 0.13183660172187586, 0.1318787990913599, 1000.8776268651792, 100000.8014970146
5.005005005005005, 0.12256174218811747, 0.12259844993864225, 1000.9098430039294, 100000.81005707839
5.105105105105106, 0.1136246802705592, 0.11365644763450383, 1000.9432998864561, 100000.8183050409
5.205205205205205, 0.10502546459439438, 0.10505280076267395, 1000.9780917787772, 100000.82624088514
5.305305305305305, 0.09676414482853841, 0.09678751908036533, 1001.0143297615517, 100000.83386459324
5.405405405405406, 0.08884076336697619, 0.08886062159067969, 1001.0521397745683, 100000.8411761466
5.505505505505505, 0.08125537047670699, 0.08127212005498716, 1001.0916618011825, 100000.84817552629
5.605605605605606, 0.07400801272438244, 0.0740220290030694, 1001.133047573481, 100000.85486271349
5.705705705705706, 0.06709873920088107, 0.06711036823815993, 1001.1764853178237, 100000.8612376868
5.8058058058058055, 0.06052760004254211, 0.06053715592126914, 1001.2221854339398, 100000.86730042484
5.9059059059059065, 0.05429464404080161, 0.054302414552058254, 1001.2703932715336, 100000.87305090511
6.006006006006006, 0.048399922948395416, 0.04840616669399087, 1001.3213968414593, 100000.87848910395
6.106106106106107, 0.042843487427386924, 0.04284843933475381, 1001.3755362835876, 100000.88361499648
6.206206206206207, 0.03762539142576536, 0.03762926003942229, 1001.4332184636239, 100000.88842855643
6.306306306306307, 0.03274568914420364, 0.03274866052115051, 1001.494935563696, 100000.89292975576
6.406406406406407, 0.028204436915961084, 0.028206675452055494, 1001.5612915079904, 100000.89711856475
6.506506506506507, 0.024001693815417, 0.024003342547138876, 1001.6330347519482, 100000.90099495149
6.606606606606607, 0.020137521532454784, 0.020138703791582255, 1001.7111118615823, 100000.90455888158
6.706706706706707, 0.0166119848854184, 0.01661280622363814, 1001.7967441308459, 100000.90781031777
6.806806806806807, 0.013425153110533666, 0.013425702316687226, 1001.8915452400099, 100000.91074921918
6.906906906906907, 0.01057710067697551, 0.010577451013160993, 1001.997690829991, 100000.91337554088
7.007007007007008, 0.00806790916639552, 0.008068119585513456, 1002.1182644952378, 100000.9156892325
7.107107107107107, 0.00589766916069149, 0.005897785871509439, 1002.257834954748, 100000.91769023672
7.207207207207207, 0.0040664827971119664, 0.004066540968706505, 1002.4234770528286, 100000.91937848758
7.307307307307307, 0.0025744695370732325, 0.002574494327881189, 1002.627211410823, 100000.92075390668
7.407407407407408, 0.0014217741103897449, 0.0014217823387611243, 1002.8919001173315, 100000.92181639744
7.507507507507508, 0.0006085831108689383, 0.000608584839554644, 1003.2703207016061, 100000.9225658337
7.607607607607608, 0.00013516507205863534, 0.00013516518708102233, 1003.941739066962, 100000.923002032
7.707707707707708, nan, nan, nan, nan
7.807807807807808, nan, nan, nan, nan
7.907907907907909, 0.0, 0.0, 0.0, 0.0
8.008008008008009, 0.0, 0.0, 0.0, 0.0
8.108108108108109, 0.0, 1.61075263676e-313, 2.41910661e-315, 0.0
8.208208208208209, 0.0, 0.0, 0.0, 0.0
8.308308308308309, 0.0, 7.26e-322, 0.0, 0.0
8.408408408408409, 0.0, 0.0, 0.0, 0.0
8.508508508508509, 0.0, 6e-323, 6.338303622218073e-157, 1.0822178537035502e-306
8.608608608608609, 2.743e-320, 4.206e-320, 8.48798316e-315, 3.055673938989992e-306
8.70870870870871, -1.4523341055780799e+301, 6.674279067160251e-128, 5.562956261729e-311, 5.735754623990978e-305
8.80880880880881, -1.1831e-318, 4.0533e-320, 5.563342464964e-312, 3.8859372316504185e-264
8.90890890890891, 8.8504e-319, 7.31e-321, 4.88059033e-316, 0.0
9.00900900900901, -8.424124518648239e-157, -2.1257513348098502e-241, 1.3164557e-317, 0.0
9.10910910910911, 0.0, 0.0, 0.0, 0.0
9.20920920920921, 0.0, -2.1257511974830428e-241, 1.3164557e-317, 0.0
9.30930930930931, 0.0, 0.0, 0.0, 0.0
9.40940940940941, 0.0, 0.0, 0.0, 0.0
9.50950950950951, 0.0, 0.0, 0.0, 0.0
9.60960960960961, 0.0, 8.0536402933e-314, 7.56598449279274e-310, 5.63234836e-316
9.70970970970971, 0.0, 0.0, 0.0, 0.0
9.809809809809812, 0.0, -1.6566616584188e-309, 1.8e-322, 0.0
9.90990990990991, 0.0, 0.0, 0.0, 0.0
10.01001001001001, 0.0, 3.35661361058725e-277, 0.0, 1.3395205270286745e-306
10.11011011011011, 2.194e-320, 0.0, 1.442957137e-315, 1.976262583e-315
10.210210210210212, 2.63317e-319, 3.87007166e-315, 3.41964595e-315, 4.3458485455756e-305
10.310310310310312, 1.80482e-318, 1.5022216527727586e-109, 0.0, 1.295316606984e-312
10.41041041041041, 6e-323, 6.7292e-319, 1.33685735e-315, 1.136351e-316
10.51051051051051, 7.3144e-319, 5.868601231711121e-152, -3.127679761665966e-163, 0.0
10.61061061061061, 0.0, 0.0, 0.0, 0.0
10.710710710710712, 0.0, 0.0, -3.127679761665966e-163, 0.0
10.810810810810812, 0.0, 0.0, 0.0, 0.0
10.91091091091091, 0.0, 0.0, 0.0, 0.0
11.01101101101101, 0.0, 0.0, 0.0, 0.0
11.11111111111111, 0.0, 0.0, 1.8692019252016e-309, 2.4191066099475822e-306
11.211211211211213, 0.0, 0.0, 0.0, 0.0
11.311311311311313, 0.0, 0.0, 1.2094911726173728e+178, 0.0
11.411411411411413, 0.0, 0.0, 0.0, 0.0
11.511511511511511, 0.0, 0.0, 6.63273e-319, 6.338303622218074e-148
11.611611611611611, 9.326e-320, 2.743e-320, 4.88059033e-316, 8.487983164197054e-306
11.711711711711713, 2.63317e-319, -1.4523341055780799e+301, 7.745183833321836e-124, 5.562956261729407e-302
11.811811811811813, 4.942687e-318, -1.1831e-318, 4.70387574e-316, 5.563342464963203e-303
11.911911911911913, 3.34863962943271e-277, 8.8504e-319, 8.4879836e-317, 4.88059032233274e-307
12.012012012012011, 0.0, -6.229876475281113e+214, -2.466833452176394e-237, 1.3164555756967746e-308
12.112112112112113, 0.0, 0.0, 0.0, 0.0
12.212212212212213, 0.0, 0.0, -2.466833292815157e-237, 1.3164555756967746e-308
12.312312312312313, 0.0, 0.0, 0.0, 0.0
12.412412412412413, 0.0, 0.0, 0.0, 0.0
12.512512512512513, 0.0, 0.0, 0.0, 0.0
12.612612612612613, 0.0, 0.0, 9.3458670174258e-310, 7.565984492792735e-301
12.712712712712714, 0.0, 0.0, 0.0, 0.0
12.812812812812814, 0.0, 0.0, 1.496453066916539e+205, 0.0
12.912912912912914, 0.0, 0.0, 0.0, 0.0
13.013013013013014, 0.0, 0.0, 3.895190658021102e-273, 0.0
13.113113113113114, 1.1543e-319, 2.194e-320, 0.0, 1.4429571379700203e-306
13.213213213213214, 0.0, 2.63317e-319, 4.491034330749e-311, 5.053582710460147e-306
13.313313313313314, 3.74496e-318, 1.80482e-318, 1.7432568734456573e-105, 1.0869444e-316
13.413413413413414, 0.0, 6e-323, 7.80894451e-315, 1.3368573483278842e-306
13.513513513513514, 0.0, 7.3144e-319, 6.810233976881777e-148, -3.1276797616659654e-154
13.613613613613614, 0.0, 0.0, 0.0, 0.0
13.713713713713714, 0.0, 0.0, 0.0, -3.1276797616659654e-154
13.813813813813814, 0.0, 0.0, 0.0, 0.0
13.913913913913914, 0.0, 0.0, 0.0, 0.0
14.014014014014016, 0.0, 0.0, 0.0, 0.0
14.114114114114114, 0.0, 0.0, 0.0, 1.8692019252015996e-300
14.214214214214214, 2.0846e-319, 0.0, 0.0, 0.0
14.314314314314315, 0.0, 0.0, 0.0, 1.211642407925044e+187
14.414414414414415, 0.0, 0.0, 0.0, 0.0
14.514514514514516, 0.0, 0.0, 0.0, 6.6327342609259e-310
14.614614614614615, 5.461924222518096e-161, 9.326e-320, 3.18299366e-316, 4.880590319220126e-307
14.714714714714717, 7.3144e-319, 2.63317e-319, -1.6853647445537939e+305, 7.745183833321835e-115
14.814814814814817, 4.793781957e-315, 4.942687e-318, -1.372931277e-314, 4.7038757434901134e-307
14.914914914914917, 4.79411476e-316, 3.34863962943271e-277, 1.0270459627e-314, 8.487983345677247e-308
15.015015015015017, 4.206e-320, 0.0, -8.814425663403272e-283, 7.856393723350687e+158
15.115115115115117, 7.43462e-317, 0.0, 0.0, 0.0
15.215215215215215, 0.0, 0.0, 0.0, 7.856393192591982e+158
15.315315315315315, 7.43462e-317, 0.0, 0.0, 0.0
15.415415415415415, 0.0, 0.0, 0.0, 0.0
15.515515515515515, 0.0, 0.0, 0.0, 0.0
15.615615615615615, 0.0, 0.0, 0.0, 9.345867017425795e-301
15.715715715715717, 6.519857115e-314, 0.0, 0.0, 0.0
15.815815815815817, 0.0, 0.0, 0.0, 2.6702023691830374e-301
15.915915915915917, 3.6432982832e-314, 1.72578111e-314, 1.0013248281063e-310, 0.0
16.016016016016017, 0.0, 0.0, 0.0, 3.8951906580211016e-264
16.116116116116117, 0.0, 1.1543e-319, 2.54639497e-316, 7.4109847e-317
16.216216216216218, 1.24346e-319, 0.0, 3.05567394e-315, 4.491034330749106e-302
16.316316316316318, 2.4531e-319, 3.74496e-318, 2.094409847e-314, 1.7432568734456573e-96
16.416416416416418, 0.0, 0.0, 6.6326e-319, 7.80894451314348e-306
16.516516516516518, 1.152e-319, 0.0, 8.48798316e-315, 6.810229108076948e-139
16.616616616616618, -4.854451519120267e-206, 0.0, 0.0, 0.0
16.716716716716718, 0.0, 0.0, 0.0, 0.0
16.816816816816818, -4.854451519120267e-206, 0.0, 0.0, 0.0
16.916916916916918, 0.0, 0.0, 0.0, 0.0
17.017017017017018, 0.0, 0.0, 0.0, 0.0
17.117117117117118, 0.0, 0.0, 0.0, 0.0
17.217217217217218, 1.61075263676e-313, 2.0846e-319, 0.0, 0.0
17.31731731731732, 0.0, 0.0, 0.0, 0.0
17.41741741741742, 7.26e-322, 0.0, 0.0, 0.0
17.51751751751752, 0.0, 0.0, 0.0, 0.0
17.61761761761762, 6e-323, 5.461924222518096e-161, 1.082217853e-315, 3.1829936870407872e-307
17.71771771771772, 4.206e-320, 7.3144e-319, 3.05567394e-315, -inf
17.81781781781782, 6.674279067160251e-128, 4.793781957e-315, 5.735754624e-314, -1.372931277242174e-305
17.91791791791792, 4.0533e-320, 4.79411476e-316, 3.885937231650418e-273, 1.0270459628271918e-305
18.01801801801802, 7.31e-321, 4.206e-320, 0.0, -9.775796363199603e-144
18.11811811811812, 6.770112278747486e+145, 7.43462e-317, 0.0, 0.0
18.21821821821822, 0.0, 0.0, 0.0, 0.0
18.31831831831832, 6.770111821375293e+145, 7.43462e-317, 0.0, 0.0
18.41841841841842, 0.0, 0.0, 0.0, 0.0
18.518518518518523, 0.0, 0.0, 0.0, 0.0
18.61861861861862, 0.0, 0.0, 0.0, 0.0
18.71871871871872, 8.0536402933e-314, 6.519857115e-314, 0.0, 0.0
18.81881881881882, 0.0, 0.0, 0.0, 0.0
18.91891891891892, -1.6566616584188e-309, 0.0, 0.0, 0.0
19.01901901901902, 0.0, 0.0, 0.0, 0.0
19.11911911911912, 3.35661361058725e-277, 0.0, 1.339520527e-315, 2.5463949516780616e-307
19.21921921921922, 0.0, 1.24346e-319, 0.0, 3.0556739397014467e-306
19.31931931931932, 3.87007166e-315, 2.9468e-319, 4.345848546e-314, 2.0944098470181832e-305
19.41941941941942, 1.5022216527727586e-109, 0.0, 1.294e-321, 6.63260763190086e-310
19.519519519519523, 6.7292e-319, 1.152e-319, 0.0, 8.487983163861089e-306
19.619619619619623, 5.868601231711121e-152, -4.854451519120267e-206, 2.03e-322, 0.0
19.71971971971972, 0.0, 0.0, 0.0, 0.0
19.81981981981982, 0.0, -4.854451519120267e-206, 2.03e-322, 0.0
19.91991991991992, 0.0, 0.0, 0.0, 0.0
20.02002002002002, 0.0, 0.0, 0.0, 0.0
20.12012012012012, 0.0, 0.0, 0.0, 0.0
20.22022022022022, 0.0, 1.61075263676e-313, 2.41910661e-315, 0.0
20.32032032032032, 0.0, 0.0, 0.0, 0.0
20.420420420420424, 0.0, 1.0422582328627605e+174, 0.0, 0.0
20.520520520520524, 0.0, 0.0, 0.0, 0.0
20.620620620620624, 0.0, 6e-323, 6.338303622218073e-157, 1.0822178537035502e-306
20.720720720720724, 2.743e-320, 4.206e-320, 8.48798316e-315, 3.055673938989992e-306
20.82082082082082, -1.4523341055780799e+301, 6.674279067160251e-128, 5.562956261729e-311, 5.735754623990978e-305
20.92092092092092, -1.1831e-318, 4.0533e-320, 5.563342464964e-312, 3.8859372316504185e-264
21.02102102102102, 8.8504e-319, 7.31e-321, 4.88059033e-316, 0.0
21.12112112112112, -6.229876475281113e+214, 6.770112278747486e+145, 8.6275232627e-313, 0.0
21.22122122122122, 0.0, 0.0, 0.0, 0.0
21.32132132132132, 0.0, 6.770111821375293e+145, 8.6275232627e-313, 0.0
21.421421421421424, 0.0, 0.0, 0.0, 0.0
21.521521521521525, 0.0, 0.0, 0.0, 0.0
21.621621621621625, 0.0, 0.0, 0.0, 0.0
21.721721721721725, 0.0, 8.0536402933e-314, 7.56598449279274e-310, 5.63234836e-316
21.82182182182182, 0.0, 0.0, 0.0, 0.0
21.92192192192192, 0.0, 1.2895427138267378e+201, 0.0, 0.0
22.02202202202202, 0.0, 0.0, 0.0, 0.0
22.12212212212212, 0.0, 3.35661361058725e-277, 0.0, 1.3395205270286745e-306
22.22222222222222, 2.194e-320, 0.0, 1.442957137e-315, 1.976262583e-315
22.322322322322325, 2.63317e-319, 3.87007166e-315, 5.05358271e-315, 4.3458485455756e-305
22.422422422422425, 1.80482e-318, 1.5022216527727586e-109, 0.0, 1.295316606984e-312
22.522522522522525, 6e-323, 6.7292e-319, 1.33685735e-315, 1.136351e-316
22.622622622622625, 7.3144e-319, 5.868602095512952e-152, -5.633360404501672e-202, 2.0087226963e-313
22.722722722722725, 0.0, 0.0, 0.0, 0.0
22.822822822822825, 0.0, 0.0, -5.633360404501672e-202, 2.0087226963e-313
22.922922922922922, 0.0, 0.0, 0.0, 0.0
23.023023023023022, 0.0, 0.0, 0.0, 0.0
23.123123123123122, 0.0, 0.0, 0.0, 0.0
23.223223223223222, 0.0, 0.0, 1.8692019252016e-309, 2.4191066099475822e-306
23.323323323323326, 0.0, 0.0, 0.0, 0.0
23.423423423423426, 0.0, 0.0, 1.211642407925044e+178, 0.0
23.523523523523526, 0.0, 0.0, 0.0, 0.0
23.623623623623626, 0.0, 0.0, 6.63273e-319, 6.338303622218074e-148
23.723723723723726, 9.326e-320, 2.743e-320, 4.88059033e-316, 8.487983164197054e-306
23.823823823823826, 2.63317e-319, -1.4523341055780799e+301, 7.745183833321836e-124, 5.562956261729449e-302
23.923923923923926, 4.942687e-318, -1.1831e-318, 4.70387574e-316, 5.563342464963203e-303
24.024024024024023, 3.34863962943271e-277, 8.8504e-319, 8.4879836e-317, 4.880590322233927e-307
24.124124124124123, 0.0, -7.595679839281616e-287, 1.112589305425155e-309, 1.6912068814088725e-300
24.224224224224226, 3.83526256e-315, 8.053581787e-314, 2.78148661967676e-310, 0.0
24.324324324324326, 0.0, 0.0, 1.11258921522989e-309, 1.6912068814088725e-300
24.424424424424426, 3.83526256e-315, 8.053769035e-314, 2.78148661967676e-310, 0.0
24.524524524524526, 0.0, 0.0, 0.0, 0.0
24.624624624624627, 0.0, 0.0, 0.0, 0.0
24.724724724724727, 0.0, 0.0, 9.3458670174258e-310, 7.565984492792735e-301
24.824824824824827, 0.0, 0.0, 0.0, 0.0
24.924924924924927, 0.0, 0.0, 2.67020236918306e-310, 4.227874603539973e-301
25.025025025025027, 1.72578111e-314, 8.62874463e-315, 0.0, 0.0
25.125125125125123, 0.0, 0.0, 3.895190658021102e-273, 0.0
25.225225225225227, 1.11772e-319, 2.194e-320, 0.0, 1.464177095879673e-306
25.325325325325327, 0.0, 2.63317e-319, 4.491034330749e-311, 2.8467070878562636e-306
25.425425425425427, 3.74496e-318, 1.80482e-318, 1.7432568734456573e-105, 1.0869444e-316
25.525525525525527, 0.0, 6e-323, 7.80894451e-315, 1.2944174325085787e-306
25.625625625625627, 0.0, 7.3144e-319, 6.810229108076947e-148, 1.6021876299543993e-300
25.725725725725727, 8.437293829e-314, 6.519745929e-314, 4.4505933426714e-311, 2.363715285687e-311
25.825825825825827, 0.0, 0.0, 0.0, 1.6021876299543993e-300
25.925925925925927, 8.437293829e-314, 6.519745929e-314, 4.4505933426714e-311, 2.363715285687e-311
26.026026026026027, 0.0, 0.0, 0.0, 0.0
26.126126126126128, 0.0, 0.0, 0.0, 0.0
26.226226226226228, 0.0, 0.0, 0.0, 1.8692019252015996e-300
26.326326326326328, 2.0846e-319, 0.0, 0.0, 0.0
26.426426426426428, 0.0, 0.0, 0.0, 8.43201173461618e-309
26.526526526526528, 0.0, 0.0, 0.0, 0.0
26.626626626626628, 0.0, 0.0, 0.0, 6.6327342609259e-310
26.726726726726728, 5.461924222518096e-161, 8.96e-320, 2.75859454e-316, 4.880590319220126e-307
26.826826826826828, 7.3144e-319, 2.63317e-319, -1.6853647445537939e+305, 7.745183833321835e-115
26.926926926926928, 4.793781957e-315, 4.75617e-318, -1.372931277e-314, 4.7038757434901134e-307
27.027027027027028, 4.79411476e-316, 3.34863962943271e-277, 1.0270459627e-314, 8.487983345677247e-308
27.127127127127128, 4.206e-320, 0.0, -9.775796363199604e-153, 1.1125893054251539e-300
27.227227227227228, 1.4573684666e-313, 3.83526256e-315, 9.34579912361107e-310, 2.7814866196767334e-301
27.32732732732733, 0.0, 0.0, 0.0, 1.11258921522989e-300
27.42742742742743, 1.4573684666e-313, 3.83526256e-315, 9.3460164159801e-310, 2.7814866196767334e-301
27.52752752752753, 0.0, 0.0, 0.0, 0.0
27.62762762762763, 0.0, 0.0, 0.0, 0.0
27.72772772772773, 0.0, 0.0, 0.0, 9.345867017425795e-301
27.82782782782783, 6.519857115e-314, 0.0, 0.0, 0.0
27.92792792792793, 0.0, 0.0, 0.0, -1.922477164193373e-296
28.028028028028032, 0.0, 0.0, 0.0, 0.0
28.128128128128132, 0.0, 0.0, 0.0, 3.8951906580211016e-264
28.22822822822823, 0.0, 1.11772e-319, 2.54639497e-316, 6.4228534e-317
28.32832832832833, 1.26174e-319, 0.0, 3.05567394e-315, 4.491034330749106e-302
28.42842842842843, 2.9468e-319, 3.74496e-318, 2.094409847e-314, 1.7432568734456573e-96
28.52852852852853, 0.0, 0.0, 6.6326e-319, 7.80894451314348e-306
28.62862862862863, 1.11545e-319, 0.0, 8.48798316e-315, 6.810232974480783e-139
28.72872872872873, 1.3806576565e-313, 8.437293829e-314, 7.56585546664153e-310, 4.450593342671152e-302
28.82882882882883, 0.0, 0.0, 0.0, 0.0
28.92892892892893, 1.3806576565e-313, 8.437293829e-314, 7.56585546664153e-310, 4.4505933426711835e-302
29.029029029029033, 0.0, 0.0, 0.0, 0.0
29.129129129129133, 0.0, 0.0, 0.0, 0.0
29.22922922922923, 0.0, 0.0, 0.0, 0.0
29.32932932932933, 1.61075263676e-313, 2.0846e-319, 0.0, 0.0
29.429429429429433, 0.0, 0.0, 0.0, 0.0
29.52952952952953, 1.0422582328627605e+174, 0.0, 0.0, 0.0
29.629629629629633, 0.0, 0.0, 0.0, 0.0
29.72972972972973, 6e-323, 5.461924222518096e-161, 1.03977794e-315, 2.7585945288477328e-307
29.829829829829833, 4.206e-320, 7.3144e-319, 3.05567394e-315, -inf
29.92992992992993, 6.674279067160251e-128, 4.793781957e-315, 5.5193110533e-314, -1.372931277242174e-305
30.030030030030034, 4.0533e-320, 4.79411476e-316, 3.885937231650418e-273, 1.0270459628271918e-305
30.13013013013013, 7.31e-321, 4.206e-320, 0.0, -7.229475734293679e+227
30.230230230230234, 9.587547141e-314, 1.4573684666e-313, 4.450640026643e-311, 9.345799123611093e-301
30.33033033033033, 2.3968982947e-314, 0.0, 0.0, 0.0
30.43043043043043, 9.5875463637e-314, 1.4573684666e-313, 4.450640026643e-311, 9.346016415980088e-301
30.530530530530534, 2.3968982947e-314, 0.0, 0.0, 0.0
30.63063063063063, 0.0, 0.0, 0.0, 0.0
30.730730730730734, 0.0, 0.0, 0.0, 0.0
30.83083083083083, 8.0536402933e-314, 6.519857115e-314, 0.0, 0.0
30.930930930930934, 0.0, 0.0, 0.0, 0.0
31.03103103103103, 1.2895427138267378e+201, 0.0, 0.0, 0.0
31.131131131131134, 0.0, 0.0, 0.0, 0.0
31.23123123123123, 3.35661361058725e-277, 0.0, 1.29708061e-315, 2.5463949515792484e-307
31.331331331331334, 0.0, 1.26174e-319, 0.0, 3.0556739397014467e-306
31.431431431431434, 3.87007166e-315, 4.35484e-319, 4.345848546e-314, 2.0944098469677885e-305
31.53153153153153, 1.5022216527727586e-109, 0.0, 1.294e-321, 6.63260763190086e-310
31.631631631631635, 6.7292e-319, 1.11545e-319, 0.0, 8.487983163861089e-306
31.73173173173173, 5.868602095512952e-152, 1.3806576565e-313, 9.7910787222523e-310, 7.565855466641554e-301
31.831831831831835, 3.835222327e-315, 0.0, 0.0, 0.0
31.93193193193193, 0.0, 1.3806576565e-313, 9.7910787222523e-310, 7.565855466641554e-301
32.032032032032035, 3.835222327e-315, 0.0, 0.0, 0.0
32.13213213213213, 0.0, 0.0, 0.0, 0.0
32.232232232232235, 0.0, 0.0, 0.0, 0.0
32.332332332332335, 0.0, 1.61075263676e-313, 2.41910661e-315, 0.0
32.432432432432435, 0.0, 0.0, 0.0, 0.0
32.532532532532535, 0.0, 1.044112022920106e+174, 0.0, 0.0
32.632632632632635, 0.0, 0.0, 0.0, 0.0
32.732732732732735, 0.0, 6e-323, 6.338303622218073e-157, 1.0397779378743635e-306
32.832832832832835, 2.377e-320, 4.206e-320, 8.48798316e-315, 3.055673938989992e-306
32.932932932932935, -1.4523341055780799e+301, 6.674279067160251e-128, 5.5629562617297e-311, 5.51931105331252e-305
33.033033033033036, -1.1831e-318, 4.0533e-320, 5.563342464964e-312, 3.8859372316504185e-264
33.133133133133136, 8.8504e-319, 7.31e-321, 4.88059033e-316, 0.0
33.233233233233236, -7.595679839281616e-287, 2.7803516e-314, 1.379623203706705e-309, 1.780197612991242e-300
33.333333333333336, 2.3010448925e-314, 4.026673864e-314, 0.0, 0.0
33.433433433433436, 0.0, 2.780351405e-314, 1.379623203706705e-309, 1.780197612991242e-300
33.533533533533536, 9.2041795694e-314, 4.026673864e-314, 0.0, 0.0
33.633633633633636, 0.0, 0.0, 0.0, 0.0
33.733733733733736, 0.0, 0.0, 0.0, 0.0
33.833833833833836, 0.0, 8.0536402933e-314, 7.56598449279274e-310, 5.63234836e-316
33.933933933933936, 0.0, 0.0, 0.0, 0.0
34.034034034034036, 0.0, 2.301001004e-314, 4.22787460353996e-310, 2.002687004478246e-301
34.13413413413413, 8.62874463e-315, 0.0, 0.0, 0.0
34.234234234234236, 0.0, 3.35661361058725e-277, 0.0, 1.297080611209369e-306
34.334334334334336, 2.194e-320, 0.0, 1.464177094e-315, 1.976262583e-315
34.434434434434436, 2.63317e-319, 3.87007166e-315, 2.846707087e-315, 4.3458485455756e-305
34.53453453453454, 1.80482e-318, 1.5022216527727586e-109, 0.0, 1.295316606984e-312
34.63463463463464, 6e-323, 6.7292e-319, 1.29441743e-315, 1.136351e-316
34.73473473473474, 7.3144e-319, 5.868597899904061e-152, 8.45599366089143e-310, 1.3796238828696956e-300
34.83483483483484, 4.7936415284e-314, 9.587686806e-314, 1.54908445e-315, 0.0
34.93493493493494, 0.0, 0.0, 8.45599366089143e-310, 1.3796238828696956e-300
35.03503503503504, 4.7936415284e-314, 9.587686809e-314, 1.54908445e-315, 0.0
35.13513513513514, 0.0, 0.0, 0.0, 0.0
35.23523523523524, 0.0, 0.0, 0.0, 0.0
35.33533533533534, 0.0, 0.0, 1.8692019252016e-309, 2.4191066099475822e-306
35.43543543543544, 0.0, 0.0, 0.0, 0.0
35.53553553553554, 0.0, 0.0, 8.43201e-318, 0.0
35.63563563563564, 0.0, 0.0, 0.0, 0.0
35.73573573573574, 0.0, 0.0, 6.63273e-319, 6.338303622218074e-148
35.83583583583584, 8.96e-320, 2.377e-320, 4.88059033e-316, 8.487983164201994e-306
35.93593593593594, 2.63317e-319, -1.4523341055780799e+301, 7.745183833321836e-124, 5.562956261729247e-302
36.03603603603604, 4.75617e-318, -1.1831e-318, 4.70387574e-316, 5.563342464963203e-303
36.13613613613614, 3.34863962943271e-277, 8.8504e-319, 8.4879836e-317, 4.880590322233927e-307
36.23623623623624, 0.0, -8.424124518648239e-157, 3.2264659665081e-310, 1.3796232037067053e-300
36.33633633633634, 1.53405470026e-313, 2.3010448925e-314, 4.6727637544894e-310, 3.6066792e-316
36.43643643643644, 0.0, 0.0, 3.22646574101995e-310, 1.3796232037067053e-300
36.53653653653654, 1.53405470026e-313, 9.2041795694e-314, 4.6727637544894e-310, 3.6066792e-316
36.63663663663664, 0.0, 0.0, 0.0, 0.0
36.73673673673674, 0.0, 0.0, 0.0, 0.0
36.83683683683684, 0.0, 0.0, 9.3458670174258e-310, 7.565984492792735e-301
36.93693693693694, 0.0, 0.0, 0.0, 0.0
37.037037037037045, 0.0, 0.0, -1.922477164193373e-305, 1.76979254997e-313
37.13713713713714, 0.0, 0.0, 0.0, 0.0
37.23723723723724, 0.0, 0.0, 3.895190658021102e-273, 0.0
37.33733733733734, 1.11772e-319, 2.194e-320, 0.0, 1.464177095879673e-306
37.43743743743744, 0.0, 2.63317e-319, 4.491034330749e-311, 3.419645951416887e-306
37.53753753753754, 3.74496e-318, 1.80482e-318, 1.7432568734456573e-105, 1.0869444e-316
37.63763763763764, 0.0, 6e-323, 7.80894451e-315, 1.2944174325085787e-306
37.73773773773774, 0.0, 7.3144e-319, 6.810232974480783e-148, 8.455993660891438e-301
37.83783783783784, 1.18886717217e-313, 4.7936415284e-314, 1.112605512903597e-309, 1.5490844497859908e-306
37.93793793793794, 0.0, 0.0, 0.0, 8.455993660891438e-301
38.03803803803804, 1.18886717217e-313, 4.7936415284e-314, 1.112605513235154e-309, 1.5490844497859908e-306
38.138138138138146, 0.0, 0.0, 0.0, 0.0
38.23823823823824, 0.0, 0.0, 0.0, 0.0
38.33833833833834, 0.0, 0.0, 0.0, 1.8692019252015996e-300
38.43843843843844, 2.0846e-319, 0.0, 0.0, 0.0
38.53853853853854, 0.0, 0.0, 0.0, 1.2094911726173728e+187
38.63863863863864, 0.0, 0.0, 0.0, 0.0
38.73873873873874, 0.0, 0.0, 0.0, 6.6327342609259e-310
38.83883883883884, 5.461924222518096e-161, 8.96e-320, 2.75859454e-316, 4.880590319220126e-307
38.93893893893894, 7.3144e-319, 2.63317e-319, -1.6853647445537939e+305, 7.745183833321835e-115
39.03903903903905, 4.793781957e-315, 4.75617e-318, -1.372931277e-314, 4.7038757434901134e-307
39.13913913913914, 4.79411476e-316, 3.34863962943271e-277, 1.0270459627e-314, 8.487983345677247e-308
39.23923923923925, 4.206e-320, 0.0, -7.22947573429368e+218, 3.226465966508099e-301
39.33933933933934, 1.18886658695e-313, 1.53405470026e-313, 2.67025329938745e-310, 4.672763754489386e-301
39.43943943943944, 0.0, 0.0, 0.0, 3.2264657410199394e-301
39.53953953953954, 1.18886658695e-313, 1.53405470026e-313, 1.06810131975497e-309, 4.672763754489386e-301
39.63963963963964, 0.0, 0.0, 0.0, 0.0
39.73973973973974, 0.0, 0.0, 0.0, 0.0
39.83983983983984, 0.0, 0.0, 0.0, 9.345867017425795e-301
39.93993993993995, 6.519857115e-314, 0.0, 0.0, 0.0
40.04004004004004, 0.0, 0.0, 0.0, 1.4964530669165392e+214
40.14014014014015, 0.0, 0.0, 0.0, 0.0
40.24024024024024, 0.0, 0.0, 0.0, 3.8951906580211016e-264
40.34034034034035, 0.0, 1.11772e-319, 2.54639497e-316, 6.4228534e-317
40.44044044044044, 1.26174e-319, 0.0, 3.05567394e-315, 4.491034330749106e-302
40.54054054054054, 4.35484e-319, 3.74496e-318, 2.094409847e-314, 1.7432568734456573e-96
40.64064064064064, 0.0, 0.0, 6.6326e-319, 7.80894451314348e-306
40.74074074074074, 1.11545e-319, 0.0, 8.48798316e-315, 6.810233976881777e-139
40.84084084084085, 7.286807221e-314, 1.18886717217e-313, 5.5627932984621e-310, 1.1126055129035943e-300
40.94094094094094, 1.3349e-319, 0.0, 0.0, 0.0
41.04104104104105, 7.286807221e-314, 1.18886717217e-313, 5.5627932984621e-310, 1.1126055132351561e-300
41.14114114114114, 1.3349e-319, 0.0, 0.0, 0.0
41.24124124124125, 0.0, 0.0, 0.0, 0.0
41.34134134134134, 0.0, 0.0, 0.0, 0.0
41.44144144144145, 1.61075263676e-313, 2.0846e-319, 0.0, 0.0
41.54154154154154, 0.0, 0.0, 0.0, 0.0
41.64164164164164, 1.044112022920106e+174, 0.0, 0.0, 0.0
41.74174174174174, 0.0, 0.0, 0.0, 0.0
41.84184184184184, 6e-323, 5.461924222518096e-161, 1.03977794e-315, 2.7585945288477328e-307
41.94194194194195, 4.206e-320, 7.3144e-319, 3.05567394e-315, -inf
42.04204204204204, 6.674279067160251e-128, 4.793781957e-315, 5.5193110533e-314, -1.372931277242174e-305
42.14214214214215, 4.0533e-320, 4.79411476e-316, 3.885937231650418e-273, 1.0270459628271918e-305
42.24224224224224, 7.31e-321, 4.206e-320, 0.0, -8.814425663403056e-274
42.34234234234235, -2.1257513348098502e-241, 2.684434543e-314, 1.78020032898007e-309, 0.0
42.44244244244244, 0.0, 0.0, 0.0, 0.0
42.54254254254254, -2.1257511974830428e-241, 2.684434543e-314, 1.78020032898007e-309, 0.0
42.64264264264264, 0.0, 0.0, 0.0, 0.0
42.74274274274274, 0.0, 0.0, 0.0, 0.0
42.84284284284285, 0.0, 0.0, 0.0, 0.0
42.94294294294294, 8.0536402933e-314, 6.519857115e-314, 0.0, 0.0
43.04304304304305, 0.0, 0.0, 0.0, 0.0
43.14314314314314, 2.301001004e-314, 3.6432982832e-314, 2.00268700447827e-310, 1.0013248281062868e-301
43.24324324324325, 0.0, 0.0, 0.0, 0.0
43.34334334334334, 3.35661361058725e-277, 0.0, 1.29708061e-315, 2.5463949515792484e-307
43.44344344344345, 5.484e-321, 1.24346e-319, 0.0, 3.0556739397014467e-306
43.54354354354354, 3.87007166e-315, 2.4531e-319, 4.345848546e-314, 2.0689458974836162e-305
43.64364364364364, 1.4909028314444928e-109, 0.0, 1.294e-321, 6.63260763190086e-310
43.74374374374375, 6.7292e-319, 1.11545e-319, 0.0, 6.15378779379929e-306
43.84384384384384, 5.868597899904061e-152, -2.6952242853498326e-167, 1.023605274759354e-309, 3.756025378066e-311
43.94394394394395, 0.0, 0.0, 0.0, 0.0
44.04404404404404, 0.0, -2.6952242853498326e-167, 1.023605274759354e-309, 3.756025378066e-311
44.14414414414415, 0.0, 0.0, 0.0, 0.0
44.24424424424424, 0.0, 0.0, 0.0, 0.0
44.34434434434435, 0.0, 0.0, 0.0, 0.0
44.44444444444444, 0.0, 1.61075263676e-313, 2.41910661e-315, 0.0
44.54454454454455, 0.0, 0.0, 0.0, 0.0
44.64464464464465, 0.0, 7.26e-322, 0.0, 0.0
44.74474474474474, 0.0, 0.0, 0.0, 0.0
44.84484484484485, 0.0, 6e-323, 6.338303622218073e-157, 1.0397779378743635e-306
44.94494494494494, 2.377e-320, 4.206e-320, 6.153787795e-315, 3.055673938989992e-306
45.04504504504505, -1.4523341055780799e+301, 6.674279067160251e-128, 5.562956261729e-311, 5.551140990176999e-305
45.14514514514514, -1.1831e-318, 4.0533e-320, 5.563342464964e-312, 3.8859372316504185e-264
45.24524524524525, 8.8504e-319, 7.31e-321, 4.88059033e-316, 0.0
45.34534534534534, -8.424124518648033e-157, -2.1257513348098502e-241, 3.1151587781668e-310, 1.7802003289800703e-300
45.44544544544545, 0.0, 0.0, 0.0, 0.0
45.545545545545544, 0.0, -2.1257511974830428e-241, 3.1151587781668e-310, 1.7802003289800703e-300
45.64564564564565, 0.0, 0.0, 0.0, 0.0
45.74574574574575, 0.0, 0.0, 0.0, 0.0
45.845845845845844, 0.0, 0.0, 0.0, 0.0
45.94594594594595, 0.0, 8.0536402933e-314, 7.56598449279274e-310, 5.63234836e-316
46.046046046046044, 0.0, 0.0, 0.0, 0.0
46.14614614614615, 0.0, -1.6566616584188e-309, 1.8e-322, 0.0
46.246246246246244, 0.0, 0.0, 0.0, 0.0
46.34634634634635, 0.0, 3.35661361058725e-277, 0.0, 1.297080611209369e-306
46.446446446446444, 2.194e-320, 5.484e-321, 1.442957137e-315, 1.432790373e-315
46.54654654654655, 2.63317e-319, 3.87007166e-315, 3.41964595e-315, 4.3458485455756e-305
46.64664664664665, 1.78288e-318, 1.4909028314444928e-109, 0.0, 1.295316606984e-312
46.74674674674675, 6e-323, 6.7292e-319, 1.29441743e-315, 1.136351e-316
46.84684684684685, 5.3029e-319, 5.868601231711121e-152, -3.127679761665966e-163, 1.0236052747593536e-300
46.946946946946944, 5e-324, 0.0, 0.0, 0.0
47.04704704704705, 0.0, 0.0, -3.127679761665966e-163, 1.0236052747593536e-300
47.147147147147145, 5e-324, 0.0, 0.0, 0.0
47.24724724724725, 0.0, 0.0, 0.0, 0.0
47.347347347347345, 0.0, 0.0, 0.0, 0.0
47.44744744744745, 0.0, 0.0, 1.8692019252016e-309, 2.4191066099475822e-306
47.54754754754755, 0.0, 0.0, 0.0, 0.0
47.64764764764765, 0.0, 0.0, 1.2094911726173728e+178, 0.0
47.74774774774775, 0.0, 0.0, 0.0, 0.0
47.84784784784785, 0.0, 0.0, 6.63273e-319, 6.338303622218074e-148
47.94794794794795, 8.96e-320, 2.377e-320, 4.88059033e-316, 6.153787794135254e-306
48.048048048048045, 2.63317e-319, -1.4523341055780799e+301, 7.745183833321836e-124, 5.562956261729407e-302
48.14814814814815, 4.7836e-318, -1.1831e-318, 4.703875e-316, 5.563342464963203e-303
48.248248248248245, 3.34863962943271e-277, 8.8504e-319, 8.4879836e-317, 4.880590322233927e-307
48.34834834834835, 0.0, -6.22987647528096e+214, -2.466833452176394e-237, 3.1151587781667912e-301
48.44844844844845, 1.5340570407e-313, 0.0, 0.0, 0.0
48.54854854854855, 0.0, 0.0, -2.466833292815157e-237, 3.1151587781667912e-301
48.64864864864865, 1.5340570407e-313, 0.0, 0.0, 0.0
48.74874874874875, 0.0, 0.0, 0.0, 0.0
48.84884884884885, 0.0, 0.0, 0.0, 0.0
48.94894894894895, 0.0, 0.0, 9.3458670174258e-310, 7.565984492792735e-301
49.04904904904905, 0.0, 0.0, 0.0, 0.0
49.149149149149146, 0.0, 0.0, 1.496453066916539e+205, 0.0
49.24924924924925, 0.0, 0.0, 0.0, 0.0
49.349349349349346, 0.0, 0.0, 3.895190658021102e-273, 0.0
49.44944944944945, 1.11772e-319, 2.194e-320, 6.3659874e-317, 1.4429571379700203e-306
49.54954954954955, 0.0, 2.63317e-319, 4.491034330749e-311, 5.053582710460147e-306
49.64964964964965, 3.74496e-318, 1.78288e-318, 1.7301219189312002e-105, 1.0869444e-316
49.74974974974975, 0.0, 6e-323, 7.80894451e-315, 1.2944174325085787e-306
49.84984984984985, 0.0, 5.3029e-319, 6.810233976881777e-148, -3.1276797616659654e-154
49.94994994994995, 8.820742548e-314, 5e-324, 0.0, 0.0
50.050050050050054, 0.0, 0.0, 0.0, -3.1276797616659654e-154
50.150150150150154, 8.820742548e-314, 5e-324, 0.0, 0.0
50.25025025025025, 0.0, 0.0, 0.0, 0.0
50.350350350350354, 0.0, 0.0, 0.0, 0.0
50.450450450450454, 0.0, 0.0, 0.0, 1.8692019252015996e-300
50.550550550550554, 2.0846e-319, 0.0, 0.0, 0.0
50.650650650650654, 0.0, 0.0, 0.0, 1.211642407925044e+187
50.750750750750754, 0.0, 0.0, 0.0, 0.0
50.850850850850854, 0.0, 0.0, 0.0, 6.6327342609259e-310
50.950950950950954, 5.461924222518096e-161, 8.96e-320, 2.75859454e-316, 4.880590319368346e-307
51.051051051051054, 5.3029e-319, 2.63317e-319, -1.6853647445537939e+305, 7.745183833321835e-115
51.15115115115115, 4.793781957e-315, 4.7836e-318, -1.372931277e-314, 4.703874981443261e-307
51.251251251251254, 4.79411476e-316, 3.34863962943271e-277, 1.0270459627e-314, 8.487983345677247e-308
51.351351351351354, 4.206e-320, 0.0, -8.814425663403056e-283, 7.856393723350687e+158
51.451451451451454, 3.983530716e-315, 9.2042146797e-314, 0.0, 0.0
51.551551551551555, 0.0, 0.0, 0.0, 7.856393192591982e+158
51.651651651651655, 3.983530716e-315, 9.2042146797e-314, 0.0, 0.0
51.751751751751755, 0.0, 0.0, 0.0, 0.0
51.851851851851855, 0.0, 0.0, 0.0, 0.0
51.951951951951955, 0.0, 0.0, 0.0, 9.345867017425795e-301
52.052052052052055, 6.519857115e-314, 0.0, 0.0, 0.0
52.152152152152155, 0.0, 0.0, 0.0, 2.6702023691830374e-301
52.252252252252255, 3.6432982832e-314, 1.72578111e-314, 1.0013248281063e-310, 0.0
52.352352352352355, 0.0, 0.0, 0.0, 3.8951906580211016e-264
52.452452452452455, 0.0, 1.11772e-319, 2.54639497e-316, 6.36598737931867e-308
52.552552552552555, 1.24346e-319, 0.0, 3.05567394e-315, 4.491034330749106e-302
52.652652652652655, 2.4531e-319, 3.74496e-318, 2.0689458974e-314, 1.7301219189312001e-96
52.752752752752755, 0.0, 0.0, 6.6326e-319, 7.80894451314348e-306
52.852852852852855, 1.11545e-319, 0.0, 6.153787795e-315, 6.810229108076948e-139
52.952952952952955, -4.854451519120267e-206, 9.587540515e-314, 2.46154879e-315, 0.0
53.053053053053056, 0.0, 0.0, 0.0, 0.0
53.153153153153156, -4.854451519120267e-206, 9.587540515e-314, 2.46154879e-315, 0.0
53.253253253253256, 0.0, 0.0, 0.0, 0.0
53.353353353353356, 0.0, 0.0, 0.0, 0.0
53.453453453453456, 0.0, 0.0, 0.0, 0.0
53.553553553553556, 1.61075263676e-313, 2.0846e-319, 0.0, 0.0
53.653653653653656, 0.0, 0.0, 0.0, 0.0
53.753753753753756, 7.26e-322, 0.0, 0.0, 0.0
53.853853853853856, 0.0, 0.0, 0.0, 0.0
53.953953953953956, 6e-323, 5.461924222518096e-161, 1.03977794e-315, 2.7585945288477328e-307
54.054054054054056, 4.206e-320, 5.3029e-319, 3.05567394e-315, -inf
54.154154154154156, 6.674279067160251e-128, 4.793781957e-315, 5.55114099e-314, -1.3729312772362452e-305
54.254254254254256, 4.0533e-320, 4.79411476e-316, 3.885937231650418e-273, 1.0270459628271918e-305
54.354354354354356, 7.31e-321, 4.206e-320, 0.0, -9.775796363199364e-144
54.454454454454456, 6.770112278747486e+145, 3.983530716e-315, 1.068105394152677e-309, 5.7311615e-316
54.55455455455456, 0.0, 0.0, 0.0, 0.0
54.65465465465466, 6.770111821375293e+145, 3.983530716e-315, 1.068105394152677e-309, 5.7311615e-316
54.75475475475476, 0.0, 0.0, 0.0, 0.0
54.85485485485486, 0.0, 0.0, 0.0, 0.0
54.95495495495496, 0.0, 0.0, 0.0, 0.0
55.05505505505506, 8.0536402933e-314, 6.519857115e-314, 0.0, 0.0
55.155155155155164, 0.0, 0.0, 0.0, 0.0
55.25525525525526, -1.6566616584188e-309, 0.0, 0.0, 0.0
55.35535535535536, 0.0, 0.0, 0.0, 0.0
55.45545545545546, 3.35661361058725e-277, 0.0, 1.29708061e-315, 2.5463949515792484e-307
55.55555555555556, 5.484e-321, 1.24346e-319, 0.0, 3.0556739397014467e-306
55.65565565565566, 3.87007166e-315, 2.9468e-319, 4.345848546e-314, 2.0689458974836162e-305
55.75575575575576, 1.4909028314444928e-109, 0.0, 1.294e-321, 6.63260763190086e-310
55.85585585585586, 6.7292e-319, 1.11545e-319, 0.0, 6.15378779379929e-306
55.95595595595596, 5.868601231711121e-152, -4.854451519120267e-206, 1.11258853652923e-309, 2.461548792278216e-306
56.056056056056065, 0.0, 0.0, 0.0, 0.0
56.15615615615616, 0.0, -4.854451519120267e-206, 1.11258853652923e-309, 2.461548792278216e-306
56.256256256256265, 0.0, 0.0, 0.0, 0.0
56.35635635635636, 0.0, 0.0, 0.0, 0.0
56.45645645645646, 0.0, 0.0, 0.0, 0.0
56.55655655655656, 0.0, 1.61075263676e-313, 2.41910661e-315, 0.0
56.65665665665666, 0.0, 0.0, 0.0, 0.0
56.75675675675676, 0.0, 1.0422582328627605e+174, 0.0, 0.0
56.85685685685686, 0.0, 0.0, 0.0, 0.0
56.956956956956965, 0.0, 6e-323, 6.338303622218073e-157, 1.0397779378743635e-306
57.05705705705706, 2.377e-320, 4.206e-320, 6.153787795e-315, 3.055673938989992e-306
57.157157157157165, -1.4523341055780799e+301, 6.674279067160251e-128, 5.562956261729e-311, 5.551140990176999e-305
57.25725725725726, -1.1831e-318, 4.0533e-320, 5.563342464964e-312, 3.8859372316504185e-264
57.357357357357365, 8.8504e-319, 7.31e-321, 4.88059033e-316, 0.0
57.45745745745746, -6.22987647528096e+214, 6.770112278747486e+145, 4.622698182268e-311, 1.0681053941526761e-300
57.55755755755756, 0.0, 0.0, 0.0, 0.0
57.65765765765766, 0.0, 6.770111821375293e+145, 4.622698182268e-311, 1.0681053941526761e-300
57.75775775775776, 0.0, 0.0, 0.0, 0.0
57.85785785785786, 0.0, 0.0, 0.0, 0.0
57.95795795795796, 0.0, 0.0, 0.0, 0.0
58.058058058058066, 0.0, 8.0536402933e-314, 7.56598449279274e-310, 5.63234836e-316
58.15815815815816, 0.0, 0.0, 0.0, 0.0
58.258258258258266, 0.0, 1.2895427138267378e+201, 0.0, 0.0
58.35835835835836, 0.0, 0.0, 0.0, 0.0
58.45845845845846, 0.0, 3.35661361058725e-277, 0.0, 1.297080611209369e-306
58.558558558558566, 2.194e-320, 5.484e-321, 1.442957137e-315, 1.432790373e-315
58.65865865865866, 2.63317e-319, 3.87007166e-315, 5.05358271e-315, 4.3458485455756e-305
58.75875875875876, 1.78288e-318, 1.4909028314444928e-109, 0.0, 1.295316606984e-312
58.858858858858866, 6e-323, 6.7292e-319, 1.29441743e-315, 1.136351e-316
58.958958958958966, 5.3029e-319, 5.868602095512952e-152, -5.633360404501672e-202, 1.1125885365292268e-300
59.05905905905906, 2.1212e-319, 0.0, 0.0, 0.0
59.15915915915916, 0.0, 0.0, -5.633360404501672e-202, 1.1125885365292268e-300
59.25925925925927, 2.1212e-319, 0.0, 0.0, 0.0
59.35935935935937, 0.0, 0.0, 0.0, 0.0
59.45945945945946, 0.0, 0.0, 0.0, 0.0
59.55955955955956, 0.0, 0.0, 1.8692019252016e-309, 2.4191066099475822e-306
59.65965965965967, 0.0, 0.0, 0.0, 0.0
59.75975975975976, 0.0, 0.0, 1.211642407925044e+178, 0.0
59.85985985985986, 0.0, 0.0, 0.0, 0.0
59.95995995995997, 0.0, 0.0, 6.63273e-319, 6.338303622218074e-148
60.06006006006007, 8.96e-320, 2.377e-320, 4.88059033e-316, 6.153787794135254e-306
60.16016016016016, 2.63317e-319, -1.4523341055780799e+301, 7.745183833321836e-124, 5.562956261729449e-302
60.26026026026026, 4.7836e-318, -1.1831e-318, 4.703875e-316, 5.563342464963203e-303
60.36036036036037, 3.34863962943271e-277, 8.8504e-319, 8.4879836e-317, 4.88059032233274e-307
60.46046046046047, 0.0, -7.59567983928143e-287, 1.112589305425155e-309, 1.6912068814088725e-300
60.56056056056056, 3.83526256e-315, 8.053581787e-314, 2.78148661967676e-310, 1.0236052747593536e-300
60.66066066066066, 5e-324, 0.0, 1.11258921522989e-309, 1.6912068814088725e-300
60.76076076076077, 3.83526256e-315, 8.053581787e-314, 2.78148661967676e-310, 1.0236052747593536e-300
60.86086086086086, 5e-324, 0.0, 0.0, 0.0
60.96096096096096, 0.0, 0.0, 0.0, 0.0
61.06106106106107, 0.0, 0.0, 9.3458670174258e-310, 7.565984492792735e-301
61.16116116116117, 0.0, 0.0, 0.0, 0.0
61.26126126126126, 0.0, 0.0, 2.67020236918306e-310, 4.227874603539973e-301
61.36136136136136, 1.72578111e-314, 8.62874463e-315, 0.0, 0.0
61.46146146146147, 0.0, 0.0, 3.895190658021102e-273, 0.0
61.56156156156157, 1.1543e-319, 2.194e-320, 0.0, 1.4429571379700203e-306
61.66166166166166, 0.0, 2.63317e-319, 4.491034330749e-311, 2.8467070878562636e-306
61.76176176176177, 3.74496e-318, 1.78288e-318, 1.7301219189312002e-105, 1.0869444e-316
61.86186186186187, 0.0, 6e-323, 7.80894451e-315, 1.3368573483278842e-306
61.96196196196196, 0.0, 5.3029e-319, 6.810229108076947e-148, 1.6021876299543993e-300
62.06206206206206, 8.437293829e-314, 6.519745929e-314, 4.4505933426714e-311, 3.115157726893303e-301
62.16216216216217, 1.5340570407e-313, 0.0, 0.0, 1.6021876299543993e-300
62.26226226226227, 8.437293829e-314, 6.519745929e-314, 4.4505933426714e-311, 3.115157726893303e-301
62.36236236236236, 1.5340570407e-313, 0.0, 0.0, 0.0
62.46246246246246, 0.0, 0.0, 0.0, 0.0
62.56256256256257, 0.0, 0.0, 0.0, 1.8692019252015996e-300
62.66266266266267, 2.0846e-319, 0.0, 0.0, 0.0
62.76276276276276, 0.0, 0.0, 0.0, 8.43201173461618e-309
62.86286286286287, 0.0, 0.0, 0.0, 0.0
62.96296296296297, 0.0, 0.0, 0.0, 6.6327342609259e-310
63.06306306306306, 5.461924222518096e-161, 9.326e-320, 3.18299366e-316, 4.880590319220126e-307
63.16316316316316, 5.3029e-319, 2.63317e-319, -1.6853647445537939e+305, 7.745183833321835e-115
63.26326326326327, 4.793781957e-315, 4.91526e-318, -1.372931277e-314, 4.703874981443261e-307
63.36336336336337, 4.79411476e-316, 3.34863962943271e-277, 1.0270459627e-314, 8.487983345677247e-308
63.46346346346346, 4.206e-320, 0.0, -9.775796363199365e-153, 1.1125893054251539e-300
63.56356356356356, 1.4573684666e-313, 3.83526256e-315, 9.34579912361107e-310, 2.7814866196767334e-301
63.66366366366367, 8.820742548e-314, 5e-324, 0.0, 1.11258921522989e-300
63.76376376376377, 1.4573684666e-313, 3.83526256e-315, 9.34579912361107e-310, 2.7814866196767334e-301
63.86386386386386, 8.820742548e-314, 5e-324, 0.0, 0.0
63.96396396396397, 0.0, 0.0, 0.0, 0.0
64.06406406406407, 0.0, 0.0, 0.0, 9.345867017425795e-301
64.16416416416416, 6.519857115e-314, 0.0, 0.0, 0.0
64.26426426426426, 0.0, 0.0, 0.0, -1.922477164193373e-296
64.36436436436438, 0.0, 0.0, 0.0, 0.0
64.46446446446447, 0.0, 0.0, 0.0, 3.8951906580211016e-264
64.56456456456456, 0.0, 1.1543e-319, 2.54639497e-316, 7.4109847e-317
64.66466466466467, 1.24346e-319, 0.0, 3.05567394e-315, 4.491034330749106e-302
64.76476476476478, 2.9468e-319, 3.74496e-318, 2.0689458974e-314, 1.7301219189312001e-96
64.86486486486487, 0.0, 0.0, 6.6326e-319, 7.80894451314348e-306
64.96496496496496, 1.152e-319, 0.0, 6.153787795e-315, 6.810232974480783e-139
65.06506506506507, 1.3806576565e-313, 8.437293829e-314, 7.56585546664153e-310, 4.450593342671152e-302
65.16516516516516, 2.684433637e-314, 1.5340570407e-313, 0.0, 0.0
65.26526526526527, 1.3806576565e-313, 8.437293829e-314, 7.56585546664153e-310, 4.450593342671152e-302
65.36536536536536, 2.684433637e-314, 1.5340570407e-313, 0.0, 0.0
65.46546546546547, 0.0, 0.0, 0.0, 0.0
65.56556556556556, 0.0, 0.0, 0.0, 0.0
65.66566566566567, 1.61075263676e-313, 2.0846e-319, 0.0, 0.0
65.76576576576578, 0.0, 0.0, 0.0, 0.0
65.86586586586587, 1.0422582328627605e+174, 0.0, 0.0, 0.0
65.96596596596596, 0.0, 0.0, 0.0, 0.0
66.06606606606607, 6e-323, 5.461924222518096e-161, 1.082217853e-315, 3.1829936870407872e-307
66.16616616616618, 4.206e-320, 5.3029e-319, 3.05567394e-315, -inf
66.26626626626627, 6.674279067160251e-128, 4.793781957e-315, 5.7039246873e-314, -1.3729312772362452e-305
66.36636636636636, 4.0533e-320, 4.79411476e-316, 3.885937231650418e-273, 1.0270459628271918e-305
66.46646646646647, 7.31e-321, 4.206e-320, 0.0, -7.229475734293502e+227
66.56656656656658, 9.587547141e-314, 1.4573684666e-313, 4.450640026643e-311, 9.345799123611093e-301
66.66666666666667, 2.3968982947e-314, 8.820742548e-314, 3.756e-320, 0.0
66.76676676676676, 9.5875463637e-314, 1.4573684666e-313, 4.450640026643e-311, 9.345799123611093e-301
66.86686686686687, 2.3968982947e-314, 8.820742548e-314, 3.756e-320, 0.0
66.96696696696698, 0.0, 0.0, 0.0, 0.0
67.06706706706707, 0.0, 0.0, 0.0, 0.0
67.16716716716716, 8.0536402933e-314, 6.519857115e-314, 0.0, 0.0
67.26726726726727, 0.0, 0.0, 0.0, 0.0
67.36736736736736, 1.2895427138267378e+201, 0.0, 0.0, 0.0
67.46746746746747, 0.0, 0.0, 0.0, 0.0
67.56756756756758, 3.35661361058725e-277, 0.0, 1.339520527e-315, 2.5463949516780616e-307
67.66766766766767, 0.0, 1.24346e-319, 0.0, 3.0556739397014467e-306
67.76776776776777, 3.87007166e-315, 4.35484e-319, 4.345848546e-314, 2.068945897519189e-305
67.86786786786787, 1.4909028314444928e-109, 0.0, 1.294e-321, 6.63260763190086e-310
67.96796796796798, 6.7292e-319, 1.152e-319, 0.0, 6.15378779379929e-306
68.06806806806807, 5.868602095512952e-152, 1.3806576565e-313, 9.7910787222523e-310, 7.565855466641554e-301
68.16816816816817, 3.835222327e-315, 2.684433637e-314, 1.78020032898007e-309, 0.0
68.26826826826826, 0.0, 1.3806576565e-313, 9.7910787222523e-310, 7.565855466641554e-301
68.36836836836838, 3.835222327e-315, 2.684433637e-314, 1.78020032898007e-309, 0.0
68.46846846846847, 0.0, 0.0, 0.0, 0.0
68.56856856856857, 0.0, 0.0, 0.0, 0.0
68.66866866866867, 0.0, 1.61075263676e-313, 2.41910661e-315, 0.0
68.76876876876878, 0.0, 0.0, 0.0, 0.0
68.86886886886887, 0.0, 1.044112022920106e+174, 0.0, 0.0
68.96896896896897, 0.0, 0.0, 0.0, 0.0
69.06906906906907, 0.0, 6e-323, 6.338303622218073e-157, 1.0822178537035502e-306
69.16916916916917, 2.743e-320, 4.206e-320, 6.153787795e-315, 3.055673938989992e-306
69.26926926926927, -1.4523341055780799e+301, 6.674279067160251e-128, 5.5629562617297e-311, 5.703924687126498e-305
69.36936936936938, -1.1831e-318, 4.0533e-320, 5.563342464964e-312, 3.8859372316504185e-264
69.46946946946947, 8.8504e-319, 7.31e-321, 4.88059033e-316, 0.0
69.56956956956957, -7.59567983928143e-287, 2.7803516e-314, 1.379623203706705e-309, 1.780197612991242e-300
69.66966966966967, 2.3010448925e-314, 4.026673864e-314, 1.11258853652281e-309, 2.461548792278216e-306
69.76976976976978, 0.0, 2.780351405e-314, 1.379623203706705e-309, 1.780197612991242e-300
69.86986986986987, 2.3010448925e-314, 4.026673864e-314, 1.11258853652281e-309, 2.461548792278216e-306
69.96996996996997, 0.0, 0.0, 0.0, 0.0
70.07007007007007, 0.0, 0.0, 0.0, 0.0
70.17017017017018, 0.0, 8.0536402933e-314, 7.56598449279274e-310, 5.63234836e-316
70.27027027027027, 0.0, 0.0, 0.0, 0.0
70.37037037037037, 0.0, 2.301001004e-314, 4.22787460353996e-310, 2.002687004478246e-301
70.47047047047047, 8.62874463e-315, 0.0, 0.0, 0.0
70.57057057057058, 0.0, 3.35661361058725e-277, 0.0, 1.3395205270286745e-306
70.67067067067067, 2.194e-320, 0.0, 1.442957137e-315, 1.432790373e-315
70.77077077077077, 2.63317e-319, 3.87007166e-315, 2.846707087e-315, 4.3458485455756e-305
70.87087087087087, 1.78288e-318, 1.4909028314444928e-109, 0.0, 1.295316606984e-312
70.97097097097098, 6e-323, 6.7292e-319, 1.33685735e-315, 1.136351e-316
71.07107107107107, 5.3029e-319, 5.868597899904061e-152, 8.45599366089143e-310, 1.3796238828696956e-300
71.17117117117117, 4.7936415284e-314, 9.587686806e-314, 4.450457533904e-311, 1.0681053941526761e-300
71.27127127127127, 0.0, 0.0, 8.45599366089143e-310, 1.3796238828696956e-300
71.37137137137137, 4.7936415284e-314, 9.587686806e-314, 4.450457533904e-311, 1.0681053941526761e-300
71.47147147147147, 0.0, 0.0, 0.0, 0.0
71.57157157157158, 0.0, 0.0, 0.0, 0.0
71.67167167167167, 0.0, 0.0, 1.8692019252016e-309, 2.4191066099475822e-306
71.77177177177177, 0.0, 0.0, 0.0, 0.0
71.87187187187187, 0.0, 0.0, 8.43201e-318, 0.0
71.97197197197198, 0.0, 0.0, 0.0, 0.0
72.07207207207207, 0.0, 0.0, 6.63273e-319, 6.338303622218074e-148
72.17217217217217, 9.326e-320, 2.743e-320, 4.88059033e-316, 6.153787794135254e-306
72.27227227227228, 2.63317e-319, -1.4523341055780799e+301, 7.745183833321836e-124, 5.562956261729247e-302
72.37237237237238, 4.91526e-318, -1.1831e-318, 4.703875e-316, 5.563342464963203e-303
72.47247247247248, 3.34863962943271e-277, 8.8504e-319, 8.4879836e-317, 4.88059032233274e-307
72.57257257257257, 0.0, -8.424124518648033e-157, 3.2264659665081e-310, 1.3796232037067053e-300
72.67267267267268, 1.53405470026e-313, 2.3010448925e-314, 4.6727637544894e-310, 1.1125885365228104e-300
72.77277277277278, 2.1212e-319, 0.0, 3.22646574101995e-310, 1.3796232037067053e-300
72.87287287287288, 1.53405470026e-313, 2.3010448925e-314, 4.6727637544894e-310, 1.1125885365228104e-300
72.97297297297297, 2.1212e-319, 0.0, 0.0, 0.0
73.07307307307308, 0.0, 0.0, 0.0, 0.0
73.17317317317318, 0.0, 0.0, 9.3458670174258e-310, 7.565984492792735e-301
73.27327327327328, 0.0, 0.0, 0.0, 0.0
73.37337337337338, 0.0, 0.0, -1.922477164193373e-305, 1.76979254997e-313
73.47347347347348, 0.0, 0.0, 0.0, 0.0
73.57357357357357, 0.0, 0.0, 3.895190658021102e-273, 0.0
73.67367367367368, 1.1543e-319, 2.194e-320, 0.0, 1.4429571379700203e-306
73.77377377377378, 0.0, 2.63317e-319, 4.491034330749e-311, 3.419645951416887e-306
73.87387387387388, 3.74496e-318, 1.78288e-318, 1.7301219189312002e-105, 1.0869444e-316
73.97397397397397, 0.0, 6e-323, 7.80894451e-315, 1.3368573483278842e-306
74.07407407407409, 0.0, 5.3029e-319, 6.810232974480783e-148, 8.455993660891438e-301
74.17417417417418, 1.18886717217e-313, 4.7936415284e-314, 1.112605512903597e-309, 4.45045753390436e-302
74.27427427427428, 9.2042146797e-314, 0.0, 0.0, 8.455993660891438e-301
74.37437437437437, 1.18886717217e-313, 4.7936415284e-314, 1.112605512903597e-309, 4.45045753390436e-302
74.47447447447448, 9.2042146797e-314, 0.0, 0.0, 0.0
74.57457457457458, 0.0, 0.0, 0.0, 0.0
74.67467467467468, 0.0, 0.0, 0.0, 1.8692019252015996e-300
74.77477477477477, 2.0846e-319, 0.0, 0.0, 0.0
74.87487487487488, 0.0, 0.0, 0.0, 1.2094911726173728e+187
74.97497497497498, 0.0, 0.0, 0.0, 0.0
75.07507507507508, 0.0, 0.0, 0.0, 6.6327342609259e-310
75.17517517517518, 5.461924222518096e-161, 9.326e-320, 3.18299366e-316, 4.880590319220126e-307
75.27527527527528, 5.3029e-319, 2.63317e-319, -1.6853647445537939e+305, 7.745183833321835e-115
75.37537537537538, 4.793781957e-315, 4.91526e-318, -1.372931277e-314, 4.703874981443261e-307
75.47547547547548, 4.79411476e-316, 3.34863962943271e-277, 1.0270459627e-314, 8.487983345677247e-308
75.57557557557558, 4.206e-320, 0.0, -7.229475734293503e+218, 3.226465966508099e-301
75.67567567567568, 1.18886658695e-313, 1.53405470026e-313, 2.67025329938745e-310, 4.672763754489386e-301
75.77577577577577, 9.587540515e-314, 2.1212e-319, 0.0, 3.2264657410199394e-301
75.87587587587588, 1.18886658695e-313, 1.53405470026e-313, 2.67025329938745e-310, 4.672763754489386e-301
75.97597597597598, 9.587540515e-314, 2.1212e-319, 0.0, 0.0
76.07607607607608, 0.0, 0.0, 0.0, 0.0
76.17617617617617, 0.0, 0.0, 0.0, 9.345867017425795e-301
76.27627627627629, 6.519857115e-314, 0.0, 0.0, 0.0
76.37637637637638, 0.0, 0.0, 0.0, 1.4964530669165392e+214
76.47647647647648, 0.0, 0.0, 0.0, 0.0
76.57657657657657, 0.0, 0.0, 0.0, 3.8951906580211016e-264
76.67667667667668, 0.0, 1.1543e-319, 2.54639497e-316, 7.4109847e-317
76.77677677677679, 1.24346e-319, 0.0, 3.05567394e-315, 4.491034330749106e-302
76.87687687687688, 4.35484e-319, 3.74496e-318, 2.0689458974e-314, 1.7301219189312001e-96
76.97697697697699, 0.0, 0.0, 6.6326e-319, 7.80894451314348e-306
77.07707707707708, 1.152e-319, 0.0, 6.153787795e-315, 6.810233976881777e-139
77.17717717717719, 7.286807221e-314, 1.18886717217e-313, 5.5627932984621e-310, 1.1126055129035943e-300
77.27727727727728, 3.8351053e-315, 9.2042146797e-314, 0.0, 0.0
77.37737737737739, 7.286807221e-314, 1.18886717217e-313, 5.5627932984621e-310, 1.1126055129035943e-300
77.47747747747748, 3.8351053e-315, 9.2042146797e-314, 0.0, 0.0
77.57757757757759, 0.0, 0.0, 0.0, 0.0
77.67767767767768, 0.0, 0.0, 0.0, 0.0
77.77777777777779, 1.61075263676e-313, 2.0846e-319, 0.0, 0.0
77.87787787787788, 0.0, 0.0, 0.0, 0.0
77.97797797797797, 1.044112022920106e+174, 0.0, 0.0, 0.0
78.0780780780781, 0.0, 0.0, 0.0, 0.0
78.17817817817819, 6e-323, 5.461924222518096e-161, 1.082217853e-315, 3.1829936870407872e-307
78.27827827827828, 4.206e-320, 5.3029e-319, 3.05567394e-315, -inf
78.37837837837837, 6.674279067160251e-128, 4.793781957e-315, 5.7039246873e-314, -1.3729312772362452e-305
78.4784784784785, 4.0533e-320, 4.79411476e-316, 3.885937231650418e-273, 1.0270459628271918e-305
78.57857857857859, 7.31e-321, 5.6684e-320, 0.0, 1.976262583e-315
78.67867867867868, 9.587547872e-314, 1.4573684666e-313, 4.450640026643e-311, 2.0026207984686084e-301
78.77877877877879, 9.5877745815e-314, 0.0, 0.0, 0.0
78.87887887887888, 9.5875463637e-314, 1.4573684666e-313, 4.450640026643e-311, 2.0026207984686084e-301
78.97897897897899, 9.5877745815e-314, 0.0, 0.0, 0.0
79.07907907907908, 0.0, 0.0, 0.0, 0.0
79.17917917917919, 0.0, 0.0, 0.0, 0.0
79.27927927927928, 8.0536402933e-314, 6.519857115e-314, 0.0, 0.0
79.37937937937939, 0.0, 0.0, 0.0, 0.0
79.47947947947948, 9.131487033082462e+174, 0.0, 0.0, 0.0
79.57957957957959, 0.0, 0.0, 0.0, 0.0
79.67967967967968, 3.35661361058725e-277, 0.0, 1.021220834e-315, 1.4853970557013598e-307
79.77977977977979, 1.83e-321, 9.143e-320, 0.0, 3.0556739397014467e-306
79.8798798798799, 3.834955334e-315, 5.1e-322, 4.345848546e-314, 2.809522428250855e-305
79.97997997997999, 1.2171575e-316, 0.0, 0.0, 6.63260763190086e-310
80.08008008008008, 6.7292e-319, 8.777e-320, 0.0, 8.487983163861089e-306
80.18018018018017, 5.0682200645644745e-229, 8.8207718083e-314, 8.0662534831727e-311, 2.0027633969743024e-301
80.2802802802803, 0.0, 0.0, 0.0, 0.0
80.38038038038039, 0.0, 8.8207718083e-314, 8.0662534831727e-311, 2.0027633969743024e-301
80.48048048048048, 0.0, 0.0, 0.0, 0.0
80.58058058058057, 0.0, 0.0, 0.0, 0.0
80.6806806806807, 0.0, 0.0, 0.0, 0.0
80.78078078078079, 0.0, 1.61075263676e-313, 2.41910661e-315, 0.0
80.88088088088088, 0.0, 0.0, 0.0, 0.0
80.98098098098099, 0.0, 7.26e-322, 0.0, 0.0
81.08108108108108, 0.0, 0.0, 0.0, 0.0
81.18118118118119, 0.0, 6e-323, 5.374431863055412e-302, 8.06358400803955e-307
81.28128128128128, 0.0, 4.389e-320, 8.48798316e-315, 3.055673938989992e-306
81.38138138138139, 3.7908560333914786e-156, 5.764019898244791e-205, 1.358077306e-315, 2.172923690454362e-305
81.48148148148148, -8.5943e-320, 1.5e-323, 2.225075980503e-311, 3.8859372316504185e-264
81.58158158158159, 8.8504e-319, 7.31e-321, 5.0927899e-316, 0.0
81.6816816816817, -3.2623196500601076e-277, 9.587546775e-314, 1.11258853725847e-309, 2.136164612433587e-300
81.78178178178179, 0.0, 0.0, 0.0, 0.0
81.88188188188188, 0.0, 9.5875463637e-314, 1.11258853725847e-309, 2.136164612433587e-300
81.98198198198199, 0.0, 0.0, 0.0, 0.0
82.0820820820821, 0.0, 0.0, 0.0, 0.0
82.18218218218219, 0.0, 0.0, 0.0, 0.0
82.28228228228228, 0.0, 8.0536402933e-314, 7.56598449279274e-310, 5.63234836e-316
82.38238238238237, 0.0, 0.0, 0.0, 0.0
82.4824824824825, 0.0, 2.301001004e-314, 4.22787460353996e-310, 2.7814543669726026e-301
82.58258258258259, 0.0, 0.0, 0.0, 0.0
82.68268268268268, 0.0, 3.35661361058725e-277, 0.0, 1.0187244069014151e-306
82.78278278278279, 1.8285e-320, 1.8285e-320, 1.01855798e-315, 1.976262583e-315
82.8828828828829, 2.63317e-319, 2.3967946e-316, 2.887820755e-315, 2.172923689980059e-305
82.98298298298299, 9.3624e-319, 4.117659670059145e-306, 0.0, 5.180658727193e-312
83.08308308308308, 6e-323, 6.7292e-319, 1.01855798e-315, 1.18575755e-316
83.18318318318319, 7.3144e-319, 5.0682200645644745e-229, 1.33511561496073e-309, 4.673011602095383e-301
83.28328328328328, 1.5340757649e-313, 0.0, 0.0, 0.0
83.38338338338339, 0.0, 0.0, 1.33511561496073e-309, 4.673011602095383e-301
83.48348348348348, 1.5340757649e-313, 0.0, 0.0, 0.0
83.58358358358359, 0.0, 0.0, 0.0, 0.0
83.68368368368368, 0.0, 0.0, 0.0, 0.0
83.78378378378379, 0.0, 0.0, 1.8692019252016e-309, 2.4191066099475822e-306
83.8838838838839, 0.0, 0.0, 0.0, 0.0
83.98398398398399, 0.0, 0.0, 8.43201e-318, 0.0
84.08408408408408, 0.0, 0.0, 0.0, 0.0
84.18418418418419, 0.0, 0.0, 6.63273e-319, 5.374431863055412e-293
84.2842842842843, 6.9485e-320, 0.0, 5.0927899e-316, 8.487983164098241e-306
84.38438438438439, 2.63317e-319, 3.7908560333914786e-156, 6.688871304541607e-201, 1.3580773062177743e-306
84.48448448448448, 1.87248e-318, -8.5943e-320, 1.6578e-319, 2.2250759805029923e-302
84.58458458458459, 3.34863962943271e-277, 8.8504e-319, 8.4879836e-317, 5.092789900688169e-307
84.6846846846847, 0.0, -3.2623196500601076e-277, 3.2264658604083e-310, 3.1152782572126585e-301
84.78478478478479, 2.013355949e-314, 1.2069e-319, 0.0, 0.0
84.88488488488488, 0.0, 0.0, 3.22646574101995e-310, 3.1152782572126585e-301
84.98498498498499, 2.013355949e-314, 1.2069e-319, 0.0, 0.0
85.08508508508508, 0.0, 0.0, 0.0, 0.0
85.18518518518519, 0.0, 0.0, 0.0, 0.0
85.28528528528528, 0.0, 0.0, 9.3458670174258e-310, 7.565984492792735e-301
85.38538538538539, 0.0, 0.0, 0.0, 0.0
85.48548548548548, 0.0, 0.0, 2.67020236918306e-310, 4.227874603539973e-301
85.58558558558559, 2.3968705016e-314, 0.0, 0.0, 0.0
85.6856856856857, 0.0, 0.0, 3.895190658021102e-273, 0.0
85.78578578578579, 8.7786e-320, 1.8285e-320, 2.1219958e-316, 1.0185579797819065e-306
85.88588588588588, 0.0, 2.63317e-319, 2.781366289486e-312, 2.887820756306216e-306
85.98598598598599, 1.87248e-318, 9.3624e-319, 4.778348460822259e-302, 0.0
86.0860860860861, 0.0, 6e-323, 7.80894451e-315, 1.0185579796830933e-306
86.18618618618619, 0.0, 7.3144e-319, 5.881428647616302e-225, 1.3351156149607305e-300
86.28628628628628, 4.026887442e-314, 1.5340757649e-313, 0.0, 0.0
86.38638638638639, 0.0, 0.0, 0.0, 1.3351156149607305e-300
86.4864864864865, 4.026887442e-314, 1.5340757649e-313, 0.0, 0.0
86.58658658658659, 0.0, 0.0, 0.0, 0.0
86.68668668668668, 0.0, 0.0, 0.0, 0.0
86.78678678678679, 0.0, 0.0, 0.0, 1.8692019252015996e-300
86.8868868868869, 2.0846e-319, 0.0, 0.0, 0.0
86.98698698698699, 0.0, 0.0, 0.0, 8.43201173461618e-309
87.08708708708708, 0.0, 0.0, 0.0, 0.0
87.18718718718719, 0.0, 0.0, 0.0, 6.6327342609259e-310
87.28728728728728, 4.631324298223314e-306, 6.9485e-320, 0.0, 5.092789898810719e-307
87.38738738738739, 7.3144e-319, 2.63317e-319, 4.399108363439556e-152, 6.6888713045416064e-192
87.4874874874875, 1.1703e-319, 1.87248e-318, -9.9733802e-316, 1.65780960694414e-310
87.58758758758759, 1.91742099e-315, 3.34863962943271e-277, 1.0270459627e-314, 8.487983345677247e-308
87.68768768768768, 4.389e-320, 0.0, -3.785766995734016e-273, 3.2264930219544338e-301
87.78778778778779, 2.684537502e-314, 2.013355949e-314, 1.400554783e-315, 0.0
87.8878878878879, 0.0, 0.0, 0.0, 3.2264929025660638e-301
87.98798798798799, 2.684537502e-314, 2.013355949e-314, 1.400554783e-315, 0.0
88.08808808808809, 0.0, 0.0, 0.0, 0.0
88.18818818818819, 0.0, 0.0, 0.0, 0.0
88.2882882882883, 0.0, 0.0, 0.0, 9.345867017425795e-301
88.38838838838839, 6.519857115e-314, 0.0, 0.0, 0.0
88.48848848848849, 0.0, 0.0, 0.0, 2.6702023691830374e-301
88.58858858858859, 3.6432982832e-314, 2.3968705016e-314, 1.716e-320, 0.0
88.6886886886887, 0.0, 0.0, 0.0, 3.8951906580211016e-264
88.78878878878879, 0.0, 8.7786e-320, 2.1219958e-316, 2.1219957909652723e-307
88.88888888888889, 8.777e-320, 0.0, 3.05567394e-315, 2.781366289486e-303
88.988988988989, 2.4885e-319, 1.87248e-318, 1.0864618457e-314, 4.7783484608222596e-293
89.0890890890891, 0.0, 0.0, 6.6326e-319, 7.80894451314348e-306
89.1891891891892, 8.777e-320, 0.0, 8.48798316e-315, 5.881428647616302e-216
89.2892892892893, 9.5875463706e-314, 9.5875405214e-314, 2.13616461243359e-309, 2.137076998561e-311
89.3893893893894, 0.0, 0.0, 0.0, 0.0
89.48948948948949, 9.5875463706e-314, 9.5875405214e-314, 2.13616461243359e-309, 2.137076998561e-311
89.5895895895896, 0.0, 0.0, 0.0, 0.0
89.6896896896897, 0.0, 0.0, 0.0, 0.0
89.7897897897898, 0.0, 0.0, 0.0, 0.0
89.88988988988989, 1.61075263676e-313, 2.0846e-319, 0.0, 0.0
89.98998998999, 0.0, 0.0, 0.0, 0.0
90.0900900900901, 7.26e-322, 0.0, 0.0, 0.0
90.1901901901902, 0.0, 0.0, 0.0, 0.0
90.29029029029029, 6e-323, 4.631324298223314e-306, 8.063584e-316, 4.9406565e-317
90.3903903903904, 4.389e-320, 7.3144e-319, 3.05567394e-315, 4.3991083634395555e-143
90.4904904904905, 5.764019898244791e-205, 1.1703e-319, 2.1729236904e-314, -9.973380242832941e-307
90.5905905905906, 1.5e-323, 1.91742099e-315, 3.885937231650418e-273, 1.0270459628271918e-305
90.69069069069069, 7.31e-321, 4.389e-320, 0.0, -3.7857669957340153e-264
90.7907907907908, 3.0680581093e-314, 8.8207718083e-314, 8.0662534831727e-311, 2.0027633969743024e-301
90.8908908908909, 0.0, 0.0, 0.0, 0.0
90.990990990991, 3.0680579033e-314, 8.8207718083e-314, 8.0662534831727e-311, 2.0027633969743024e-301
91.09109109109109, 0.0, 0.0, 0.0, 0.0
91.1911911911912, 0.0, 0.0, 0.0, 0.0
91.2912912912913, 0.0, 0.0, 0.0, 0.0
91.3913913913914, 8.0536402933e-314, 6.519857115e-314, 0.0, 0.0
91.4914914914915, 0.0, 0.0, 0.0, 0.0
91.5915915915916, 2.301001004e-314, 3.6432982832e-314, 2.7814543669726e-310, 1.716126645451e-311
91.69169169169169, 0.0, 0.0, 0.0, 0.0
91.7917917917918, 3.35661361058725e-277, 0.0, 1.018724405e-315, 2.1219957928427218e-307
91.8918918918919, 1.8285e-320, 8.777e-320, 0.0, 3.0556739397014467e-306
91.991991991992, 2.3967946e-316, 2.4885e-319, 2.17292369e-314, 1.0864618454801426e-305
92.09209209209209, 4.117659670059145e-306, 0.0, 5.183e-321, 6.63260763190086e-310
92.19219219219221, 6.7292e-319, 8.777e-320, 0.0, 8.487983163861089e-306
92.2922922922923, 5.0682200645644745e-229, 8.8207718083e-314, 6.89801755823966e-310, 2.113961068045135e-301
92.3923923923924, 1.84080314474e-313, 0.0, 0.0, 0.0
92.49249249249249, 0.0, 8.8207718083e-314, 6.89801755823966e-310, 2.113961068045135e-301
92.5925925925926, 1.84080314474e-313, 0.0, 0.0, 0.0
92.6926926926927, 0.0, 0.0, 0.0, 0.0
92.7927927927928, 0.0, 0.0, 0.0, 0.0
92.89289289289289, 0.0, 1.61075263676e-313, 2.41910661e-315, 0.0
92.992992992993, 0.0, 0.0, 0.0, 0.0
93.0930930930931, 0.0, 7.26e-322, 0.0, 0.0
93.1931931931932, 0.0, 0.0, 0.0, 0.0
93.2932932932933, 0.0, 6e-323, 5.374431863055412e-302, 8.06358400803955e-307
93.3933933933934, 0.0, 4.389e-320, 8.48798316e-315, 3.055673938989992e-306
93.4934934934935, 3.7908560333914786e-156, 5.764019898244791e-205, 1.358077306e-315, 2.172923690454362e-305
93.5935935935936, -8.5943e-320, 1.5e-323, 2.225075980503e-311, 3.8859372316504185e-264
93.6936936936937, 8.8504e-319, 7.31e-321, 5.0927899e-316, 0.0
93.7937937937938, -3.2623196500601076e-277, 9.587546775e-314, 1.11258853725847e-309, 3.0039719384031256e-301
93.89389389389389, 6.950948006e-315, 1.72584694e-314, 0.0, 0.0
93.99399399399401, 0.0, 9.5875463637e-314, 1.11258853725847e-309, 3.0039719384031256e-301
94.0940940940941, 6.950948006e-315, 1.72584694e-314, 0.0, 0.0
94.1941941941942, 0.0, 0.0, 0.0, 0.0
94.29429429429429, 0.0, 0.0, 0.0, 0.0
94.39439439439441, 0.0, 8.0536402933e-314, 7.56598449279274e-310, 5.63234836e-316
94.4944944944945, 0.0, 0.0, 0.0, 0.0
94.5945945945946, 0.0, 2.301001004e-314, 4.22787460353996e-310, 2.7814543669726026e-301
94.69469469469469, 0.0, 0.0, 0.0, 0.0
94.7947947947948, 0.0, 3.35661361058725e-277, 0.0, 1.0187244069014151e-306
94.8948948948949, 1.8285e-320, 1.8285e-320, 1.01855798e-315, 1.976262583e-315
94.994994994995, 2.63317e-319, 2.3967946e-316, 2.887820755e-315, 2.172923689980059e-305
95.0950950950951, 9.3624e-319, 4.117659670059145e-306, 0.0, 5.180658727193e-312
95.1951951951952, 6e-323, 6.7292e-319, 1.01855798e-315, 1.18575755e-316
95.2952952952953, 7.3144e-319, 5.0682200645644745e-229, 1.33511561496073e-309, 4.673011602095383e-301
95.3953953953954, 3.643315838e-314, 2.0133559486e-314, 1.400554783e-315, 0.0
95.4954954954955, 0.0, 0.0, 1.33511561496073e-309, 4.673011602095383e-301
95.5955955955956, 3.643315838e-314, 2.0133559486e-314, 1.400554783e-315, 0.0
95.6956956956957, 0.0, 0.0, 0.0, 0.0
95.7957957957958, 0.0, 0.0, 0.0, 0.0
95.8958958958959, 0.0, 0.0, 1.8692019252016e-309, 2.4191066099475822e-306
95.995995995996, 0.0, 0.0, 0.0, 0.0
96.09609609609609, 0.0, 0.0, 8.43201e-318, 0.0
96.19619619619621, 0.0, 0.0, 0.0, 0.0
96.2962962962963, 0.0, 0.0, 6.63273e-319, 5.374431863055412e-293
96.3963963963964, 6.9485e-320, 0.0, 5.0927899e-316, 8.487983164098241e-306
96.49649649649649, 2.63317e-319, 3.7908560333914786e-156, 6.688871304541607e-201, 1.3580773062177743e-306
96.59659659659661, 1.87248e-318, -8.5943e-320, 1.6578e-319, 2.2250759805029923e-302
96.6966966966967, 3.34863962943271e-277, 8.8504e-319, 8.4879836e-317, 5.092789900688169e-307
96.7967967967968, 0.0, -3.2623196500601076e-277, 3.2264658604083e-310, 3.1152782572126585e-301
96.8968968968969, 2.3010419666e-314, 3.643292432e-314, 1.780222057512383e-309, 3.26083326e-316
96.996996996997, 0.0, 0.0, 3.22646574101995e-310, 3.1152782572126585e-301
97.0970970970971, 2.3010419666e-314, 3.643292432e-314, 1.780222057512383e-309, 3.26083326e-316
97.1971971971972, 0.0, 0.0, 0.0, 0.0
97.2972972972973, 0.0, 0.0, 0.0, 0.0
97.3973973973974, 0.0, 0.0, 9.3458670174258e-310, 7.565984492792735e-301
97.4974974974975, 0.0, 0.0, 0.0, 0.0
97.5975975975976, 0.0, 0.0, 2.67020236918306e-310, 4.227874603539973e-301
97.6976976976977, 2.3968705016e-314, 0.0, 0.0, 0.0
97.7977977977978, 0.0, 0.0, 3.895190658021102e-273, 0.0
97.8978978978979, 8.7786e-320, 1.8285e-320, 2.1219958e-316, 1.0185579797819065e-306
97.99799799799801, 0.0, 2.63317e-319, 2.781366289486e-312, 2.887820756306216e-306
98.0980980980981, 1.87248e-318, 9.3624e-319, 4.778348460822259e-302, 0.0
98.1981981981982, 0.0, 6e-323, 7.80894451e-315, 1.0822178534120515e-306
98.29829829829829, 0.0, 7.3144e-319, 9131024.384, 1.0236086703152719e-300
98.39839839839841, 6.51983956e-314, 6.5196113444e-314, 2.22813314e-315, 0.0
98.4984984984985, 0.0, 0.0, 0.0, 1.0236086703152719e-300
98.5985985985986, 6.51983956e-314, 6.5196113444e-314, 2.22813314e-315, 0.0
98.69869869869869, 0.0, 0.0, 0.0, 0.0
98.79879879879881, 0.0, 0.0, 0.0, 0.0
98.8988988988989, 0.0, 0.0, 0.0, 1.8692019252015996e-300
98.998998998999, 2.0846e-319, 0.0, 0.0, 0.0
99.0990990990991, 0.0, 0.0, 0.0, 8.43201173461618e-309
99.1991991991992, 0.0, 0.0, 0.0, 0.0
99.2992992992993, 0.0, 0.0, 0.0, 6.6327342609259e-310
99.3993993993994, 5.14112346875173e-161, 7.314e-320, 6.3659874e-317, 4.456191161224698e-307
99.4994994994995, 7.3144e-319, 2.63317e-319, -2.125906561301564e+301, 1.038459372190543e+40
99.5995995995996, 4.793781957e-315, 3.98268e-318, -7.4269853e-316, 2.7813423231340017e-303
99.6996996996997, 1.83e-321, 3.34863962943271e-277, 1.0270459627e-314, 8.487983345677247e-308
99.79979979979981, 4.389e-320, 0.0, 0.0, 4.227902410958554e-301
99.8998998998999, 1.5340652322e-313, 1.81036e-319, 0.0, 0.0
100.0, 0.0, 0.0, 0.0, 4.2279017610451295e-301
