Initial conditions: Te0=800.0, Ti0=1200.0, rho0=83.33333333333331, Rh0=12.000000000000002
t (ps), Te (keV), Ti (keV), rho (g/cm^3), Rh (um)
0.0, 800.0, 1200.0, 83.33333333333331, 12.000000000000002
0.1001001001001001, 52.473758345748635, 1197.1926735746295, 83.38457413960252, 12.000000000000002
0.2002002002002002, 42.48562365601102, 1191.8635727849344, 83.39061792939819, 12.000000000000002
0.3003003003003003, 39.34016862948881, 1185.4423736584376, 83.39496216665647, 12.000000000000002
0.4004004004004004, 38.168516379750166, 1178.5726338878906, 83.39880465883368, 12.000000000000002
0.5005005005005005, 37.69544460114929, 1171.5403131013643, 83.40246402598245, 12.000000000000002
0.6006006006006006, 37.484356044493744, 1164.462948342687, 83.40604824136216, 12.000000000000002
0.7007007007007008, 37.3736101441279, 1157.3870709493885, 83.40959704357172, 12.000000000000002
0.8008008008008008, 37.301654642912695, 1150.3308189908157, 83.41312554150215, 12.000000000000002
0.9009009009009009, 37.24476546444329, 1143.30120619109, 83.41663956575516, 12.000000000000002
1.001001001001001, 37.1937400916806, 1136.3009157458575, 83.420141387426, 12.000000000000002
1.1011011011011012, 37.1449936721972, 1129.33094638803, 83.4236318999403, 12.000000000000002
1.2012012012012012, 37.09712513573126, 1122.391640633371, 83.42711146067691, 12.000000000000002
1.3013013013013013, 37.049585133318566, 1115.4830848635759, 83.43058021772222, 12.000000000000002
1.4014014014014016, 37.002157636351114, 1108.6052652205667, 83.4340382371733, 12.000000000000002
1.5015015015015014, 36.95475751507257, 1101.7581285123529, 83.43748555290483, 12.000000000000002
1.6016016016016017, 36.907351013506805, 1094.941606148217, 83.44092218614664, 12.000000000000002
1.7017017017017018, 36.859924763644116, 1088.1556234665084, 83.44434815312029, 12.000000000000002
1.8018018018018018, 36.81247339669516, 1081.4001034638716, 83.4477634680968, 12.000000000000002
1.901901901901902, 36.764994891813814, 1074.6749656726101, 83.45116814496295, 12.000000000000002
2.002002002002002, 36.71748838240254, 1067.9801345768358, 83.45456219648345, 12.000000000000002
2.1021021021021022, 36.66995350738278, 1061.3155379056498, 83.45794563478024, 12.000000000000002
2.2022022022022023, 36.62238998561688, 1054.6810885452564, 83.46131847444298, 12.000000000000002
2.3023023023023024, 36.57479788899502, 1048.0767096621298, 83.46468072829933, 12.000000000000002
2.4024024024024024, 36.52717734180415, 1041.5023242210395, 83.46803240922615, 12.000000000000002
2.5025025025025025, 36.47952849484779, 1034.9578319395785, 83.47137353406515, 12.000000000000002
2.6026026026026026, 36.43185134256528, 1028.4432210454618, 83.47470410480463, 12.000000000000002
2.702702702702703, 36.38414547862816, 1021.9583455629588, 83.47802414624493, 12.000000000000002
2.802802802802803, 36.336410807786926, 1015.5031504936879, 83.48133366779113, 12.000000000000002
2.9029029029029028, 36.28864770062386, 1009.0775586572403, 83.48463268249054, 12.000000000000002
3.003003003003003, 36.24085612662182, 1002.6814938959084, 83.48792120337939, 12.000000000000002
3.1031031031031033, 36.19303609899475, 996.3148772154238, 83.49119924401688, 12.000000000000002
3.2032032032032034, 36.1451875926752, 989.9776401248097, 83.49446681622729, 12.000000000000002
3.3033033033033035, 36.097310635659596, 983.6696906765525, 83.4977239358625, 12.000000000000002
3.4034034034034035, 36.04940542794866, 977.3909560256418, 83.5009706155213, 12.000000000000002
3.503503503503504, 36.00147202529834, 971.1413597485862, 83.5042068684753, 12.000000000000002
3.6036036036036037, 35.953510162427236, 964.9208247237021, 83.50743270830067, 12.000000000000002
3.703703703703704, 35.905520100521464, 958.7292736871348, 83.51064814844393, 12.000000000000002
3.803803803803804, 35.857501822823494, 952.5666296108085, 83.51385320248993, 12.000000000000002
3.903903903903904, 35.809455271313254, 946.4328125868209, 83.51704788457914, 12.000000000000002
4.004004004004004, 35.76138051097658, 940.3277489403952, 83.52023220776326, 12.000000000000002
4.104104104104104, 35.71327759737619, 934.2513686991372, 83.52340618450162, 12.000000000000002
4.2042042042042045, 35.66514657876787, 928.2035870276646, 83.52656982993379, 12.000000000000002
4.3043043043043046, 35.61698760884433, 922.1843251922598, 83.52972315814685, 12.000000000000002
4.404404404404405, 35.56880086035666, 916.1935098405204, 83.53286618230511, 12.000000000000002
4.504504504504505, 35.52058613600179, 910.2310646698741, 83.53599891629449, 12.000000000000002
4.604604604604605, 35.47234330219587, 904.2969133996633, 83.53912137400165, 12.000000000000002
4.704704704704705, 35.42407301319167, 898.3909786631783, 83.54223356935121, 12.000000000000002
4.804804804804805, 35.37577490519677, 892.5131855759143, 83.54533551619281, 12.000000000000002
4.904904904904906, 35.32744912019509, 886.663457962248, 83.5484272285042, 12.000000000000002
5.005005005005005, 35.27909575269874, 880.8417190806733, 83.55150872045483, 12.000000000000002
5.105105105105106, 35.230714853872705, 875.0479015999668, 83.55458000455859, 12.000000000000002
5.205205205205205, 35.18230655192925, 869.2819175706506, 83.55764109714443, 12.000000000000002
5.305305305305305, 35.133871083569886, 863.5436954122708, 83.56069201158839, 12.000000000000002
5.405405405405406, 35.085408533467785, 857.8331604149279, 83.56373276191319, 12.000000000000002
5.505505505505505, 35.03691862282294, 852.1502374012853, 83.56676336245998, 12.000000000000002
5.605605605605606, 34.988401722905685, 846.494851020355, 83.56978382740711, 12.000000000000002
5.705705705705706, 34.93985799608101, 840.8669261817538, 83.57279417107965, 12.000000000000002
5.8058058058058055, 34.891287419612055, 835.2663847672787, 83.5757944084915, 12.000000000000002
5.9059059059059065, 34.84269011455641, 829.6931550068699, 83.57878455346277, 12.000000000000002
6.006006006006006, 34.79406621105312, 824.1471692534818, 83.58176461909338, 12.000000000000002
6.106106106106107, 34.745415831260495, 818.6283462485908, 83.58473462118467, 12.000000000000002
6.206206206206207, 34.69673921095111, 813.1366073889553, 83.58769457506313, 12.000000000000002
6.306306306306307, 34.648036628610086, 807.6718821194058, 83.59064449455646, 12.000000000000002
6.406406406406407, 34.59930799005224, 802.2340963320023, 83.59358439440109, 12.000000000000002
6.506506506506507, 34.55055319682066, 796.8231759957512, 83.5965142893667, 12.000000000000002
6.606606606606607, 34.501772950083264, 791.4390460633472, 83.59943419428062, 12.000000000000002
6.706706706706707, 34.452967070868496, 786.0816336228564, 83.60234412391824, 12.000000000000002
6.806806806806807, 34.404135758262825, 780.7508667038082, 83.60524409280816, 12.000000000000002
6.906906906906907, 34.35527923734518, 775.4466653323478, 83.60813411720802, 12.000000000000002
7.007007007007008, 34.30639763812766, 770.1689712956942, 83.61101420906155, 12.000000000000002
7.107107107107107, 34.257491215034335, 764.9176968050145, 83.61388438635817, 12.000000000000002
7.207207207207207, 34.20856032189066, 759.6927721885872, 83.61674466350333, 12.000000000000002
7.307307307307307, 34.15960515333135, 754.49412552795, 83.61959505545332, 12.000000000000002
7.407407407407408, 34.11062552276176, 749.3216842399466, 83.62243557757984, 12.000000000000002
7.507507507507508, 34.06162193730559, 744.1753755947233, 83.62526624509276, 12.000000000000002
7.607607607607608, 34.01259464016633, 739.055126672017, 83.6280870735031, 12.000000000000002
7.707707707707708, 33.963543793131194, 733.9608625066301, 83.63089807886517, 12.000000000000002
7.807807807807808, 33.91446964120464, 728.8925146523484, 83.63369927590988, 12.000000000000002
7.907907907907909, 33.86537244364404, 723.850018138502, 83.63649067872367, 12.000000000000002
8.008008008008009, 33.816252491061626, 718.8332929661933, 83.63927230473446, 12.000000000000002
8.108108108108109, 33.76711019376121, 713.8422655717429, 83.64204417006539, 12.000000000000002
8.208208208208209, 33.71794595160376, 708.8768673929195, 83.6448062898387, 12.000000000000002
8.308308308308309, 33.66875988365712, 703.9370273167528, 83.64755867999948, 12.000000000000002
8.408408408408409, 33.619552152444015, 699.0226646949875, 83.65030135870649, 12.000000000000002
8.508508508508509, 33.57032286331837, 694.1337375736078, 83.65303433552239, 12.000000000000002
8.608608608608609, 33.521072572401245, 689.270142846423, 83.65575763383644, 12.000000000000002
8.70870870870871, 33.47180178982155, 684.4318228679529, 83.65847126689435, 12.000000000000002
8.80880880880881, 33.422510835513876, 679.6187073488344, 83.66117525099395, 12.000000000000002
8.90890890890891, 33.37320002680372, 674.8307268553328, 83.66386960236618, 12.000000000000002
9.00900900900901, 33.32386975397335, 670.0678116893625, 83.66655433741728, 12.000000000000002
9.10910910910911, 33.274520351110546, 665.32990056431, 83.66922947073262, 12.000000000000002
9.20920920920921, 33.22515227975087, 660.6169118548851, 83.67189502179102, 12.000000000000002
9.30930930930931, 33.1757661291168, 655.9287779418385, 83.67455100689331, 12.000000000000002
9.40940940940941, 33.12636237258222, 651.2654314478006, 83.67719744241589, 12.000000000000002
9.50950950950951, 33.07694136237588, 646.6267673217045, 83.67983435442686, 12.000000000000002
9.60960960960961, 33.027502897855975, 642.0128248409, 83.68246173308242, 12.000000000000002
9.70970970970971, 32.97804789495905, 637.4234279546206, 83.68507962236139, 12.000000000000002
9.809809809809812, 32.928576969372635, 632.8585418091291, 83.68768803108685, 12.000000000000002
9.90990990990991, 32.87909063931715, 628.3181018335406, 83.69028697573546, 12.000000000000002
10.01001001001001, 32.829589395535365, 623.8020389798509, 83.69287647409949, 12.000000000000002
10.11011011011011, 32.780073747229956, 619.3102880970102, 83.69545654311781, 12.000000000000002
10.210210210210212, 32.73054427065403, 614.8427802876012, 83.6980272008792, 12.000000000000002
10.310310310310312, 32.68100146636552, 610.3994561807618, 83.70058846316267, 12.000000000000002
10.41041041041041, 32.63144608694152, 605.9802371171152, 83.7031403509234, 12.000000000000002
10.51051051051051, 32.58187887518942, 601.5850609878607, 83.705682880946, 12.000000000000002
10.61061061061061, 32.53230024854106, 597.2138616795238, 83.70821607140466, 12.000000000000002
10.710710710710712, 32.48271066771716, 592.8665693855501, 83.71073994165268, 12.000000000000002
10.810810810810812, 32.43311065886287, 588.5431290006037, 83.71325450712355, 12.000000000000002
10.91091091091091, 32.38350123783132, 584.2434610922622, 83.71575979011833, 12.000000000000002
11.01101101101101, 32.3338830850638, 579.9675076302412, 83.71825580725213, 12.000000000000002
11.11111111111111, 32.28425690311884, 575.7152031701019, 83.72074257743338, 12.000000000000002
11.211211211211213, 32.23462340689318, 571.4864835053337, 83.72322011942096, 12.000000000000002
11.311311311311313, 32.184983385772476, 567.2812843185245, 83.72568845220371, 12.000000000000002
11.411411411411413, 32.13533755430119, 563.0995493874392, 83.72814759258824, 12.000000000000002
11.511511511511511, 32.08568690374172, 558.9412042056898, 83.73059756300962, 12.000000000000002
11.611611611611611, 32.03603236033821, 554.8061866313813, 83.73303838245917, 12.000000000000002
11.711711711711713, 31.98637458362808, 550.6944344601684, 83.73547007028465, 12.000000000000002
11.811811811811813, 31.936714230792774, 546.6058832838808, 83.73789264675622, 12.000000000000002
11.911911911911913, 31.887052242323907, 542.5404725462452, 83.74030613108023, 12.000000000000002
12.012012012012011, 31.837389749811017, 538.4981353415408, 83.74271054468468, 12.000000000000002
12.112112112112113, 31.7877276266997, 534.4788133410766, 83.74510590659706, 12.000000000000002
12.212212212212213, 31.738066815912198, 530.482450272713, 83.7474922353358, 12.000000000000002
12.312312312312313, 31.688408544598534, 526.5089771226509, 83.74986955385249, 12.000000000000002
12.412412412412413, 31.638753735005036, 522.5583339072488, 83.75223788247786, 12.000000000000002
12.512512512512513, 31.589103233422275, 518.6304599284633, 83.75459724209418, 12.000000000000002
12.612612612612613, 31.53945821260623, 514.7252944519123, 83.75694765375367, 12.000000000000002
12.712712712712714, 31.489819849336644, 510.84277704959635, 83.75928913869346, 12.000000000000002
12.812812812812814, 31.440189234880332, 506.9828476284299, 83.76162171836498, 12.000000000000002
12.912912912912914, 31.390567509839425, 503.14544639037797, 83.7639454143981, 12.000000000000002
13.013013013013014, 31.34095587969847, 499.3305138288734, 83.76626024859982, 12.000000000000002
13.113113113113114, 31.29135556550815, 495.537990744888, 83.76856624297183, 12.000000000000002
13.213213213213214, 31.241767805783265, 491.76781824556286, 83.77086341971226, 12.000000000000002
13.313313313313314, 31.192193875249686, 488.01993774263434, 83.77315180121552, 12.000000000000002
13.413413413413414, 31.142635080307613, 484.2942909537487, 83.77543141007685, 12.000000000000002
13.513513513513514, 31.09309275470352, 480.5908199010503, 83.7777022690947, 12.000000000000002
13.613613613613614, 31.043568263256923, 476.90946691393646, 83.77996440127555, 12.000000000000002
13.713713713713714, 30.99406300159962, 473.25017462332175, 83.78221782983323, 12.000000000000002
13.813813813813814, 30.944578396828653, 469.61288596642714, 83.78446257819581, 12.000000000000002
13.913913913913914, 30.895115907129174, 465.99754418472116, 83.78669867000775, 12.000000000000002
14.014014014014016, 30.845677022184997, 462.40409282449565, 83.78892612913425, 12.000000000000002
14.114114114114114, 30.79626326324264, 458.83247573096935, 83.79114497966076, 12.000000000000002
14.214214214214214, 30.746876184399905, 455.2826370515962, 83.7933552458996, 12.000000000000002
14.314314314314315, 30.697517371953364, 451.7545212330081, 83.79555695239203, 12.000000000000002
14.414414414414415, 30.64818844451671, 448.24807301959737, 83.79775012391178, 12.000000000000002
14.514514514514516, 30.59889105340837, 444.763237450033, 83.79993478546709, 12.000000000000002
14.614614614614615, 30.549626883211683, 441.29995985588016, 83.80211096230448, 12.000000000000002
14.714714714714717, 30.50039765154396, 437.8581858587844, 83.80427867991182, 12.000000000000002
14.814814814814817, 30.451205109098655, 434.43786136757336, 83.80643796402138, 12.000000000000002
14.914914914914917, 30.40205103980019, 431.0389325745267, 83.8085888406125, 12.000000000000002
15.015015015015017, 30.35293726112098, 427.66134595159235, 83.81073133591427, 12.000000000000002
15.115115115115117, 30.30386562398824, 424.3050482470261, 83.81286547640899, 12.000000000000002
15.215215215215215, 30.254838012635506, 420.96998648090823, 83.81499128883482, 12.000000000000002
15.315315315315315, 30.20585634465864, 417.65610794086103, 83.81710880018886, 12.000000000000002
15.415415415415415, 30.15692257104562, 414.36336017564497, 83.81921803772845, 12.000000000000002
15.515515515515515, 30.108038676228226, 411.09169099138364, 83.82131902897531, 12.000000000000002
15.615615615615615, 30.059206677679384, 407.84104844532663, 83.82341180171758, 12.000000000000002
15.715715715715717, 30.010428625826428, 404.61138084026527, 83.82549638401278, 12.000000000000002
15.815815815815817, 29.96170660375106, 401.4026367160005, 83.82757280418794, 12.000000000000002
15.915915915915917, 29.91304272752666, 398.2147648455944, 83.82964109084521, 12.000000000000002
16.016016016016017, 29.86443914547179, 395.04771422672644, 83.83170127286267, 12.000000000000002
16.116116116116117, 29.815898037857917, 391.90143407438967, 83.83375337939677, 12.000000000000002
16.216216216216218, 29.76742161655824, 388.7758738121925, 83.83579743988344, 12.000000000000002
16.316316316316318, 29.719012124978345, 385.6709830644497, 83.83783348404077, 12.000000000000002
16.416416416416418, 29.670671837399862, 382.58671164738956, 83.83986154187079, 12.000000000000002
16.516516516516518, 29.622403058405062, 379.52300955986647, 83.8418816436611, 12.000000000000002
16.616616616616618, 29.574208122441647, 376.47982697393684, 83.84389381998687, 12.000000000000002
16.716716716716718, 29.52608939329292, 373.45711422387996, 83.84589810171083, 12.000000000000002
16.816816816816818, 29.478049263579752, 370.4548217965672, 83.84789451998591, 12.000000000000002
16.916916916916918, 29.430090153775915, 367.47290031978775, 83.84988310625488, 12.000000000000002
17.017017017017018, 29.382214511789133, 364.51130055233233, 83.85186389225424, 12.000000000000002
17.117117117117118, 29.334424812087875, 361.56997337109215, 83.85383691001309, 12.000000000000002
17.217217217217218, 29.286723555088866, 358.648869759158, 83.85580219185472, 12.000000000000002
17.31731731731732, 29.23911326608157, 355.7479407929604, 83.85775977039668, 12.000000000000002
17.41741741741742, 29.19159649429141, 352.86713762919504, 83.85970967855125, 12.000000000000002
17.51751751751752, 29.144175811976663, 350.0064114913014, 83.86165194952564, 12.000000000000002
17.61761761761762, 29.096853813435615, 347.1657136554569, 83.86358661682173, 12.000000000000002
17.71771771771772, 29.049633113929, 344.34499543628567, 83.86551371423639, 12.000000000000002
17.81781781781782, 29.002516348474487, 341.54420817205715, 83.86743327586011, 12.000000000000002
17.91791791791792, 28.955506170688697, 338.7633032097214, 83.86934533607601, 12.000000000000002
18.01801801801802, 28.908605251867133, 336.0022318891539, 83.87124992956404, 12.000000000000002
18.11811811811812, 28.861816279227096, 333.260945526977, 83.87314709129545, 12.000000000000002
18.21821821821822, 28.81514195482547, 330.5393954001299, 83.87503685653263, 12.000000000000002
18.31831831831832, 28.76858499417738, 327.8375327292496, 83.87691926082715, 12.000000000000002
18.41841841841842, 28.722148124877258, 325.1553086612175, 83.87879434001911, 12.000000000000002
18.518518518518523, 28.675834084790313, 322.4926742515041, 83.88066213023671, 12.000000000000002
18.61861861861862, 28.62964562064056, 319.84958044676614, 83.88252266789144, 12.000000000000002
18.71871871871872, 28.58358548664762, 317.22597806644495, 83.88437598967678, 12.000000000000002
18.81881881881882, 28.537656442805623, 314.62181778538627, 83.88622213256365, 12.000000000000002
18.91891891891892, 28.491861252996358, 312.0370501104419, 83.88806113380633, 12.000000000000002
19.01901901901902, 28.446202683213826, 309.4716253662962, 83.88989303092963, 12.000000000000002
19.11911911911912, 28.400683500042966, 306.9254936693311, 83.89171786173479, 12.000000000000002
19.21921921921922, 28.35530646825293, 304.39860489030644, 83.89353566431564, 12.000000000000002
19.31931931931932, 28.31007435015049, 301.89090872744816, 83.89534647694718, 12.000000000000002
19.41941941941942, 28.2649899032469, 299.4023545616965, 83.89715033823143, 12.000000000000002
19.519519519519523, 28.220055876928733, 296.93289147603906, 83.89894728703003, 12.000000000000002
19.619619619619623, 28.175275013075442, 294.4824683087159, 83.90073736240686, 12.000000000000002
19.71971971971972, 28.130650040972778, 292.05103352239075, 83.90252060371367, 12.000000000000002
19.81981981981982, 28.0861836765163, 289.6385351296716, 83.90429705055283, 12.000000000000002
19.91991991991992, 28.041878628391792, 287.24492092191565, 83.906066742701, 12.000000000000002
20.02002002002002, 27.997737595316778, 284.87013838658254, 83.90782972017955, 12.000000000000002
20.12012012012012, 27.95376326243259, 282.5141346098609, 83.90958602331, 12.000000000000002
20.22022022022022, 27.909958188065783, 280.17685612358247, 83.9113356926463, 12.000000000000002
20.32032032032032, 27.866324917463004, 277.85824887048534, 83.91307876887662, 12.000000000000002
20.420420420420424, 27.822866223658938, 275.5582584596364, 83.91481529286901, 12.000000000000002
20.520520520520524, 27.779584638845673, 273.27683000900237, 83.91654530574789, 12.000000000000002
20.620620620620624, 27.736482640468232, 271.01390813879743, 83.91826884884048, 12.000000000000002
20.720720720720724, 27.6935627673965, 268.7694368792188, 83.91998596363625, 12.000000000000002
20.82082082082082, 27.650827497678744, 266.5433597532962, 83.92169669179995, 12.000000000000002
20.92092092092092, 27.608279243425553, 264.3356197047642, 83.92340107517995, 12.000000000000002
21.02102102102102, 27.565920392798674, 262.14615907058214, 83.92509915578401, 12.000000000000002
21.12112112112112, 27.523753301496217, 259.9749195653508, 83.92679097577269, 12.000000000000002
21.22122122122122, 27.481780280719157, 257.8218422702932, 83.92847657745297, 12.000000000000002
21.32132132132132, 27.44000359255126, 255.68686762743124, 83.93015600326903, 12.000000000000002
21.421421421421424, 27.398425449916644, 253.5699353779705, 83.93182929579994, 12.000000000000002
21.521521521521525, 27.35704801810532, 251.47098457013996, 83.93349649774392, 12.000000000000002
21.621621621621625, 27.315873411195824, 249.3899535415738, 83.9351576519099, 12.000000000000002
21.721721721721725, 27.274903685103425, 247.32677979623077, 83.9368128012207, 12.000000000000002
21.82182182182182, 27.2341408617268, 245.2814003432106, 83.93846198866088, 12.000000000000002
21.92192192192192, 27.193586879308043, 243.25375118679605, 83.9401052573256, 12.000000000000002
22.02202202202202, 27.153243635274695, 241.2437678206585, 83.9417426503641, 12.000000000000002
22.12212212212212, 27.113112933181192, 239.25138454212072, 83.94337421102145, 12.000000000000002
22.22222222222222, 27.07319655373541, 237.27653532853031, 83.94499998256042, 12.000000000000002
22.322322322322325, 27.03349618129207, 235.3191528088426, 83.94662000831876, 12.000000000000002
22.422422422422425, 26.99401347225968, 233.37916930233285, 83.94823433163967, 12.000000000000002
22.522522522522525, 26.954749980200635, 231.4565158624472, 83.9498429959129, 12.000000000000002
22.622622622622625, 26.9157072011813, 229.55112276206873, 83.9514460445296, 12.000000000000002
22.722722722722725, 26.87688657933169, 227.6629196124602, 83.9530435208844, 12.000000000000002
22.822822822822825, 26.83828946263275, 225.79183485292776, 83.95463546836486, 12.000000000000002
22.922922922922922, 26.799917138738856, 223.93779621494443, 83.9562219303394, 12.000000000000002
23.023023023023022, 26.76177081995163, 222.1007305261674, 83.95780295015292, 12.000000000000002
23.123123123123122, 26.72385162739692, 220.28056343681754, 83.95937857109467, 12.000000000000002
23.223223223223222, 26.686160650009473, 218.47722022807375, 83.96094883643137, 12.000000000000002
23.323323323323326, 26.64869884340692, 216.69062463911928, 83.96251378933849, 12.000000000000002
23.423423423423426, 26.611467129758214, 214.92070000054878, 83.96407347295086, 12.000000000000002
23.523523523523526, 26.574466321845023, 213.16736833594575, 83.96562793029882, 12.000000000000002
23.623623623623626, 26.537697171312914, 211.43055089341937, 83.9671772043253, 12.000000000000002
23.723723723723726, 26.501160359892765, 209.71016805965067, 83.96872133788574, 12.000000000000002
23.823823823823826, 26.464856465257242, 208.00613900849967, 83.97026037368558, 12.000000000000002
23.923923923923926, 26.42878602104851, 206.31838239507374, 83.97179435436351, 12.000000000000002
24.024024024024023, 26.392949436822917, 204.64681541840673, 83.9733233223534, 12.000000000000002
24.124124124124123, 26.35734708938767, 202.991354889934, 83.97484732002376, 12.000000000000002
24.224224224224226, 26.321979236296883, 201.35191621307607, 83.97636638951978, 12.000000000000002
24.324324324324326, 26.286846081510806, 199.72841416473003, 83.97788057286671, 12.000000000000002
24.424424424424426, 26.251947743834883, 198.1207625205451, 83.97938991191073, 12.000000000000002
24.524524524524526, 26.217284248157778, 196.5288739117334, 83.9808944482617, 12.000000000000002
24.624624624624627, 26.182855587530558, 194.952660595027, 83.98239422345293, 12.000000000000002
24.724724724724727, 26.148661616783983, 193.39203331039246, 83.98388927868208, 12.000000000000002
24.824824824824827, 26.114702166032146, 191.84690251577385, 83.98537965508139, 12.000000000000002
24.924924924924927, 26.080976935124546, 190.3171771409431, 83.98686539340362, 12.000000000000002
25.025025025025027, 26.04748560905589, 188.80276593359355, 83.98834653435173, 12.000000000000002
25.125125125125123, 26.014227744676123, 187.30357607010126, 83.98982311819813, 12.000000000000002
25.225225225225227, 25.981202888929218, 185.819514619362, 83.99129518517938, 12.000000000000002
25.325325325325327, 25.94841045253104, 184.35048707990282, 83.99276277506203, 12.000000000000002
25.425425425425427, 25.915849839604757, 182.8963988785753, 83.99422592758191, 12.000000000000002
25.525525525525527, 25.883520320236055, 181.45715391269542, 83.99568468197315, 12.000000000000002
25.625625625625627, 25.851421160713976, 180.0326560275682, 83.99713907744011, 12.000000000000002
25.725725725725727, 25.819551501893194, 178.62280760117386, 83.9985891526592, 12.000000000000002
25.825825825825827, 25.787910479494574, 177.22751095072545, 84.00003494626856, 12.000000000000002
25.925925925925927, 25.75649711256573, 175.84666702826559, 84.00147649636786, 12.000000000000002
26.026026026026027, 25.72531040929139, 174.48017663965888, 84.00291384097476, 12.000000000000002
26.126126126126128, 25.694349273508994, 173.12793932784123, 84.00434701755678, 12.000000000000002
26.226226226226228, 25.66361262235415, 171.78985483975265, 84.00577606365515, 12.000000000000002
26.326326326326328, 25.633099220062103, 170.46582127842112, 84.00720101602697, 12.000000000000002
26.426426426426428, 25.602807862026708, 169.15573707417067, 84.00862191157667, 12.000000000000002
26.526526526526528, 25.572737222264077, 167.85949925987038, 84.0100387864496, 12.000000000000002
26.626626626626628, 25.54288598298102, 166.5770049595757, 84.01145167683791, 12.000000000000002
26.726726726726728, 25.51325274892497, 165.30815030877363, 84.01286061831466, 12.000000000000002
26.826826826826828, 25.483836102422522, 164.05283116232152, 84.0142656462814, 12.000000000000002
26.926926926926928, 25.454634581998498, 162.81094291566606, 84.01566679579302, 12.000000000000002
27.027027027027028, 25.42564666489528, 161.58238027652533, 84.01706410142522, 12.000000000000002
27.127127127127128, 25.39687081888795, 160.36703785847763, 84.01845759763432, 12.000000000000002
27.227227227227228, 25.368305439672508, 159.16480948616191, 84.01984731823822, 12.000000000000002
27.32732732732733, 25.339948929455833, 157.97558905125032, 84.02123329706707, 12.000000000000002
27.42742742742743, 25.311799618151095, 156.79926964253468, 84.02261556718632, 12.000000000000002
27.52752752752753, 25.283855847366645, 155.63574448475052, 84.02399416175784, 12.000000000000002
27.62762762762763, 25.25611589240554, 154.4849060932317, 84.02536911312298, 12.000000000000002
27.72772772772773, 25.228578039145717, 153.34664709717856, 84.02674045372585, 12.000000000000002
27.82782782782783, 25.201240517937993, 152.22085953524473, 84.02810821513356, 12.000000000000002
27.92792792792793, 25.174101573172507, 151.1074355955808, 84.02947242913169, 12.000000000000002
28.028028028028032, 25.147159409791, 150.00626715240995, 84.03083312685038, 12.000000000000002
28.128128128128132, 25.12041220184697, 148.9172458228288, 84.03219033891097, 12.000000000000002
28.22822822822823, 25.0938581378715, 147.84026335218613, 84.03354409610506, 12.000000000000002
28.32832832832833, 25.067495362643577, 146.77521116262915, 84.03489442814187, 12.000000000000002
28.42842842842843, 25.04132203399011, 145.72198077302082, 84.03624136505017, 12.000000000000002
28.52852852852853, 25.01533629633721, 144.6804636461376, 84.03758493611628, 12.000000000000002
28.62862862862863, 24.989536286792838, 143.65055120926195, 84.0389251702675, 12.000000000000002
28.72872872872873, 24.963920145364085, 142.63213494093762, 84.04026209654498, 12.000000000000002
28.82882882882883, 24.938485995222212, 141.6251064067055, 84.04159574303515, 12.000000000000002
28.92892892892893, 24.913231964412738, 140.62935723047508, 84.042926137769, 12.000000000000002
29.029029029029033, 24.888156184755573, 139.64477917506173, 84.04425330836443, 12.000000000000002
29.129129129129133, 24.863256787872714, 138.67126414655328, 84.04557728214564, 12.000000000000002
29.22922922922923, 24.83853190625639, 137.70870419126223, 84.04689808612096, 12.000000000000002
29.32932932932933, 24.813979678066868, 136.75699162524793, 84.04821574686373, 12.000000000000002
29.429429429429433, 24.789598244469115, 135.816018871818, 84.04953029078399, 12.000000000000002
29.52952952952953, 24.76538575965186, 134.88567872071835, 84.05084174379482, 12.000000000000002
29.629629629629633, 24.741340386235, 133.96586419678954, 84.05215013154489, 12.000000000000002
29.72972972972973, 24.71746029650018, 133.0564685958986, 84.05345547938764, 12.000000000000002
29.829829829829833, 24.69374367799172, 132.15738564532944, 84.05475781225609, 12.000000000000002
29.92992992992993, 24.670188722595558, 131.26850918508526, 84.05605715498693, 12.000000000000002
30.030030030030034, 24.646793646936846, 130.38973371238842, 84.05735353185226, 12.000000000000002
30.13013013013013, 24.62355667924533, 129.52095403943858, 84.05864696693801, 12.000000000000002
30.230230230230234, 24.600476058614763, 128.66206526618848, 84.05993748406033, 12.000000000000002
30.33033033033033, 24.577550040570447, 127.8129629298646, 84.0612251066601, 12.000000000000002
30.43043043043043, 24.554776905925355, 126.9735431245373, 84.06250985793332, 12.000000000000002
30.530530530530534, 24.532154958929677, 126.14370247959626, 84.06379176079516, 12.000000000000002
30.63063063063063, 24.509682520317927, 125.32333807887447, 84.0650708377448, 12.000000000000002
30.730730730730734, 24.487357930944558, 124.512347512707, 84.06634711097038, 12.000000000000002
30.83083083083083, 24.465179552745333, 123.71062895474827, 84.06762060259724, 12.000000000000002
30.930930930930934, 24.443145767603887, 122.91808107140706, 84.0688913343952, 12.000000000000002
31.03103103103103, 24.421254977508827, 122.1346030344, 84.07015932781908, 12.000000000000002
31.131131131131134, 24.39950560697279, 121.36009468098422, 84.07142460407428, 12.000000000000002
31.23123123123123, 24.377896104146206, 120.5944565869801, 84.0726871841343, 12.000000000000002
31.331331331331334, 24.3564249366721, 119.83758979499952, 84.07394708867562, 12.000000000000002
31.431431431431434, 24.335090594326076, 119.08939594309139, 84.07520433810906, 12.000000000000002
31.53153153153153, 24.313891601907667, 118.3497774928785, 84.0764589526407, 12.000000000000002
31.631631631631635, 24.29282650712649, 117.61863751573216, 84.07771095221466, 12.000000000000002
31.73173173173173, 24.271893879750838, 116.89587967774366, 84.07896035650916, 12.000000000000002
31.831831831831835, 24.251092317441703, 116.18140834274924, 84.08020718496654, 12.000000000000002
31.93193193193193, 24.230420452925774, 115.47512869903953, 84.08145145683235, 12.000000000000002
32.032032032032035, 24.209876943871425, 114.776946584792, 84.08269319110168, 12.000000000000002
32.13213213213213, 24.189460461538108, 114.08676857301963, 84.08393240655481, 12.000000000000002
32.232232232232235, 24.16916969454949, 113.40450196605327, 84.08516912175313, 12.000000000000002
32.332332332332335, 24.149003357997664, 112.73005478754025, 84.08640335503225, 12.000000000000002
32.432432432432435, 24.12896019679315, 112.06333586243825, 84.08763512453527, 12.000000000000002
32.532532532532535, 24.109038978917525, 111.40425474965251, 84.08886444818623, 12.000000000000002
32.632632632632635, 24.089238502302607, 110.75272177697659, 84.09009134370541, 12.000000000000002
32.732732732732735, 24.069557600699433, 110.10864807043201, 84.09131582862227, 12.000000000000002
32.832832832832835, 24.04999510407802, 109.47194456368969, 84.09253792048649, 12.000000000000002
32.932932932932935, 24.030549968432318, 108.8425266903815, 84.093757635776, 12.000000000000002
33.033033033033036, 24.011221013904834, 108.22030539525849, 84.09497499206752, 12.000000000000002
33.133133133133136, 23.992007181163014, 107.60519565028675, 84.09619000595774, 12.000000000000002
33.233233233233236, 23.972907406928222, 106.99711268472747, 84.09740269402154, 12.000000000000002
33.333333333333336, 23.95392065746629, 106.39597234579757, 84.09861307269244, 12.000000000000002
33.433433433433436, 23.935045933027933, 105.80169128624675, 84.09982115822812, 12.000000000000002
33.533533533533536, 23.916282254934437, 105.2141871405298, 84.10102696668885, 12.000000000000002
33.633633633633636, 23.897628658939915, 104.63337811098674, 84.10223051402151, 12.000000000000002
33.733733733733736, 23.879084206112477, 104.05918342979675, 84.10343181597275, 12.000000000000002
33.833833833833836, 23.860647977981895, 103.49152302330296, 84.10463088816181, 12.000000000000002
33.933933933933936, 23.842319083482373, 102.93031777221549, 84.10582774603076, 12.000000000000002
34.034034034034036, 23.824096645776013, 102.37548916956018, 84.10702240489898, 12.000000000000002
34.13413413413413, 23.80597981504467, 101.8269597549455, 84.10821487988471, 12.000000000000002
34.234234234234236, 23.78796775306226, 101.28465268924356, 84.10940518603667, 12.000000000000002
34.334334334334336, 23.77005964344229, 100.74849203716046, 84.11059333824666, 12.000000000000002
34.434434434434436, 23.752254698096174, 100.21840294532203, 84.11177935119454, 12.000000000000002
34.53453453453454, 23.734552151063387, 99.69431145312487, 84.11296323940493, 12.000000000000002
34.63463463463464, 23.716951244143644, 99.17614390915148, 84.11414501741028, 12.000000000000002
34.73473473473474, 23.699451242553398, 98.66382760709874, 84.1153246995732, 12.000000000000002
34.83483483483484, 23.68205143411972, 98.15729075303591, 84.11650230009555, 12.000000000000002
34.93493493493494, 23.664751125156332, 97.6564623670266, 84.11767783305599, 12.000000000000002
35.03503503503504, 23.64754963419383, 97.16127226131655, 84.11885131244983, 12.000000000000002
35.13513513513514, 23.630446301478756, 96.67165107338054, 84.1200227521286, 12.000000000000002
35.23523523523524, 23.613440486427017, 96.187530257063, 84.12119216581628, 12.000000000000002
35.33533533533534, 23.596531558216455, 95.70884205803948, 84.1223595671361, 12.000000000000002
35.43543543543544, 23.57971888781014, 95.23551949338245, 84.12352496963167, 12.000000000000002
35.53553553553554, 23.563001869226692, 94.76749640604963, 84.12468838671053, 12.000000000000002
35.63563563563564, 23.54637991123275, 94.30470744338403, 84.12584983166626, 12.000000000000002
35.73573573573574, 23.52985243742396, 93.84708800258402, 84.12700931770851, 12.000000000000002
35.83583583583584, 23.513418886131443, 93.39457424870186, 84.12816685795318, 12.000000000000002
35.93593593593594, 23.497078710188582, 92.94710315953496, 84.12932246539789, 12.000000000000002
36.03603603603604, 23.480831377392246, 92.50461249742385, 84.13047615293677, 12.000000000000002
36.13613613613614, 23.46467637696456, 92.06704072811125, 84.1316279333901, 12.000000000000002
36.23623623623624, 23.44861321382975, 91.63432709260836, 84.13277781947801, 12.000000000000002
36.33633633633634, 23.43264140758818, 91.20641162007736, 84.13392582381564, 12.000000000000002
36.43643643643644, 23.416760490345983, 90.78323509570636, 84.13507195892625, 12.000000000000002
36.53653653653654, 23.40096998571029, 90.36473897823487, 84.1362162372779, 12.000000000000002
36.63663663663664, 23.38526943557391, 89.95086550512312, 84.13735867123664, 12.000000000000002
36.73673673673674, 23.369658395392083, 89.54155767400616, 84.13849927307456, 12.000000000000002
36.83683683683684, 23.354136425290765, 89.13675919948969, 84.13963805498611, 12.000000000000002
36.93693693693694, 23.338703077413612, 88.73641444734808, 84.14077502911128, 12.000000000000002
37.037037037037045, 23.323357919324692, 88.3404685562299, 84.1419102074926, 12.000000000000002
37.13713713713714, 23.308100526244086, 87.94886739727951, 84.14304360208945, 12.000000000000002
37.23723723723724, 23.292930492892335, 87.56155749987106, 84.14417522478861, 12.000000000000002
37.33733733733734, 23.27784743597147, 87.17848603747407, 84.14530508740613, 12.000000000000002
37.43743743743744, 23.262850975211954, 86.79960093563001, 84.146433201673, 12.000000000000002
37.53753753753754, 23.247940660485114, 86.42484609160265, 84.1475595797588, 12.000000000000002
37.63763763763764, 23.233116357184834, 86.05418363742162, 84.14868423184596, 12.000000000000002
37.73773773773774, 23.218377539581265, 85.68755294614238, 84.1498071706048, 12.000000000000002
37.83783783783784, 23.203723898781853, 85.32490604267285, 84.1509284073209, 12.000000000000002
37.93793793793794, 23.18915512146559, 84.96619496036645, 84.15204795328145, 12.000000000000002
38.03803803803804, 23.174670840764282, 84.61137183469386, 84.15316581979339, 12.000000000000002
38.138138138138146, 23.160270693309897, 84.26038902033002, 84.15428201814065, 12.000000000000002
38.23823823823824, 23.145954347937845, 83.91319980460865, 84.15539655949975, 12.000000000000002
38.33833833833834, 23.131721479730533, 83.56975780149124, 84.15650945501267, 12.000000000000002
38.43843843843844, 23.117571782396574, 83.23001748662669, 84.15762071572885, 12.000000000000002
38.53853853853854, 23.10350494656803, 82.89393385935726, 84.15873035264828, 12.000000000000002
38.63863863863864, 23.089520665512094, 82.56146245048754, 84.15983837671793, 12.000000000000002
38.73873873873874, 23.075618639387038, 82.23255962866652, 84.16094479880057, 12.000000000000002
38.83883883883884, 23.061798569779018, 81.90718194615486, 84.16204962974045, 12.000000000000002
38.93893893893894, 23.048060166525783, 81.58528700320117, 84.16315288027639, 12.000000000000002
39.03903903903905, 23.03440314021337, 81.26683251064755, 84.16425456113616, 12.000000000000002
39.13913913913914, 23.020827208988653, 80.95177721594732, 84.16535468294366, 12.000000000000002
39.23923923923925, 23.007332091871664, 80.64008000627675, 84.16645325630874, 12.000000000000002
39.33933933933934, 22.99391751364646, 80.33170060216382, 84.16755029175779, 12.000000000000002
39.43943943943944, 22.98058320214184, 80.02659902715529, 84.1686457997861, 12.000000000000002
39.53953953953954, 22.967328892357088, 79.72473607223621, 84.16973979081061, 12.000000000000002
39.63963963963964, 22.954154321971117, 79.42607296050737, 84.17083227520523, 12.000000000000002
39.73973973973974, 22.941059232227655, 79.1305716142574, 84.17192326327414, 12.000000000000002
39.83983983983984, 22.92804334731095, 78.83819415233756, 84.17301276530833, 12.000000000000002
39.93993993993995, 22.915106395610298, 78.548903414175, 84.1741007915268, 12.000000000000002
40.04004004004004, 22.90224810886572, 78.26266293871974, 84.17518735207875, 12.000000000000002
40.14014014014015, 22.88946823438645, 77.97943658481105, 84.17627245707394, 12.000000000000002
40.24024024024024, 22.876766537478467, 77.699188482251, 84.17735611658631, 12.000000000000002
40.34034034034035, 22.86414278094663, 77.42188344493394, 84.17843834062406, 12.000000000000002
40.44044044044044, 22.851596732469492, 77.1474867757478, 84.17951913914425, 12.000000000000002
40.54054054054054, 22.83912815623815, 76.87596418900095, 84.18059852206073, 12.000000000000002
40.64064064064064, 22.826736823304213, 76.60728190633162, 84.18167649923429, 12.000000000000002
40.74074074074074, 22.814422509470266, 76.34140663868818, 84.18275308047451, 12.000000000000002
40.84084084084085, 22.802184966281963, 76.07830551678039, 84.1838282755572, 12.000000000000002
40.94094094094094, 22.790023931197073, 75.81794611345248, 84.1849020942182, 12.000000000000002
41.04104104104105, 22.777939147485256, 75.56029648746548, 84.18597454614196, 12.000000000000002
41.14114114114114, 22.76593036113739, 75.30532513531558, 84.18704564096582, 12.000000000000002
41.24124124124125, 22.753997343079085, 75.05300091793049, 84.18811538827444, 12.000000000000002
41.34134134134134, 22.74213985597487, 74.80329317021425, 84.18918379760811, 12.000000000000002
41.44144144144145, 22.730357663990215, 74.55617166837494, 84.19025087846033, 12.000000000000002
41.54154154154154, 22.71865055376331, 74.31160654633797, 84.19131664027292, 12.000000000000002
41.64164164164164, 22.707018321058772, 74.06956834957438, 84.19238109243909, 12.000000000000002
41.74174174174174, 22.695460764343974, 73.83002806100947, 84.193444244305, 12.000000000000002
41.84184184184184, 22.683977679373296, 73.5929562407529, 84.19450610526388, 12.000000000000002
41.94194194194195, 22.672568802704976, 73.35832693452215, 84.19556668434868, 12.000000000000002
42.04204204204204, 22.661233920083586, 73.1261102158243, 84.19662599100928, 12.000000000000002
42.14214214214215, 22.64997279354101, 72.89627910162535, 84.19768403438205, 12.000000000000002
42.24224224224224, 22.638785163508224, 72.66880667021948, 84.19874082360238, 12.000000000000002
42.34234234234235, 22.62767077619157, 72.44366607309918, 84.19979636779422, 12.000000000000002
42.44244244244244, 22.616629443278413, 72.22083104435579, 84.20085067598423, 12.000000000000002
42.54254254254254, 22.605660968217407, 72.00027540814322, 84.2019037571922, 12.000000000000002
42.64264264264264, 22.594765129487953, 71.78197365109818, 84.20295562037118, 12.000000000000002
42.74274274274274, 22.583941706049437, 71.56590031930726, 84.20400627446668, 12.000000000000002
42.84284284284285, 22.573190467578886, 71.3520305839185, 84.2050557283536, 12.000000000000002
42.94294294294294, 22.56251118972961, 71.14033969761618, 84.20610399089377, 12.000000000000002
43.04304304304305, 22.551903655271467, 70.93080347598908, 84.20715107087725, 12.000000000000002
43.14314314314314, 22.541367645421193, 70.72339784846832, 84.20819697708019, 12.000000000000002
43.24324324324325, 22.530902942749645, 70.51809926031126, 84.20924171821437, 12.000000000000002
43.34334334334334, 22.520509328751782, 70.31488432318629, 84.21028530297056, 12.000000000000002
43.44344344344345, 22.510186584659877, 70.11373023284494, 84.21132773996587, 12.000000000000002
43.54354354354354, 22.499934491630682, 69.91461380861779, 84.21236903786513, 12.000000000000002
43.64364364364364, 22.489752833103452, 69.71751311094228, 84.21340920517336, 12.000000000000002
43.74374374374375, 22.479641395406205, 69.52240588777397, 84.21444825043216, 12.000000000000002
43.84384384384384, 22.469599966990724, 69.32927035269452, 84.21548618212188, 12.000000000000002
43.94394394394395, 22.459628336099748, 69.13808495368039, 84.2165230086934, 12.000000000000002
44.04404404404404, 22.44972629237856, 68.94882853284325, 84.217558738546, 12.000000000000002
44.14414414414415, 22.43989361895656, 68.7614801998549, 84.2185933800447, 12.000000000000002
44.24424424424424, 22.430130081425638, 68.57601915576647, 84.21962694154382, 12.000000000000002
44.34434434434435, 22.420435453433196, 68.39242510211228, 84.22065943133195, 12.000000000000002
44.44444444444444, 22.4108095070616, 68.2106780871254, 84.22169085765255, 12.000000000000002
44.54454454454455, 22.401252015433876, 68.03075845681306, 84.22272122870835, 12.000000000000002
44.64464464464465, 22.391762781709193, 67.85264647918471, 84.22375055269111, 12.000000000000002
44.74474474474474, 22.38234160403941, 67.67632279840407, 84.22477883774567, 12.000000000000002
44.84484484484485, 22.372988278792633, 67.5017683930124, 84.22580609197323, 12.000000000000002
44.94494494494494, 22.36370260546656, 67.32896451233418, 84.22683232343637, 12.000000000000002
45.04504504504505, 22.354484394820982, 67.15789260741929, 84.22785754016049, 12.000000000000002
45.14514514514514, 22.34533346585021, 66.98853435675186, 84.2288817501333, 12.000000000000002
45.24524524524525, 22.33624963834134, 66.82087172944223, 84.22990496130342, 12.000000000000002
45.34534534534534, 22.327232737047805, 66.65488694978701, 84.23092718158127, 12.000000000000002
45.44544544544545, 22.318282617650148, 66.49056063885682, 84.23194841908933, 12.000000000000002
45.545545545545544, 22.3093989067517, 66.32788044886833, 84.23296868106259, 12.000000000000002
45.64564564564565, 22.300581480178664, 66.16682525377713, 84.23398797586087, 12.000000000000002
45.74574574574575, 22.291830097219037, 66.00737875522192, 84.23500631121601, 12.000000000000002
45.845845845845844, 22.283144523669442, 65.84952465530705, 84.23602369485695, 12.000000000000002
45.94594594594595, 22.27452463209986, 65.69324666377682, 84.23704013446539, 12.000000000000002
46.046046046046044, 22.265970297088025, 65.53852849485722, 84.23805563772163, 12.000000000000002
46.14614614614615, 22.25748134502334, 65.38535424517434, 84.23907021227896, 12.000000000000002
46.246246246246244, 22.249057589855017, 65.23370817418214, 84.24008386577582, 12.000000000000002
46.34634634634635, 22.24069886180811, 65.0835747129453, 84.24109660582428, 12.000000000000002
46.446446446446444, 22.232404999504116, 64.93493868304503, 84.24210843998686, 12.000000000000002
46.54654654654655, 22.224175853461283, 64.78778487942581, 84.24311937582777, 12.000000000000002
46.64664664664665, 22.216011322266212, 64.64209861468214, 84.24412942084037, 12.000000000000002
46.74674674674675, 22.207911296653588, 64.49786510206177, 84.24513858253563, 12.000000000000002
46.84684684684685, 22.199875729908236, 64.35507013633239, 84.24614686837073, 12.000000000000002
46.946946946946944, 22.191904566170066, 64.2136994127274, 84.24715428581348, 12.000000000000002
47.04704704704705, 22.183997839050704, 64.07373918503863, 84.24816084230423, 12.000000000000002
47.147147147147145, 22.17615558694457, 63.93517574440448, 84.2491665452813, 12.000000000000002
47.24724724724725, 22.1683775670287, 63.797995425089155, 84.25017140213745, 12.000000000000002
47.347347347347345, 22.16066337641874, 63.662184660772645, 84.25117542023385, 12.000000000000002
47.44744744744745, 22.153012585722905, 63.527729884052185, 84.25217860690184, 12.000000000000002
47.54754754754755, 22.145424503234302, 63.39461765650954, 84.2531809693733, 12.000000000000002
47.64764764764765, 22.137898552186584, 63.26283452004243, 84.25418251488334, 12.000000000000002
47.74774774774775, 22.130434136836772, 63.1323672007882, 84.25518325046808, 12.000000000000002
47.84784784784785, 22.123030670342274, 63.00320239302366, 84.25618318320079, 12.000000000000002
47.94794794794795, 22.115687595513148, 62.87532698994573, 84.25718231997126, 12.000000000000002
48.048048048048045, 22.108404352724833, 62.748727872790404, 84.2581806676818, 12.000000000000002
48.14814814814815, 22.101180377788598, 62.62339210809582, 84.25917823311082, 12.000000000000002
48.248248248248245, 22.0940151063555, 62.49930680882693, 84.26017502300408, 12.000000000000002
48.34834834834835, 22.086907987229154, 62.37645920114919, 84.26117104403279, 12.000000000000002
48.44844844844845, 22.07985847963506, 62.254836645626874, 84.2621663027777, 12.000000000000002
48.54854854854855, 22.07286605315075, 62.13442656624212, 84.26316080578201, 12.000000000000002
48.64864864864865, 22.065930205688378, 62.01521663289749, 84.26415455943217, 12.000000000000002
48.74874874874875, 22.059050416218916, 61.89719435110225, 84.26514757021941, 12.000000000000002
48.84884884884885, 22.05222617543519, 61.780347341332124, 84.26613984456712, 12.000000000000002
48.94894894894895, 22.045457025217047, 61.66466372347642, 84.2671313886031, 12.000000000000002
49.04904904904905, 22.038742483755247, 61.55013138629857, 84.26812220859193, 12.000000000000002
49.149149149149146, 22.03208206890639, 61.43673822839593, 84.26911231079501, 12.000000000000002
49.24924924924925, 22.025475337222606, 61.32447266649852, 84.27010170119524, 12.000000000000002
49.349349349349346, 22.018921835887888, 61.21332299189719, 84.27109038584298, 12.000000000000002
49.44944944944945, 22.012421128497802, 61.10327780612866, 84.27207837063592, 12.000000000000002
49.54954954954955, 22.005972719273558, 60.994324683278165, 84.27306566198774, 12.000000000000002
49.64964964964965, 21.999576232649005, 60.88645327766693, 84.27405226526749, 12.000000000000002
49.74974974974975, 21.99323121979031, 60.779651975745494, 84.27503818648088, 12.000000000000002
49.84984984984985, 21.98693725068326, 60.67390949229948, 84.27602343147448, 12.000000000000002
49.94994994994995, 21.980693914900847, 60.56921488389646, 84.27700800592922, 12.000000000000002
50.050050050050054, 21.974500802787432, 60.465557219254954, 84.27799191551739, 12.000000000000002
50.150150150150154, 21.968357514486684, 60.36292573740308, 84.27897516582733, 12.000000000000002
50.25025025025025, 21.962263655555212, 60.261309792160446, 84.27995776239494, 12.000000000000002
50.350350350350354, 21.956218821358696, 60.16069865437863, 84.28093971081576, 12.000000000000002
50.450450450450454, 21.950222622166773, 60.06108182998727, 84.28192101656468, 12.000000000000002
50.550550550550554, 21.944274676225763, 59.962448972199795, 84.2829016850457, 12.000000000000002
50.650650650650654, 21.938374607804484, 59.864789858299055, 84.28388172160524, 12.000000000000002
50.750750750750754, 21.93252203447127, 59.76809426649362, 84.28486113160402, 12.000000000000002
50.850850850850854, 21.926716578704017, 59.67235208828974, 84.28583992035149, 12.000000000000002
50.950950950950954, 21.92095787059484, 59.57755335466909, 84.2868180930904, 12.000000000000002
51.051051051051054, 21.915245544433358, 59.4836882030191, 84.28779565501627, 12.000000000000002
51.15115115115115, 21.909579237378736, 59.390746868958665, 84.28877261128419, 12.000000000000002
51.251251251251254, 21.90395858892195, 59.29871968302795, 84.28974896701176, 12.000000000000002
51.351351351351354, 21.89838324350401, 59.207597086805094, 84.29072472726533, 12.000000000000002
51.451451451451454, 21.892852849353403, 59.11736962575003, 84.29169989706604, 12.000000000000002
51.551551551551555, 21.887367058374675, 59.02802794553804, 84.29267448139218, 12.000000000000002
51.651651651651655, 21.881925525679545, 58.93956277512609, 84.29364848518945, 12.000000000000002
51.751751751751755, 21.87652791027606, 58.85196495164103, 84.29462191335573, 12.000000000000002
51.851851851851855, 21.871173874908543, 58.765225414599705, 84.29559477074474, 12.000000000000002
51.951951951951955, 21.86586308591882, 58.67933520359492, 84.29656706216738, 12.000000000000002
52.052052052052055, 21.860595209772963, 58.59428544119494, 84.29753879240235, 12.000000000000002
52.152152152152155, 21.855369915737537, 58.510067346119946, 84.298509966188, 12.000000000000002
52.252252252252255, 21.850186877168298, 58.4266722395869, 84.29948058821837, 12.000000000000002
52.352352352352355, 21.845045770411605, 58.34409153990069, 84.30045066314653, 12.000000000000002
52.452452452452455, 21.83994627302026, 58.26231675114002, 84.30142019559068, 12.000000000000002
52.552552552552555, 21.834888063476896, 58.181339461403454, 84.30238919013506, 12.000000000000002
52.652652652652655, 21.829870824063708, 58.10115136100734, 84.30335765132023, 12.000000000000002
52.752752752752755, 21.82489423952551, 58.02174423400777, 84.30432558364755, 12.000000000000002
52.852852852852855, 21.819957997738435, 57.94310995170656, 84.30529299158161, 12.000000000000002
52.952952952952955, 21.815061791222764, 57.86524045810558, 84.30625987955518, 12.000000000000002
53.053053053053056, 21.81020531431852, 57.78812779706335, 84.30722625195985, 12.000000000000002
53.153153153153156, 21.805388264115518, 57.71176410335254, 84.30819211314892, 12.000000000000002
53.253253253253256, 21.800610340516055, 57.63614159925203, 84.30915746743896, 12.000000000000002
53.353353353353356, 21.795871245958654, 57.56125257530573, 84.31012231911716, 12.000000000000002
53.453453453453456, 21.791170685763756, 57.48708941440052, 84.31108667243197, 12.000000000000002
53.553553553553556, 21.786508368088942, 57.41364458864734, 84.31205053159434, 12.000000000000002
53.653653653653656, 21.78188398252066, 57.34090972800063, 84.31301390116697, 12.000000000000002
53.753753753753756, 21.77729729500535, 57.26887994517833, 84.31397678425803, 12.000000000000002
53.853853853853856, 21.77274797158266, 57.19754599913287, 84.31493918579561, 12.000000000000002
53.953953953953956, 21.768235731098482, 57.12690089845183, 84.315901109767, 12.000000000000002
54.054054054054056, 21.763760292398683, 57.05693765172277, 84.31686256015949, 12.000000000000002
54.154154154154156, 21.75932137502745, 56.9876492859828, 84.31782354095189, 12.000000000000002
54.254254254254256, 21.754918699236285, 56.91902884695691, 84.31878405611438, 12.000000000000002
54.354354354354356, 21.75055198485186, 56.85106936852252, 84.31974410962269, 12.000000000000002
54.454454454454456, 21.746220961469067, 56.78376407551221, 84.32070370536844, 12.000000000000002
54.55455455455456, 21.7419253618652, 56.717106254973444, 84.32166284721607, 12.000000000000002
54.65465465465466, 21.737664915067903, 56.65108912903791, 84.32262153905867, 12.000000000000002
54.75475475475476, 21.733439354776873, 56.585706188641474, 84.32357978467576, 12.000000000000002
54.85485485485486, 21.729248414571032, 56.520950917772176, 84.32453758784979, 12.000000000000002
54.95495495495496, 21.72509182979018, 56.45681686584244, 84.32549495233494, 12.000000000000002
55.05505505505506, 21.720969333550983, 56.3932974821426, 84.32645188192812, 12.000000000000002
55.155155155155164, 21.71688066944414, 56.33038668767721, 84.32740838022458, 12.000000000000002
55.25525525525526, 21.7128255753657, 56.26807809411755, 84.32836445095084, 12.000000000000002
55.35535535535536, 21.708803800272477, 56.206365595297186, 84.32932009770884, 12.000000000000002
55.45545545545546, 21.70481509046861, 56.14524306257435, 84.3302753241119, 12.000000000000002
55.55555555555556, 21.700859194041076, 56.08470444336467, 84.33123013374069, 12.000000000000002
55.65565565565566, 21.69693586163894, 56.024743778452105, 84.33218453013556, 12.000000000000002
55.75575575575576, 21.693044846473374, 55.96535520198894, 84.33313851679657, 12.000000000000002
55.85585585585586, 21.689185900757177, 55.90653288938345, 84.33409209720561, 12.000000000000002
55.95595595595596, 21.685358770164164, 55.84827097620537, 84.3350452748612, 12.000000000000002
56.056056056056065, 21.681563207864038, 55.79056376360551, 84.33599805319065, 12.000000000000002
56.15615615615616, 21.677798968974713, 55.733405637118146, 84.33695043558477, 12.000000000000002
56.256256256256265, 21.67406581014805, 55.67679106059727, 84.33790242540046, 12.000000000000002
56.35635635635636, 21.67036348956984, 55.620714576216606, 84.33885402596073, 12.000000000000002
56.45645645645646, 21.666691770081776, 55.56517072658521, 84.33980524058349, 12.000000000000002
56.55655655655656, 21.663050420889082, 55.51015401214708, 84.34075607259737, 12.000000000000002
56.65665665665666, 21.65943920962579, 55.45565908913005, 84.34170652526844, 12.000000000000002
56.75675675675676, 21.655857906030242, 55.40168067785259, 84.34265660183408, 12.000000000000002
56.85685685685686, 21.65230628203291, 55.3482135605322, 84.34360630550387, 12.000000000000002
56.956956956956965, 21.64878411175644, 55.295252581285446, 84.34455563945954, 12.000000000000002
57.05705705705706, 21.6452911797904, 55.24279261949732, 84.34550460685874, 12.000000000000002
57.157157157157165, 21.641827279845895, 55.19082859415129, 84.34645321083435, 12.000000000000002
57.25725725725726, 21.63839220235579, 55.139355503734976, 84.34740145448899, 12.000000000000002
57.357357357357365, 21.634985741257914, 55.08836840441011, 84.34834934089804, 12.000000000000002
57.45745745745746, 21.631607694005833, 55.037862409977784, 84.34929687310965, 12.000000000000002
57.55755755755756, 21.628257861366272, 54.98783269187537, 84.3502440541448, 12.000000000000002
57.65765765765766, 21.624935980905434, 54.938274478169454, 84.35119088703327, 12.000000000000002
57.75775775775776, 21.621641706342807, 54.88918304890351, 84.35213737482604, 12.000000000000002
57.85785785785786, 21.618374881131604, 54.8405537121905, 84.35308352045689, 12.000000000000002
57.95795795795796, 21.61513534577306, 54.792381829039314, 84.35402932683736, 12.000000000000002
58.058058058058066, 21.61192287972746, 54.74466282267587, 84.35497479688475, 12.000000000000002
58.15815815815816, 21.608737260022153, 54.69739216305353, 84.35591993349662, 12.000000000000002
58.258258258258266, 21.6055782800934, 54.650565387697334, 84.35686473953017, 12.000000000000002
58.35835835835836, 21.60244574161412, 54.60417805333864, 84.35780921782897, 12.000000000000002
58.45845845845846, 21.599339442532873, 54.55822579015186, 84.3587533712049, 12.000000000000002
58.558558558558566, 21.59625918399254, 54.51270424346772, 84.35969720246104, 12.000000000000002
58.65865865865866, 21.593204761367023, 54.46760915038152, 84.36064071436103, 12.000000000000002
58.75875875875876, 21.590175972677837, 54.422936241306246, 84.3615839096701, 12.000000000000002
58.858858858858866, 21.587172621370662, 54.3786813500474, 84.3625267911021, 12.000000000000002
58.958958958958966, 21.584194510298758, 54.33484030075954, 84.36346936137558, 12.000000000000002
59.05905905905906, 21.581241445869676, 54.291409015558365, 84.36441162316103, 12.000000000000002
59.15915915915916, 21.57831323417224, 54.24838341125744, 84.36535357913158, 12.000000000000002
59.25925925925927, 21.575409683512824, 54.205759499579294, 84.36629523191402, 12.000000000000002
59.35935935935937, 21.572530602004026, 54.163533284026656, 84.36723658413916, 12.000000000000002
59.45945945945946, 21.569675800252984, 54.121700848754784, 84.36817763839785, 12.000000000000002
59.55955955955956, 21.56684508972623, 54.080258306571565, 84.36911839726673, 12.000000000000002
59.65965965965967, 21.564038283078713, 54.03920180175402, 84.37005886330653, 12.000000000000002
59.75975975975976, 21.561255195505197, 53.998527553031884, 84.37099903904063, 12.000000000000002
59.85985985985986, 21.558495642176613, 53.958231779403015, 84.37193892699223, 12.000000000000002
59.95995995995997, 21.55575944037711, 53.918310763354526, 84.37287852965244, 12.000000000000002
60.06006006006007, 21.553046408652936, 53.87876082067709, 84.37381784949542, 12.000000000000002
60.16016016016016, 21.55035636884499, 53.83957833150454, 84.37475688896113, 12.000000000000002
60.26026026026026, 21.547689142524383, 53.80075968064365, 84.37569565048781, 12.000000000000002
60.36036036036037, 21.545044552306386, 53.76230128675437, 84.37663413649679, 12.000000000000002
60.46046046046047, 21.54242242252833, 53.72419961740409, 84.37757234938458, 12.000000000000002
60.56056056056056, 21.539822579249602, 53.68645118906765, 84.37851029152283, 12.000000000000002
60.66066066066066, 21.537244850251657, 53.64905256712734, 84.37944796525852, 12.000000000000002
60.76076076076077, 21.534689060921412, 53.61200032628394, 84.38038537293272, 12.000000000000002
60.86086086086086, 21.532155034684077, 53.57529105471894, 84.38132251687883, 12.000000000000002
60.96096096096096, 21.529642599912883, 53.53892142054521, 84.38225939939045, 12.000000000000002
61.06106106106107, 21.527151586145443, 53.50288813542003, 84.38319602273906, 12.000000000000002
61.16116116116117, 21.52468182406887, 53.46718795440183, 84.38413238917387, 12.000000000000002
61.26126126126126, 21.52223314551976, 53.43181767595003, 84.38506850092205, 12.000000000000002
61.36136136136136, 21.519805383635056, 53.396774131035, 84.38600436019328, 12.000000000000002
61.46146146146147, 21.517398374121402, 53.362054091508895, 84.38693996921974, 12.000000000000002
61.56156156156157, 21.51501195338318, 53.32765440523463, 84.38787533019719, 12.000000000000002
61.66166166166166, 21.512645958833446, 53.29357197364108, 84.38881044529491, 12.000000000000002
61.76176176176177, 21.510300229150694, 53.2598037331882, 84.38974531666358, 12.000000000000002
61.86186186186187, 21.507974604278854, 53.22634665536718, 84.39067994643545, 12.000000000000002
61.96196196196196, 21.505668925427297, 53.193197746700314, 84.3916143367242, 12.000000000000002
62.06206206206206, 21.503383059453736, 53.16035403345306, 84.39254848961713, 12.000000000000002
62.16216216216217, 21.501116941730466, 53.12781253381424, 84.39348240716156, 12.000000000000002
62.26226226226227, 21.498870392790437, 53.09557034106487, 84.39441609143525, 12.000000000000002
62.36236236236236, 21.496643146573042, 53.06362461239975, 84.39534954453494, 12.000000000000002
62.46246246246246, 21.494435063310387, 53.03197249511099, 84.39628276848708, 12.000000000000002
62.56256256256257, 21.492246013226843, 53.00061116476812, 84.39721576529718, 12.000000000000002
62.66266266266267, 21.49007586414672, 52.96953782470679, 84.39814853695735, 12.000000000000002
62.76276276276276, 21.487924460393973, 52.938749726349876, 84.39908108544786, 12.000000000000002
62.86286286286287, 21.48579164541693, 52.908244135691916, 84.40001341274164, 12.000000000000002
62.96296296296297, 21.483677275360108, 52.87801835958136, 84.40094552078205, 12.000000000000002
63.06306306306306, 21.481581198252663, 52.8480697073962, 84.4018774115159, 12.000000000000002
63.16316316316316, 21.479503277084195, 52.818395549526805, 84.40280908684798, 12.000000000000002
63.26326326326327, 21.47744337362879, 52.78899325166583, 84.4037405486863, 12.000000000000002
63.36336336336337, 21.475401346243434, 52.75986022196579, 84.4046717989177, 12.000000000000002
63.46346346346346, 21.473377052570985, 52.73099390825165, 84.40560283940772, 12.000000000000002
63.56356356356356, 21.47137035121839, 52.70239175167416, 84.40653367202493, 12.000000000000002
63.66366366366367, 21.46938110259151, 52.67405126633759, 84.4074642985966, 12.000000000000002
63.76376376376377, 21.467409166712006, 52.64596994413552, 84.40839472096243, 12.000000000000002
63.86386386386386, 21.465454408165883, 52.618145344442816, 84.40932494092198, 12.000000000000002
63.96396396396397, 21.46351669148433, 52.590575025796454, 84.41025496027522, 12.000000000000002
64.06406406406407, 21.461595881616056, 52.5632565656935, 84.41118478081125, 12.000000000000002
64.16416416416416, 21.459691846076876, 52.53618760477283, 84.41211440428229, 12.000000000000002
64.26426426426426, 21.457804451242044, 52.50936575643396, 84.41304383245644, 12.000000000000002
64.36436436436438, 21.45593356595929, 52.482788706593915, 84.41397306705939, 12.000000000000002
64.46446446446447, 21.454079058913194, 52.45645413639769, 84.41490210981964, 12.000000000000002
64.56456456456456, 21.452240800101432, 52.43035975480593, 84.41583096244905, 12.000000000000002
64.66466466466467, 21.450418660768378, 52.404503299744654, 84.41675962664218, 12.000000000000002
64.76476476476478, 21.44861251290794, 52.37888252486899, 84.41768810408419, 12.000000000000002
64.86486486486487, 21.44682223119488, 52.353495228365894, 84.41861639643243, 12.000000000000002
64.96496496496496, 21.445047690114954, 52.32833920990444, 84.41954450534378, 12.000000000000002
65.06506506506507, 21.443288764689388, 52.30341228395775, 84.42047243246654, 12.000000000000002
65.16516516516516, 21.441545331218652, 52.27871229347921, 84.42140017943194, 12.000000000000002
65.26526526526527, 21.439817267282454, 52.254237109902505, 84.42232774785424, 12.000000000000002
65.36536536536536, 21.438104451739733, 52.229984633141584, 84.42325513933059, 12.000000000000002
65.46546546546547, 21.436406764527586, 52.20595278977306, 84.42418235544221, 12.000000000000002
65.56556556556556, 21.434724081881505, 52.182139489834604, 84.4251093977787, 12.000000000000002
65.66566566566567, 21.433056281997576, 52.15854267800248, 84.4260362679091, 12.000000000000002
65.76576576576578, 21.431403245570397, 52.13516033845376, 84.42696296737925, 12.000000000000002
65.86586586586587, 21.429764854204688, 52.11199048050935, 84.42788949771987, 12.000000000000002
65.96596596596596, 21.42814099041526, 52.08903113863402, 84.4288158604465, 12.000000000000002
66.06606606606607, 21.42653153762703, 52.06628037243643, 84.42974205705954, 12.000000000000002
66.16616616616618, 21.424936380167793, 52.04373626616524, 84.43066808904454, 12.000000000000002
66.26626626626627, 21.423355402442404, 52.0213968711468, 84.43159395790273, 12.000000000000002
66.36636636636636, 21.4217884896334, 51.99926025462203, 84.4325196651251, 12.000000000000002
66.46646646646647, 21.420235528184254, 51.9773245334292, 84.43344521217455, 12.000000000000002
66.56656656656658, 21.418696405377464, 51.95558784459604, 84.4343706005014, 12.000000000000002
66.66666666666667, 21.417171009334552, 51.934048345339654, 84.43529583154353, 12.000000000000002
66.76676676676676, 21.415659229016068, 51.912704213066576, 84.43622090672626, 12.000000000000002
66.86686686686687, 21.414160954221586, 51.891553645372746, 84.43714582746243, 12.000000000000002
66.96696696696698, 21.412676096173456, 51.870594847053496, 84.4380705951463, 12.000000000000002
67.06706706706707, 21.41120460985678, 51.84982601570083, 84.4389952111471, 12.000000000000002
67.16716716716716, 21.409746380858813, 51.82924539427746, 84.43991967685045, 12.000000000000002
67.26726726726727, 21.40830122625927, 51.80885126972642, 84.44084399365829, 12.000000000000002
67.36736736736736, 21.406869034058047, 51.78864192292704, 84.44176816293196, 12.000000000000002
67.46746746746747, 21.405449715883567, 51.76861564545807, 84.44269218601158, 12.000000000000002
67.56756756756758, 21.40404317951984, 51.748770747650205, 84.44361606422791, 12.000000000000002
67.66766766766767, 21.40264933437768, 51.72910555591035, 84.44453979890078, 12.000000000000002
67.76776776776777, 21.401268065394024, 51.70961842199446, 84.44546339134916, 12.000000000000002
67.86786786786787, 21.399899269024115, 51.690307712350275, 84.44638684287574, 12.000000000000002
67.96796796796798, 21.3985428455102, 51.671171806227846, 84.44731015477277, 12.000000000000002
68.06806806806807, 21.39719869218306, 51.65220909113204, 84.44823332832911, 12.000000000000002
68.16816816816817, 21.39586671769165, 51.633417988940806, 84.44915636480485, 12.000000000000002
68.26826826826826, 21.39454682656341, 51.61479691115408, 84.45007926546914, 12.000000000000002
68.36836836836838, 21.393238921637433, 51.596344310164994, 84.45100203156626, 12.000000000000002
68.46846846846847, 21.39194290569142, 51.57805864074572, 84.45192466433893, 12.000000000000002
68.56856856856857, 21.390658682388818, 51.559938370783826, 84.45284716502094, 12.000000000000002
68.66866866866867, 21.389386156306742, 51.541981999578375, 84.45376953482538, 12.000000000000002
68.76876876876878, 21.38812523208592, 51.52418801613374, 84.45469177497188, 12.000000000000002
68.86886886886887, 21.386875817926327, 51.50655495285488, 84.45561388664987, 12.000000000000002
68.96896896896897, 21.38563782108121, 51.48908133058141, 84.45653587105684, 12.000000000000002
69.06906906906907, 21.384411150016593, 51.47176569670768, 84.45745772937231, 12.000000000000002
69.16916916916917, 21.383195714265547, 51.45460661971296, 84.45837946276143, 12.000000000000002
69.26926926926927, 21.38199142287478, 51.43760265976509, 84.45930107239501, 12.000000000000002
69.36936936936938, 21.380798186724324, 51.42075242108018, 84.46022255941405, 12.000000000000002
69.46946946946947, 21.37961591726105, 51.404054516125136, 84.4611439249536, 12.000000000000002
69.56956956956957, 21.378444523157686, 51.38750750372173, 84.46206517018577, 12.000000000000002
69.66966966966967, 21.377283919989118, 51.37111007406765, 84.46298629619201, 12.000000000000002
69.76976976976978, 21.376134019592584, 51.35486084449461, 84.46390730410388, 12.000000000000002
69.86986986986987, 21.37499473707907, 51.33875848624412, 84.46482819501499, 12.000000000000002
69.96996996996997, 21.373865986861535, 51.32280166192573, 84.46574897002532, 12.000000000000002
70.07007007007007, 21.372747683917847, 51.30698904540411, 84.46666963022714, 12.000000000000002
70.17017017017018, 21.37163974409402, 51.29131932657371, 84.46759017670165, 12.000000000000002
70.27027027027027, 21.3705420841042, 51.275791211358786, 84.46851061051889, 12.000000000000002
70.37037037037037, 21.36945462153069, 51.260403421713384, 84.46943093273788, 12.000000000000002
70.47047047047047, 21.368377274823906, 51.245154695621345, 84.47035114440646, 12.000000000000002
70.57057057057058, 21.367309962635176, 51.2300437810596, 84.47127124656535, 12.000000000000002
70.67067067067067, 21.366252601246057, 51.215069412741364, 84.47219124026314, 12.000000000000002
70.77077077077077, 21.365205109603295, 51.200230357667564, 84.47311112652683, 12.000000000000002
70.87087087087087, 21.36416740771364, 51.1855254006049, 84.4740309063711, 12.000000000000002
70.97097097097098, 21.363139416261372, 51.17095334062528, 84.47495058080074, 12.000000000000002
71.07107107107107, 21.36212105660828, 51.156512991105856, 84.4758701508105, 12.000000000000002
71.17117117117117, 21.361112250793685, 51.142203179729044, 84.4767896173852, 12.000000000000002
71.27127127127127, 21.360112921534416, 51.12802274848248, 84.47770898149963, 12.000000000000002
71.37137137137137, 21.359122991781568, 51.11397054399951, 84.47862824412479, 12.000000000000002
71.47147147147147, 21.358142383022898, 51.100045380564424, 84.47954740625144, 12.000000000000002
71.57157157157158, 21.35717101861421, 51.08624611271119, 84.48046646884383, 12.000000000000002
71.67167167167167, 21.356208822714553, 51.07257161201878, 84.48138543285447, 12.000000000000002
71.77177177177177, 21.35525572003439, 51.05902076162323, 84.48230429922765, 12.000000000000002
71.87187187187187, 21.354311635835586, 51.045592456217626, 84.4832230688994, 12.000000000000002
71.97197197197198, 21.353376495931425, 51.03228560205212, 84.48414174279756, 12.000000000000002
72.07207207207207, 21.352450226686607, 51.019099116933916, 84.48506032184177, 12.000000000000002
72.17217217217217, 21.351532758364066, 51.00603192782016, 84.48597880694264, 12.000000000000002
72.27227227227228, 21.350624047376392, 50.99308295481435, 84.48689719899726, 12.000000000000002
72.37237237237238, 21.34972405233748, 50.98025112607584, 84.48781549889526, 12.000000000000002
72.47247247247248, 21.34883267510478, 50.967535404852846, 84.48873370753954, 12.000000000000002
72.57257257257257, 21.347949809600614, 50.954934767370446, 84.48965182582899, 12.000000000000002
72.67267267267268, 21.34707538929541, 50.94244818582685, 84.4905698546396, 12.000000000000002
72.77277277277278, 21.346209350451982, 50.93007464199025, 84.4914877948389, 12.000000000000002
72.87287287287288, 21.345351632279307, 50.91781312689461, 84.49240564728592, 12.000000000000002
72.97297297297297, 21.34450217848186, 50.90566263844063, 84.49332341283197, 12.000000000000002
73.07307307307308, 21.34366091420412, 50.893622195643005, 84.49424109232523, 12.000000000000002
73.17317317317318, 21.34282776847909, 50.88169081649707, 84.49515868661204, 12.000000000000002
73.27327327327328, 21.3420026758778, 50.86986753597748, 84.49607619652315, 12.000000000000002
73.37337337337338, 21.341185568172023, 50.8581513890006, 84.49699362289107, 12.000000000000002
73.47347347347348, 21.340376382618505, 50.84654142710333, 84.49791096653286, 12.000000000000002
73.57357357357357, 21.33957505822713, 50.83503670641517, 84.49882822826119, 12.000000000000002
73.67367367367368, 21.338781531757345, 50.82363628771492, 84.49974540888677, 12.000000000000002
73.77377377377378, 21.337995739316302, 50.81233925438528, 84.50066250920445, 12.000000000000002
73.87387387387388, 21.33721761738282, 50.80114468177209, 84.50157953001461, 12.000000000000002
73.97397397397397, 21.336447103261765, 50.790051669619736, 84.50249647209945, 12.000000000000002
74.07407407407409, 21.335684134164875, 50.77905931479589, 84.5034133362433, 12.000000000000002
74.17417417417418, 21.33492864875137, 50.768166727010154, 84.50433012322017, 12.000000000000002
74.27427427427428, 21.33418058682054, 50.757373027962004, 84.50524683379467, 12.000000000000002
74.37437437437437, 21.333439887578496, 50.74667733453316, 84.50616346873525, 12.000000000000002
74.47447447447448, 21.332706491820804, 50.73607878983298, 84.50708002879014, 12.000000000000002
74.57457457457458, 21.331980339937044, 50.725576530271496, 84.50799651471274, 12.000000000000002
74.67467467467468, 21.331261372953897, 50.71516970575332, 84.50891292724613, 12.000000000000002
74.77477477477477, 21.33054953254925, 50.70485747935715, 84.50982926712327, 12.000000000000002
74.87487487487488, 21.329844760483496, 50.69463901371976, 84.51074553507736, 12.000000000000002
74.97497497497498, 21.329146998744125, 50.68451347518027, 84.51166173183876, 12.000000000000002
75.07507507507508, 21.328456190841344, 50.67448005490117, 84.51257785811849, 12.000000000000002
75.17517517517518, 21.327772280183037, 50.66453793960679, 84.51349391463067, 12.000000000000002
75.27527527527528, 21.327095211261643, 50.654686332336745, 84.51440990207668, 12.000000000000002
75.37537537537538, 21.32642492809381, 50.6449244305248, 84.51532582116238, 12.000000000000002
75.47547547547548, 21.325761375258548, 50.63525144058352, 84.51624167258672, 12.000000000000002
75.57557557557558, 21.325104497897396, 50.62566657790714, 84.51715745704159, 12.000000000000002
75.67567567567568, 21.324454241714445, 50.616169066871606, 84.51807317521192, 12.000000000000002
75.77577577577577, 21.323810552976333, 50.60675814083457, 84.51898882777556, 12.000000000000002
75.87587587587588, 21.323173378512237, 50.59743304213533, 84.5199044154034, 12.000000000000002
75.97597597597598, 21.322542665713883, 50.58819302209492, 84.52081993875933, 12.000000000000002
76.07607607607608, 21.321918361203544, 50.57903732823187, 84.52173539850956, 12.000000000000002
76.17617617617617, 21.32130041143511, 50.5699652100313, 84.52265079531846, 12.000000000000002
76.27627627627629, 21.320688764509185, 50.56097593636545, 84.52356612983571, 12.000000000000002
76.37637637637638, 21.320083368996478, 50.552068784201005, 84.52448140270472, 12.000000000000002
76.47647647647648, 21.319484173936978, 50.54324303859131, 84.5253966145625, 12.000000000000002
76.57657657657657, 21.318891128839965, 50.53449799267632, 84.5263117660397, 12.000000000000002
76.67667667667668, 21.31830418368401, 50.525832947682645, 84.52722685776061, 12.000000000000002
76.77677677677679, 21.317723288916973, 50.517247212923536, 84.5281418903432, 12.000000000000002
76.87687687687688, 21.317148395455998, 50.50874010579883, 84.5290568643991, 12.000000000000002
76.97697697697699, 21.316579453166504, 50.50031093068828, 84.52997178054915, 12.000000000000002
77.07707707707708, 21.316016411460737, 50.49195898725766, 84.53088663941739, 12.000000000000002
77.17717717717719, 21.315459221516857, 50.48368360125223, 84.53180144160812, 12.000000000000002
77.27727727727728, 21.314907834875093, 50.47548410501592, 84.53271618772048, 12.000000000000002
77.37737737737739, 21.314362203435657, 50.46735983746265, 84.53363087834825, 12.000000000000002
77.47747747747748, 21.313822279458762, 50.45931014407638, 84.53454551408011, 12.000000000000002
77.57757757757759, 21.313288015564613, 50.45133437691108, 84.53546009549942, 12.000000000000002
77.67767767767768, 21.312759364733417, 50.44343189459072, 84.53637462318436, 12.000000000000002
77.77777777777779, 21.312236280305378, 50.43560206230928, 84.53728909770786, 12.000000000000002
77.87787787787788, 21.311718720632996, 50.42784424672458, 84.53820351963796, 12.000000000000002
77.97797797797797, 21.311206653245936, 50.42015781138702, 84.53911788953822, 12.000000000000002
78.0780780780781, 21.310700042499878, 50.41254212799449, 84.54003220796808, 12.000000000000002
78.17817817817819, 21.310198833216937, 50.40499658648637, 84.54094647548665, 12.000000000000002
78.27827827827828, 21.309702970653536, 50.39752058176165, 84.54186069264878, 12.000000000000002
78.37837837837837, 21.309212410137157, 50.390113509171485, 84.54277486000207, 12.000000000000002
78.4784784784785, 21.308727107673104, 50.38277476957992, 84.54368897808935, 12.000000000000002
78.57857857857859, 21.30824702184502, 50.375503769040655, 84.54460304744778, 12.000000000000002
78.67867867867868, 21.307772114675227, 50.36829991823225, 84.5455170686085, 12.000000000000002
78.77877877877879, 21.30730234632188, 50.361162633050256, 84.54643104209991, 12.000000000000002
78.87887887887888, 21.30683767098506, 50.354091338885524, 84.5473449684468, 12.000000000000002
78.97897897897899, 21.306378045467877, 50.34708546246042, 84.54825884817117, 12.000000000000002
79.07907907907908, 21.305923428156092, 50.34014443866389, 84.54917268178761, 12.000000000000002
79.17917917917919, 21.305473776589157, 50.333267702576556, 84.55008646981102, 12.000000000000002
79.27927927927928, 21.305029051479206, 50.32645469995654, 84.55100021274585, 12.000000000000002
79.37937937937939, 21.304589213464865, 50.31970487632311, 84.55191391109669, 12.000000000000002
79.47947947947948, 21.3041542226733, 50.31301768414106, 84.55282756536303, 12.000000000000002
79.57957957957959, 21.303724039301827, 50.30639258383129, 84.55374117603795, 12.000000000000002
79.67967967967968, 21.303298623642632, 50.29982903423906, 84.55465474361574, 12.000000000000002
79.77977977977979, 21.302877936534184, 50.293326507615575, 84.55556826857963, 12.000000000000002
79.8798798798799, 21.302461938692893, 50.286884472328474, 84.55648175141607, 12.000000000000002
79.97997997997999, 21.302050592003095, 50.280502409257224, 84.55739519260067, 12.000000000000002
80.08008008008008, 21.30164385832239, 50.274179798986054, 84.55830859260935, 12.000000000000002
80.18018018018017, 21.3012416996069, 50.26791612432315, 84.55922195191616, 12.000000000000002
80.2802802802803, 21.300844078791005, 50.2617108820856, 84.56013527098325, 12.000000000000002
80.38038038038039, 21.300450958377073, 50.25556356292894, 84.56104855027806, 12.000000000000002
80.48048048048048, 21.300062301575604, 50.24947366928834, 84.56196179025804, 12.000000000000002
80.58058058058057, 21.2996780718038, 50.24344070701372, 84.56287499137775, 12.000000000000002
80.6806806806807, 21.299298232614834, 50.23746418350703, 84.56378815409045, 12.000000000000002
80.78078078078079, 21.298922747756, 50.23154360903233, 84.56470127884691, 12.000000000000002
80.88088088088088, 21.298551581803874, 50.225678506079994, 84.56561436608752, 12.000000000000002
80.98098098098099, 21.298184699418623, 50.21986839684451, 84.56652741625271, 12.000000000000002
81.08108108108108, 21.297822065892404, 50.214112812258065, 84.56744042977543, 12.000000000000002
81.18118118118119, 21.297463646142038, 50.20841127889798, 84.56835340709253, 12.000000000000002
81.28128128128128, 21.29710940542924, 50.20276332834804, 84.56926634863646, 12.000000000000002
81.38138138138139, 21.296759309360656, 50.197168497198525, 84.5701792548355, 12.000000000000002
81.48148148148148, 21.296413323887858, 50.191626327046144, 84.57109212611363, 12.000000000000002
81.58158158158159, 21.29607141530733, 50.18613636449409, 84.57200496289055, 12.000000000000002
81.6816816816817, 21.295733550260493, 50.180698161152016, 84.57291776558169, 12.000000000000002
81.78178178178179, 21.295399695733675, 50.17531127363606, 84.57383053459824, 12.000000000000002
81.88188188188188, 21.295069819058124, 50.169975263568794, 84.57474327034706, 12.000000000000002
81.98198198198199, 21.29474388748944, 50.1646896929705, 84.57565597323449, 12.000000000000002
82.0820820820821, 21.294421867661036, 50.15945411827006, 84.57656864367112, 12.000000000000002
82.18218218218219, 21.29410372737841, 50.154268109967155, 84.57748128205598, 12.000000000000002
82.28228228228228, 21.293789434808744, 50.1491312437517, 84.57839388878365, 12.000000000000002
82.38238238238237, 21.29347895842066, 50.144043099843444, 84.57930646424487, 12.000000000000002
82.4824824824825, 21.293172266984197, 50.139003262991906, 84.5802190088264, 12.000000000000002
82.58258258258259, 21.292869329570806, 50.13401132247638, 84.58113152291125, 12.000000000000002
82.68268268268268, 21.292570115553367, 50.12906687210596, 84.58204400687843, 12.000000000000002
82.78278278278279, 21.292274594606184, 50.12416951021952, 84.58295646110311, 12.000000000000002
82.8828828828829, 21.29198273670498, 50.119318839685704, 84.58386888595658, 12.000000000000002
82.98298298298299, 21.291694511890487, 50.114514465015645, 84.58478128180856, 12.000000000000002
83.08308308308308, 21.291409888594426, 50.109755971918034, 84.5856936490442, 12.000000000000002
83.18318318318319, 21.291128836549206, 50.105042962835476, 84.58660598803468, 12.000000000000002
83.28328328328328, 21.29085132609192, 50.100375048444086, 84.58751829914416, 12.000000000000002
83.38338338338339, 21.29057732779197, 50.09575184310557, 84.58843058273375, 12.000000000000002
83.48348348348348, 21.290306812451046, 50.09117296486733, 84.58934283916123, 12.000000000000002
83.58358358358359, 21.29003975110315, 50.08663803546238, 84.59025506878129, 12.000000000000002
83.68368368368368, 21.289776115014597, 50.08214668030939, 84.59116727194537, 12.000000000000002
83.78378378378379, 21.289515875683993, 50.07769852851271, 84.5920794490017, 12.000000000000002
83.8838838838839, 21.289259004842254, 50.073293212862296, 84.59299160029539, 12.000000000000002
83.98398398398399, 21.289005474467395, 50.068930369776446, 84.59390372616836, 12.000000000000002
84.08408408408408, 21.28875525798141, 50.06460963466703, 84.59481582696198, 12.000000000000002
84.18418418418419, 21.288508330024353, 50.06033064281418, 84.59572790301657, 12.000000000000002
84.2842842842843, 21.288264665459742, 50.05609303339395, 84.59663995466917, 12.000000000000002
84.38438438438439, 21.28802423827208, 50.05189645468577, 84.5975519822503, 12.000000000000002
84.48448448448448, 21.287787022968413, 50.047740557724715, 84.59846398608772, 12.000000000000002
84.58458458458459, 21.28755299308906, 50.04362499579749, 84.59937596650795, 12.000000000000002
84.6846846846847, 21.28732212061806, 50.039549424356444, 84.60028792383662, 12.000000000000002
84.78478478478479, 21.287094377775425, 50.035513502633975, 84.60119985839603, 12.000000000000002
84.88488488488488, 21.2868697389516, 50.03151689235141, 84.60211177050493, 12.000000000000002
84.98498498498499, 21.286648178770207, 50.02755925823253, 84.60302366047945, 12.000000000000002
85.08508508508508, 21.286429671859718, 50.02364026692282, 84.603935528634, 12.000000000000002
85.18518518518519, 21.2862141939415, 50.01975959187073, 84.60484737527656, 12.000000000000002
85.28528528528528, 21.28600172018531, 50.015916903533764, 84.60575920071797, 12.000000000000002
85.38538538538539, 21.28579222557177, 50.0121118803376, 84.60667100526248, 12.000000000000002
85.48548548548548, 21.285585685050297, 50.008344200748105, 84.60758278921438, 12.000000000000002
85.58558558558559, 21.28538207403528, 50.004613545814884, 84.60849455287534, 12.000000000000002
85.6856856856857, 21.285181368363176, 50.00091960240828, 84.6094062965419, 12.000000000000002
85.78578578578579, 21.284983543720394, 49.997262055046896, 84.61031802051262, 12.000000000000002
85.88588588588588, 21.28478857666654, 49.993640596224324, 84.61122972507879, 12.000000000000002
85.98598598598599, 21.28459644370634, 49.99005491793065, 84.61214141053208, 12.000000000000002
86.0860860860861, 21.284407121437393, 49.98650471466154, 84.61305307716196, 12.000000000000002
86.18618618618619, 21.284220586842878, 49.98298968700734, 84.61396472525254, 12.000000000000002
86.28628628628628, 21.284036816742354, 49.9795095329608, 84.61487635509015, 12.000000000000002
86.38638638638639, 21.283855788465488, 49.97606395845727, 84.61578796695406, 12.000000000000002
86.4864864864865, 21.283677479270764, 49.97265266832376, 84.61669956112449, 12.000000000000002
86.58658658658659, 21.283501866677483, 49.96927537056083, 84.61761113787884, 12.000000000000002
86.68668668668668, 21.283328928596124, 49.96593177822559, 84.61852269748981, 12.000000000000002
86.78678678678679, 21.283158642894634, 49.96262160392734, 84.6194342402306, 12.000000000000002
86.8868868868869, 21.282990987527327, 49.95934456143761, 84.62034576637335, 12.000000000000002
86.98698698698699, 21.28282594104124, 49.95610037249994, 84.6212572761829, 12.000000000000002
87.08708708708708, 21.282663482020467, 49.95288875881507, 84.62216876992414, 12.000000000000002
87.18718718718719, 21.282503589410595, 49.94970944677118, 84.6230802478576, 12.000000000000002
87.28728728728728, 21.282346241907124, 49.946562159826115, 84.62399171024661, 12.000000000000002
87.38738738738739, 21.28219141841281, 49.943446624204256, 84.62490315735194, 12.000000000000002
87.4874874874875, 21.28203909803768, 49.94036256889654, 84.62581458943181, 12.000000000000002
87.58758758758759, 21.281889260099, 49.93730972566045, 84.62672600674202, 12.000000000000002
87.68768768768768, 21.281741884121324, 49.934287829020015, 84.6276374095358, 12.000000000000002
87.78778778778779, 21.28159694983644, 49.93129661626585, 84.62854879806385, 12.000000000000002
87.8878878878879, 21.28145443718342, 49.928335827455086, 84.62946017257443, 12.000000000000002
87.98798798798799, 21.281314326308575, 49.92540520541143, 84.63037153331321, 12.000000000000002
88.08808808808809, 21.281176597565484, 49.92250449572511, 84.63128288052341, 12.000000000000002
88.18818818818819, 21.28104123150772, 49.9196334466641, 84.63219421444579, 12.000000000000002
88.2882882882883, 21.280908208272244, 49.91679180164202, 84.63310553532513, 12.000000000000002
88.38838838838839, 21.280777508247656, 49.9139793073811, 84.63401684340332, 12.000000000000002
88.48848848848849, 21.280649112345802, 49.911195717230086, 84.6349281389163, 12.000000000000002
88.58858858858859, 21.280523001665728, 49.90844078705932, 84.6358394220978, 12.000000000000002
88.6886886886887, 21.280399157493694, 49.90571427526069, 84.63675069317921, 12.000000000000002
88.78878878878879, 21.28027756130316, 49.903015942747686, 84.63766195238964, 12.000000000000002
88.88888888888889, 21.280158194754787, 49.900345552955315, 84.63857319995586, 12.000000000000002
88.988988988989, 21.28004103969645, 49.8977028718402, 84.63948443610238, 12.000000000000002
89.0890890890891, 21.279926078163225, 49.89508766788053, 84.64039566105136, 12.000000000000002
89.1891891891892, 21.279813292377398, 49.89249971207604, 84.64130687502272, 12.000000000000002
89.2892892892893, 21.27970266474845, 49.88993877794804, 84.64221807823404, 12.000000000000002
89.3893893893894, 21.27959417765684, 49.88740464127974, 84.64312927090099, 12.000000000000002
89.48948948948949, 21.279487807012543, 49.88489707238001, 84.64404045324805, 12.000000000000002
89.5895895895896, 21.27938352596823, 49.8824158405429, 84.64495162550233, 12.000000000000002
89.6896896896897, 21.279281307828143, 49.879960716914844, 84.64586278788927, 12.000000000000002
89.7897897897898, 21.279181143242187, 49.8775314802007, 84.64677394061616, 12.000000000000002
89.88988988988989, 21.27908302830737, 49.87512791191642, 84.64768508388417, 12.000000000000002
89.98998998999, 21.278986958828305, 49.87274979439123, 84.64859621789397, 12.000000000000002
90.0900900900901, 21.27889291824827, 49.87039691164955, 84.64950734285303, 12.000000000000002
90.1901901901902, 21.27880088870174, 49.868069049851655, 84.6504184589679, 12.000000000000002
90.29029029029029, 21.27871085399114, 49.86576599748488, 84.65132956644197, 12.000000000000002
90.3903903903904, 21.278622792501466, 49.86348754625558, 84.65224066547947, 12.000000000000002
90.4904904904905, 21.278536680309326, 49.86123349033042, 84.65315175628409, 12.000000000000002
90.5905905905906, 21.278452488867924, 49.859003623459344, 84.65406283906306, 12.000000000000002
90.69069069069069, 21.278370216861823, 49.85679774746731, 84.65497391399785, 12.000000000000002
90.7907907907908, 21.2782898429548, 49.854615652321726, 84.65588498129404, 12.000000000000002
90.8908908908909, 21.27821135777614, 49.85245713773928, 84.65679604114045, 12.000000000000002
90.990990990991, 21.278134748198156, 49.85032200514764, 84.65770709372698, 12.000000000000002
91.09109109109109, 21.278060001550976, 49.84821005576594, 84.65861813924343, 12.000000000000002
91.1911911911912, 21.277987102035368, 49.84612109383177, 84.659529177879, 12.000000000000002
91.2912912912913, 21.277916029146084, 49.84405492775025, 84.66044020982254, 12.000000000000002
91.3913913913914, 21.277846765477612, 49.8420113639742, 84.66135123526244, 12.000000000000002
91.4914914914915, 21.27777929651571, 49.83999021340778, 84.66226225438118, 12.000000000000002
91.5915915915916, 21.27771360721911, 49.83799128613502, 84.66317326736234, 12.000000000000002
91.69169169169169, 21.277649675533745, 49.83601429026238, 84.66408427448744, 12.000000000000002
91.7917917917918, 21.27758751124115, 49.83405934945804, 84.66499527563695, 12.000000000000002
91.8918918918919, 21.277527075921835, 49.83212595157122, 84.66590627130476, 12.000000000000002
91.991991991992, 21.277468355609994, 49.8302139301245, 84.66681726165257, 12.000000000000002
92.09209209209209, 21.27741134801626, 49.828323257826966, 84.66772824670691, 12.000000000000002
92.19219219219221, 21.27735603506511, 49.8264537078771, 84.66863922668747, 12.000000000000002
92.2922922922923, 21.27730239927371, 49.82460506091005, 84.66955020180676, 12.000000000000002
92.3923923923924, 21.277250454010392, 49.82277748717095, 84.6704611718999, 12.000000000000002
92.49249249249249, 21.277200122107686, 49.82097000393491, 84.67137213791861, 12.000000000000002
92.5925925925926, 21.277151446573924, 49.819183158911706, 84.67228309933243, 12.000000000000002
92.6926926926927, 21.27710440938235, 49.81741672358966, 84.67319405636299, 12.000000000000002
92.7927927927928, 21.27705899139915, 49.81567045563244, 84.6741050092453, 12.000000000000002
92.89289289289289, 21.2770151768433, 49.81394415457247, 84.67501595817365, 12.000000000000002
92.992992992993, 21.276972949933768, 49.81223761994216, 84.67592690334233, 12.000000000000002
93.0930930930931, 21.276932294889534, 49.81055065127395, 84.6768378449456, 12.000000000000002
93.1931931931932, 21.27689319592956, 49.808883048100235, 84.67774878317772, 12.000000000000002
93.2932932932933, 21.276855637272824, 49.807234609953454, 84.67865971823302, 12.000000000000002
93.3933933933934, 21.276819605000483, 49.805605159837796, 84.6795706502831, 12.000000000000002
93.4934934934935, 21.276785093842058, 49.80399462976559, 84.68048157939475, 12.000000000000002
93.5935935935936, 21.276752092327104, 49.802402873601736, 84.6813925057099, 12.000000000000002
93.6936936936937, 21.276720587832713, 49.8008297306851, 84.6823034293845, 12.000000000000002
93.7937937937938, 21.27669056773598, 49.79927504035456, 84.68321435057449, 12.000000000000002
93.89389389389389, 21.276662019414005, 49.79773864194897, 84.68412526943584, 12.000000000000002
93.99399399399401, 21.276634930243876, 49.79622037480719, 84.68503618612448, 12.000000000000002
94.0940940940941, 21.276609287610462, 49.79472007839019, 84.68594710079624, 12.000000000000002
94.1941941941942, 21.27658508038006, 49.79323761545134, 84.68685801358515, 12.000000000000002
94.29429429429429, 21.276562297478154, 49.791772849674764, 84.68776892462436, 12.000000000000002
94.39439439439441, 21.27654092691436, 49.79032563034415, 84.68867983406051, 12.000000000000002
94.4944944944945, 21.276520956698278, 49.78889580674321, 84.68959074204021, 12.000000000000002
94.5945945945946, 21.276502374839506, 49.787483228155615, 84.6905016487101, 12.000000000000002
94.69469469469469, 21.276485169347648, 49.78608774386507, 84.69141255421681, 12.000000000000002
94.7947947947948, 21.276469328232313, 49.78470920315524, 84.692323458707, 12.000000000000002
94.8948948948949, 21.276454847449408, 49.78334757611024, 84.69323436221362, 12.000000000000002
94.994994994995, 21.27644169853967, 49.78200246165286, 84.69414526511885, 12.000000000000002
95.0950950950951, 21.276429882691808, 49.78067390941642, 84.69505616738084, 12.000000000000002
95.1951951951952, 21.276419388087568, 49.77936177130156, 84.69596706914378, 12.000000000000002
95.2952952952953, 21.276410202990164, 49.77806590044751, 84.69687797055064, 12.000000000000002
95.3953953953954, 21.276402315744303, 49.77678615123205, 84.6977888717433, 12.000000000000002
95.4954954954955, 21.276395714776147, 49.77552237927156, 84.69869977286241, 12.000000000000002
95.5955955955956, 21.2763903886133, 49.774274441693244, 84.69961067404722, 12.000000000000002
95.6956956956957, 21.27638632712481, 49.77304221404947, 84.70052157541946, 12.000000000000002
95.7957957957958, 21.276383520068435, 49.77182557050196, 84.70143247710223, 12.000000000000002
95.8958958958959, 21.27638195667172, 49.77062437810713, 84.70234337922537, 12.000000000000002
95.995995995996, 21.27638162627545, 49.76943850559333, 84.70325428191714, 12.000000000000002
96.09609609609609, 21.27638251833366, 49.76826782336087, 84.70416518530422, 12.000000000000002
96.19619619619621, 21.276384622413627, 49.76711220348207, 84.70507608951172, 12.000000000000002
96.2962962962963, 21.276387928195877, 49.76597151970118, 84.70598699466319, 12.000000000000002
96.3963963963964, 21.27639242547419, 49.764845647434456, 84.7068979008806, 12.000000000000002
96.49649649649649, 21.27639810415558, 49.763734463770106, 84.7078088082843, 12.000000000000002
96.59659659659661, 21.276404954260318, 49.762637847468326, 84.7087197169931, 12.000000000000002
96.6966966966967, 21.276412965921914, 49.76155567896125, 84.70963062712426, 12.000000000000002
96.7967967967968, 21.276422129387132, 49.760487840353036, 84.71054153879336, 12.000000000000002
96.8968968968969, 21.27643243501598, 49.759434215419766, 84.71145245211451, 12.000000000000002
96.996996996997, 21.27644387755555, 49.75839468508251, 84.71236336720126, 12.000000000000002
97.0970970970971, 21.276456461641715, 49.75736912157968, 84.71327428416798, 12.000000000000002
97.1971971971972, 21.276470190636072, 49.75635740029138, 84.71418520312714, 12.000000000000002
97.2972972972973, 21.27648506652069, 49.75535939768535, 84.71509612419115, 12.000000000000002
97.3973973973974, 21.276501062407448, 49.754375005614605, 84.71600704747873, 12.000000000000002
97.4974974974975, 21.27651815342519, 49.75340411516645, 84.71691797310785, 12.000000000000002
97.5975975975976, 21.276536313185428, 49.752446618559084, 84.71782890119651, 12.000000000000002
97.6976976976977, 21.27655552846669, 49.751502404392156, 84.71873983185684, 12.000000000000002
97.7977977977978, 21.276575790446422, 49.75057136078798, 84.71965076519824, 12.000000000000002
97.8978978978979, 21.27659708546629, 49.7496533787, 84.72056170133105, 12.000000000000002
97.99799799799801, 21.27661940634089, 49.748748348318614, 84.72147264036171, 12.000000000000002
98.0980980980981, 21.276642759365743, 49.74785615711023, 84.72238358238984, 12.000000000000002
98.1981981981982, 21.27666714963719, 49.74697669392499, 84.72329452751462, 12.000000000000002
98.29829829829829, 21.27669258888988, 49.7461098443811, 84.72420547583354, 12.000000000000002
98.39839839839841, 21.276719042611422, 49.74525551630138, 84.72511642745606, 12.000000000000002
98.4984984984985, 21.276746512812373, 49.74441359595244, 84.72602738248581, 12.000000000000002
98.5985985985986, 21.276774983283467, 49.74358398260092, 84.72693834102732, 12.000000000000002
98.69869869869869, 21.276804436336207, 49.74276657617454, 84.72784930318551, 12.000000000000002
98.79879879879881, 21.276834853877354, 49.74196127678196, 84.72876026906542, 12.000000000000002
98.8988988988989, 21.276866225435764, 49.74116798329026, 84.72967123876795, 12.000000000000002
98.998998998999, 21.276898556318713, 49.740386592279144, 84.73058221238509, 12.000000000000002
99.0990990990991, 21.276931844054015, 49.7396170017615, 84.73149319001294, 12.000000000000002
99.1991991991992, 21.27696608115278, 49.738859113481695, 84.73240417174772, 12.000000000000002
99.2992992992993, 21.277001241196245, 49.73811262916273, 84.73331515788408, 12.000000000000002
99.3993993993994, 21.277037370347845, 49.73737801391408, 84.73422614795902, 12.000000000000002
99.4994994994995, 21.277074409863204, 49.73665468314239, 84.73513714255498, 12.000000000000002
99.5995995995996, 21.27711235801531, 49.73594260960677, 84.73604814169838, 12.000000000000002
99.6996996996997, 21.27715120952565, 49.73524171004667, 84.73695914547005, 12.000000000000002
99.79979979979981, 21.277190963720408, 49.73455197464896, 84.7378701538796, 12.000000000000002
99.8998998998999, 21.27723160905396, 49.73387325197602, 84.73878116707539, 12.000000000000002
100.0, 21.277273139655755, 49.73320546502712, 84.73969218513288, 12.000000000000002
