0.08842105263157894 6.155778894472361
0.1668421052631579 6.155778894472361
0.24526315789473685 6.155778894472361
0.3236842105263158 6.155778894472361
0.40210526315789474 6.155778894472361
0.48052631578947363 6.155778894472361
0.5589473684210526 6.155778894472361
0.6373684210526316 6.155778894472361
0.7157894736842104 6.155778894472361
0.7942105263157895 6.155778894472361
0.8726315789473684 6.155778894472361
0.9510526315789474 6.155778894472361
1.0294736842105263 6.155778894472361
1.1078947368421053 6.155778894472361
1.1863157894736842 6.155778894472361
1.2647368421052632 6.155778894472361
1.343157894736842 6.155778894472361
1.4215789473684208 6.155778894472361
1.5 6.155778894472361
